trucks_count 1
drones_count 1
customers 100
depot 0 0
Coordinate X Coordinate Y Dronable Demand
X Y Dronable Demand Drone_service Truck_service Lw
-2820.618 -1098.038 1 0.53 60 60 3600
972.488 3052.639 1 1.08 60 60 3600
-432.027 363.382 1 1.31 60 60 3600
-3977.500 -2247.295 1 0.96 60 60 3600
-2371.485 -1586.778 1 0.53 60 60 3600
-1343.989 622.646 1 1.77 60 60 3600
2295.412 -4529.221 1 1.78 60 60 3600
2981.161 -3647.177 1 1.99 60 60 3600
-2476.054 -2577.526 1 0.57 60 60 3600
-2737.083 3931.366 1 0.58 60 60 3600
2637.845 -2625.427 1 1.96 60 60 3600
-3015.030 2648.459 1 0.49 60 60 3600
-1868.873 4946.682 1 1.37 60 60 3600
4667.884 -1372.175 1 1.72 60 60 3600
2114.655 1913.346 1 0.74 60 60 3600
2755.540 -2013.411 1 1.85 60 60 3600
-2919.835 -2011.808 1 0.87 60 60 3600
725.251 -1084.390 1 0.92 60 60 3600
3033.799 -2952.474 1 1.24 60 60 3600
-3463.778 1736.625 1 0.95 60 60 3600
-3514.218 -3856.036 1 1.46 60 60 3600
1516.806 646.663 1 1.95 60 60 3600
-2728.041 1595.204 1 0.54 60 60 3600
-3571.673 4635.821 1 1.46 60 60 3600
-1020.190 -102.314 1 0.49 60 60 3600
-3869.242 -3299.937 1 1.72 60 60 3600
-137.337 862.630 1 0.44 60 60 3600
-2826.909 -515.994 1 0.77 60 60 3600
-2109.341 2953.616 1 1.34 60 60 3600
-1150.554 -680.566 1 1.58 60 60 3600
-3019.322 -4289.360 1 1.03 60 60 3600
-2490.469 4808.824 1 1.19 60 60 3600
761.375 1492.144 1 0.54 60 60 3600
-738.106 -2070.697 1 1.92 60 60 3600
-1652.376 1540.980 1 0.34 60 60 3600
-1204.792 2193.093 1 0.46 60 60 3600
199.931 1317.417 1 1.30 60 60 3600
-4961.680 -2520.485 1 1.44 60 60 3600
-4561.148 -3136.925 1 0.31 60 60 3600
1789.214 -4419.604 1 0.66 60 60 3600
1342.056 -2000.888 1 1.68 60 60 3600
-248.983 1849.838 1 1.77 60 60 3600
768.317 -3615.690 1 1.92 60 60 3600
-4921.534 4416.031 1 1.31 60 60 3600
1555.352 -2918.532 1 1.38 60 60 3600
1079.365 2136.832 1 1.43 60 60 3600
-1093.000 -1179.614 1 1.45 60 60 3600
-914.135 1584.262 1 1.52 60 60 3600
-2998.319 4624.600 1 1.56 60 60 3600
317.231 -148.078 1 1.08 60 60 3600
-1879.109 244.102 1 1.84 60 60 3600
-1563.998 -1520.230 1 1.01 60 60 3600
66.117 -4185.009 1 0.53 60 60 3600
-1415.968 -3512.691 1 0.65 60 60 3600
-4884.921 291.903 1 1.71 60 60 3600
2520.971 -546.837 1 0.28 60 60 3600
555.666 -2042.254 1 1.93 60 60 3600
1416.747 -51.374 1 0.41 60 60 3600
-235.411 -3561.116 1 0.93 60 60 3600
438.356 -2956.926 1 0.32 60 60 3600
-1602.596 4478.582 1 0.40 60 60 3600
-4033.776 3647.934 1 0.55 60 60 3600
4261.953 -1947.109 1 0.74 60 60 3600
-4125.978 -1573.931 1 1.61 60 60 3600
-4275.807 217.185 1 1.07 60 60 3600
-2941.940 -3469.121 1 0.85 60 60 3600
-2392.312 2457.912 1 1.28 60 60 3600
4365.234 -716.545 1 1.38 60 60 3600
-4498.559 3275.892 1 1.57 60 60 3600
2021.518 -656.821 1 1.76 60 60 3600
-1951.160 3913.132 1 0.65 60 60 3600
-2950.846 1124.510 1 0.68 60 60 3600
1532.686 1235.563 1 1.10 60 60 3600
1096.741 924.446 1 1.29 60 60 3600
-1856.713 967.293 1 1.92 60 60 3600
-4144.305 4965.963 1 0.49 60 60 3600
1768.492 -1443.642 1 1.73 60 60 3600
-4127.734 -3842.577 1 0.80 60 60 3600
2167.522 -161.715 1 0.26 60 60 3600
1055.171 -4237.284 1 1.43 60 60 3600
-2895.335 -4994.283 1 1.54 60 60 3600
1503.722 3069.237 1 1.65 60 60 3600
4046.881 -4142.139 1 0.72 60 60 3600
-980.480 -2714.772 1 0.86 60 60 3600
836.045 -263.149 1 1.37 60 60 3600
-1716.124 -479.277 1 0.87 60 60 3600
-2222.207 1819.436 1 1.51 60 60 3600
594.700 -4498.797 1 1.72 60 60 3600
-272.138 -532.188 1 0.35 60 60 3600
-4956.557 2979.146 1 0.84 60 60 3600
2151.071 778.071 1 1.79 60 60 3600
-3540.298 -2747.867 1 1.81 60 60 3600
-4024.932 720.040 1 0.57 60 60 3600
2670.883 -1435.393 1 0.30 60 60 3600
-2764.872 4.144 1 1.05 60 60 3600
3481.934 -1922.719 1 1.94 60 60 3600
-2280.384 -1002.949 1 0.23 60 60 3600
1808.950 2420.052 1 1.74 60 60 3600
-3233.169 3854.366 1 0.32 60 60 3600
-4834.684 1400.472 1 1.20 60 60 3600
