id x_km y_km x_m y_m dronable demand_kg drone_service_sec truck_service_sec deadline_sec
1 4.537944 -6.621489 4537.943614 -6621.488521 1 4.51 60 60 2700
2 -0.666176 -9.368190 -666.176417 -9368.190192 1 3.25 60 60 2700
3 -4.996484 0.628555 -4996.483569 628.555483 1 3.25 60 60 1800
4 2.245170 -5.122041 2245.170154 -5122.040746 1 3.39 60 60 1800
5 7.539537 -5.586075 7539.537064 -5586.074683 1 1.11 60 60 2700
6 3.523970 -6.522262 3523.969693 -6522.261536 0 8.34 60 60 2700
7 -3.659755 -9.972295 -3659.754765 -9972.294890 1 3.19 60 60 3600
8 -6.813710 2.769790 -6813.710234 2769.790151 1 4.38 60 60 2700
9 0.040836 -5.589787 40.835552 -5589.786704 1 1.47 60 60 1800
10 6.556898 7.699952 6556.898090 7699.951779 1 1.30 60 60 3600
11 7.477394 8.990700 7477.393834 8990.700067 1 4.68 60 60 3600
12 -6.640513 9.274728 -6640.512560 9274.727612 1 2.13 60 60 3600
13 8.692606 -0.402153 8692.605662 -402.152851 1 3.45 60 60 2700
14 6.575931 9.146461 6575.930548 9146.461320 0 8.74 60 60 3600
15 -4.553155 -0.141350 -4553.155101 -141.350367 1 4.61 60 60 1800
16 7.783209 -8.990847 7783.208624 -8990.847432 1 4.85 60 60 3600
17 -3.031679 -5.050951 -3031.678616 -5050.951450 1 1.93 60 60 1800
18 9.505504 -7.755639 9505.503619 -7755.639097 1 3.52 60 60 3600
19 -0.115051 -5.054192 -115.050657 -5054.192312 1 2.63 60 60 1800
20 1.004432 9.346171 1004.431599 9346.170601 1 3.36 60 60 2700
21 -9.446879 9.347152 -9446.879356 9347.151715 1 2.95 60 60 3600
22 -6.914617 0.246971 -6914.617025 246.971236 1 3.70 60 60 2700
23 1.142003 6.548491 1142.002859 6548.490653 1 2.77 60 60 1800
24 -5.532450 1.512972 -5532.450414 1512.971834 1 4.55 60 60 1800
25 6.647082 8.597250 6647.081854 8597.250195 1 1.39 60 60 3600
26 -5.177270 -3.662139 -5177.270371 -3662.139354 1 4.63 60 60 1800
27 4.477683 2.996663 4477.683171 2996.663431 0 7.58 60 60 1800
28 5.675404 1.832940 5675.403501 1832.939642 1 1.59 60 60 1800
29 8.432798 2.513890 8432.797605 2513.889814 1 2.91 60 60 2700
30 -7.333258 -8.790023 -7333.257943 -8790.022551 1 3.42 60 60 3600
31 -5.579389 3.158120 -5579.389191 3158.119934 1 2.34 60 60 1800
32 2.287435 0.652209 2287.435251 652.209490 1 3.63 60 60 1800
33 -4.612185 2.788592 -4612.184664 2788.592085 1 1.32 60 60 1800
34 3.584808 4.458562 3584.808087 4458.562023 1 4.23 60 60 1800
35 6.674608 1.120289 6674.608117 1120.288576 0 5.24 60 60 2700
36 7.527872 6.438472 7527.872129 6438.472448 0 6.30 60 60 3600
37 2.512373 -6.055196 2512.372629 -6055.195960 1 2.65 60 60 1800
38 4.269560 -5.266555 4269.559660 -5266.555233 0 9.02 60 60 2700
39 -7.196113 -9.855985 -7196.112905 -9855.985281 1 2.22 60 60 3600
40 2.547368 5.941579 2547.368442 5941.579208 1 4.25 60 60 1800
41 -4.969884 6.080617 -4969.884240 6080.617216 1 2.41 60 60 2700
42 -2.936892 -3.835621 -2936.891952 -3835.621183 1 2.26 60 60 1800
43 3.376765 8.013454 3376.765482 8013.454197 1 4.40 60 60 2700
44 -2.890704 -0.434954 -2890.704017 -434.954292 1 4.34 60 60 1800
45 4.851691 -1.996887 4851.690550 -1996.887341 0 5.91 60 60 1800
46 -7.971381 6.944210 -7971.381446 6944.209604 1 3.13 60 60 3600
47 8.958207 6.704410 8958.207126 6704.409584 1 3.53 60 60 3600
48 3.030529 -9.149183 3030.528807 -9149.183159 1 1.70 60 60 3600
49 -3.645853 -2.580396 -3645.852857 -2580.395542 1 1.09 60 60 1800
50 5.128064 1.979910 5128.064247 1979.910366 1 0.91 60 60 1800
51 3.227018 -4.330908 3227.017678 -4330.908229 0 8.87 60 60 1800
52 5.735145 9.259963 5735.145285 9259.962725 1 1.30 60 60 3600
53 5.761182 -3.878077 5761.181850 -3878.077315 1 1.61 60 60 2700
54 8.144197 -2.999349 8144.196723 -2999.348659 0 8.48 60 60 2700
55 7.123819 -6.309683 7123.818669 -6309.683463 0 6.58 60 60 3600
56 -9.133154 8.482954 -9133.154074 8482.954186 0 7.36 60 60 3600
57 7.480591 7.471511 7480.590626 7471.511252 1 4.82 60 60 3600
58 6.660133 0.125969 6660.133370 125.969373 0 5.54 60 60 1800
59 5.622893 -9.153388 5622.893056 -9153.387633 1 2.51 60 60 3600
60 1.124091 6.028357 1124.090723 6028.357164 1 1.68 60 60 1800
61 -5.021697 -1.986667 -5021.697381 -1986.666988 1 4.52 60 60 1800
62 9.109595 6.153376 9109.595107 6153.375840 1 2.49 60 60 3600
63 0.589170 8.780187 589.169675 8780.187010 1 0.77 60 60 2700
64 2.980887 -2.456700 2980.887297 -2456.700308 0 5.55 60 60 1800
65 6.287071 -3.129042 6287.071385 -3129.041660 1 1.30 60 60 2700
66 2.471997 3.508081 2471.997234 3508.081276 1 4.40 60 60 1800
67 6.653335 3.151473 6653.335400 3151.472711 1 2.03 60 60 2700
68 -8.220847 -7.798196 -8220.847429 -7798.195988 1 3.99 60 60 3600
69 -5.193215 9.479488 -5193.215104 9479.488357 0 8.88 60 60 3600
70 -8.552205 5.177997 -8552.205358 5177.996597 1 3.60 60 60 3600
71 4.237093 1.456925 4237.092653 1456.924987 1 2.59 60 60 1800
72 0.226547 -7.278329 226.546994 -7278.329280 1 2.70 60 60 2700
73 -3.239625 6.695294 -3239.625384 6695.293883 1 4.57 60 60 2700
74 -0.486466 9.498797 -486.465835 9498.796528 1 0.55 60 60 3600
75 2.130833 -3.100930 2130.833301 -3100.929544 0 6.91 60 60 1800
76 -2.477629 -4.547287 -2477.628596 -4547.286925 0 5.71 60 60 1800
77 -3.150052 -2.904417 -3150.051540 -2904.416639 1 1.03 60 60 1800
78 -0.964791 3.703897 -964.791095 3703.896983 0 5.48 60 60 1800
79 -5.266920 -2.508066 -5266.920040 -2508.065889 0 6.77 60 60 1800
80 9.976198 7.715292 9976.197985 7715.291519 1 4.45 60 60 3600
81 7.280179 1.123205 7280.179160 1123.205102 1 1.70 60 60 2700
82 -9.854242 -9.083160 -9854.242095 -9083.159861 1 3.62 60 60 3600
83 6.276284 4.438915 6276.284431 4438.914878 1 4.88 60 60 2700
84 8.292121 3.217621 8292.120718 3217.620735 0 7.10 60 60 2700
85 -0.269908 8.103586 -269.908119 8103.586072 1 4.64 60 60 2700
86 7.314928 -2.128433 7314.927769 -2128.433342 1 2.82 60 60 2700
87 -5.946061 -1.512934 -5946.060961 -1512.934348 1 1.89 60 60 1800
88 -4.619914 -5.364432 -4619.913652 -5364.432063 0 6.06 60 60 2700
89 4.648159 4.211998 4648.159384 4211.998096 1 2.60 60 60 1800
90 0.862912 -5.511134 862.912494 -5511.133871 1 1.48 60 60 1800
91 -4.446633 6.619189 -4446.632581 6619.189222 1 1.32 60 60 2700
92 4.473614 7.258192 4473.614255 7258.192439 1 4.98 60 60 2700
93 -5.138193 -5.436162 -5138.192925 -5436.161502 1 3.10 60 60 2700
94 6.844789 -2.977323 6844.788548 -2977.323051 1 1.92 60 60 2700
95 6.038379 -5.851015 6038.378993 -5851.014973 1 2.30 60 60 2700
96 -3.369660 -6.411990 -3369.660337 -6411.990322 1 1.89 60 60 2700
97 -2.146471 -3.994940 -2146.471418 -3994.939787 1 1.43 60 60 1800
98 8.462622 -8.084037 8462.622118 -8084.037475 0 7.50 60 60 3600
99 8.471806 -3.876238 8471.806274 -3876.238388 1 3.61 60 60 2700
100 -7.497585 1.002204 -7497.585015 1002.204107 1 4.15 60 60 2700
101 -1.291612 -7.876816 -1291.611991 -7876.815993 1 3.52 60 60 2700
102 -2.596780 2.382371 -2596.779998 2382.371434 1 1.35 60 60 1800
103 -3.704416 8.717144 -3704.415532 8717.144007 1 4.21 60 60 2700
104 -4.175677 -6.759663 -4175.677024 -6759.662815 0 7.27 60 60 2700
105 -9.440796 -5.106938 -9440.795955 -5106.937935 1 2.26 60 60 3600
106 -3.108952 -9.294092 -3108.952202 -9294.091692 1 2.22 60 60 3600
107 9.123049 5.555496 9123.048900 5555.495603 1 3.77 60 60 3600
108 7.948181 4.393265 7948.180750 4393.264873 1 2.65 60 60 2700
109 -7.526390 3.181019 -7526.390222 3181.019401 1 2.25 60 60 2700
110 6.288555 2.209160 6288.554648 2209.159533 1 0.63 60 60 1800
111 9.642141 -6.035468 9642.141123 -6035.468319 1 1.50 60 60 3600
112 -8.848068 -4.749097 -8848.068225 -4749.097343 1 1.70 60 60 3600
113 -9.414089 -3.185790 -9414.089270 -3185.789729 1 1.43 60 60 3600
114 1.452410 -6.278864 1452.410209 -6278.864077 0 6.20 60 60 1800
115 -8.826791 -6.095100 -8826.791186 -6095.100261 1 2.95 60 60 3600
116 1.214926 3.416342 1214.926424 3416.342138 1 2.96 60 60 1800
117 -9.350285 -6.293143 -9350.284980 -6293.142788 1 0.55 60 60 3600
118 5.621769 -4.507762 5621.768807 -4507.762463 1 4.27 60 60 2700
119 1.558440 2.251862 1558.440199 2251.862346 1 0.92 60 60 1800
120 1.084626 8.222548 1084.626321 8222.548188 1 3.23 60 60 2700
121 9.963163 1.746872 9963.162607 1746.872062 1 4.86 60 60 3600
122 -5.258964 4.290202 -5258.963894 4290.202189 0 5.85 60 60 2700
123 -6.026249 -5.881180 -6026.248887 -5881.180213 1 1.44 60 60 2700
124 -6.449006 -7.787536 -6449.006121 -7787.536404 1 2.46 60 60 3600
125 3.822484 8.965996 3822.484117 8965.996354 1 2.53 60 60 3600
126 5.532269 -2.857702 5532.268747 -2857.702024 1 3.68 60 60 1800
127 7.848020 -6.649679 7848.020323 -6649.679434 0 6.78 60 60 3600
128 -2.023691 3.271795 -2023.690754 3271.795325 1 1.05 60 60 1800
129 -0.277083 4.963428 -277.082991 4963.427611 1 4.82 60 60 1800
130 -8.985645 6.275547 -8985.644993 6275.547222 1 4.47 60 60 3600
131 -8.373512 7.781616 -8373.512202 7781.616282 0 8.09 60 60 3600
132 -0.805690 2.223498 -805.690258 2223.497594 1 1.91 60 60 1800
133 1.008957 0.876406 1008.956879 876.405652 1 1.59 60 60 1800
134 1.054769 -3.993424 1054.768570 -3993.423654 1 2.25 60 60 1800
135 5.855118 4.105384 5855.118002 4105.383999 1 1.06 60 60 2700
136 -6.046799 -0.570820 -6046.799219 -570.819537 1 4.90 60 60 1800
137 9.722890 2.994165 9722.890032 2994.164527 1 3.96 60 60 3600
138 -8.699589 -8.463609 -8699.589187 -8463.608587 1 2.40 60 60 3600
139 8.537064 0.472328 8537.063936 472.327804 1 4.17 60 60 2700
140 7.683649 -0.326763 7683.649016 -326.763000 1 2.08 60 60 2700
141 -1.047883 -4.333265 -1047.882573 -4333.265176 1 1.92 60 60 1800
142 8.559906 -5.311475 8559.905804 -5311.474589 1 1.15 60 60 3600
143 9.623853 5.999222 9623.852834 5999.221899 1 4.55 60 60 3600
144 -7.136700 3.672470 -7136.700306 3672.470039 1 4.59 60 60 2700
145 -2.261041 4.694681 -2261.041003 4694.680850 1 3.44 60 60 1800
146 -5.328458 -6.491176 -5328.458447 -6491.176263 1 0.56 60 60 2700
147 3.022143 1.947096 3022.143434 1947.095556 1 3.90 60 60 1800
148 -3.782998 6.417836 -3782.997635 6417.836321 1 2.99 60 60 2700
149 5.384573 7.590232 5384.573153 7590.232330 1 3.62 60 60 2700
150 2.768926 -0.839830 2768.925791 -839.829520 1 2.78 60 60 1800
151 -2.139531 9.877339 -2139.530632 9877.339363 1 2.72 60 60 3600
152 -2.558892 0.376556 -2558.891757 376.556310 1 3.81 60 60 1800
153 7.806518 2.437201 7806.518432 2437.201480 0 5.69 60 60 2700
154 5.610851 -1.988620 5610.851250 -1988.619652 1 2.63 60 60 1800
155 -6.196324 -4.134794 -6196.324424 -4134.794269 1 3.85 60 60 2700
156 3.216413 -2.986784 3216.413171 -2986.783733 1 2.73 60 60 1800
157 -8.073545 1.557757 -8073.544690 1557.757341 1 2.52 60 60 2700
158 7.053372 -7.493397 7053.371532 -7493.397155 1 4.88 60 60 3600
159 2.405702 -7.655576 2405.701880 -7655.576194 0 6.63 60 60 2700
160 1.063547 -8.873816 1063.547075 -8873.815703 1 3.52 60 60 2700
161 -7.432023 -8.190447 -7432.022737 -8190.446639 1 1.17 60 60 3600
162 6.939580 1.844023 6939.579677 1844.023225 1 3.26 60 60 2700
163 5.148002 9.456291 5148.002212 9456.290521 1 1.48 60 60 3600
164 -3.656479 -5.567509 -3656.478571 -5567.509343 1 3.61 60 60 1800
165 -7.841749 -8.572746 -7841.748905 -8572.745614 1 4.38 60 60 3600
166 3.139923 -9.952304 3139.923381 -9952.303871 0 8.98 60 60 3600
167 8.926034 7.625701 8926.033876 7625.700737 1 2.10 60 60 3600
168 -2.464161 1.666902 -2464.161063 1666.902499 1 2.14 60 60 1800
169 9.911298 -7.153536 9911.298410 -7153.535566 0 7.14 60 60 3600
170 9.992554 3.925601 9992.554088 3925.600949 1 1.05 60 60 3600
171 1.730302 9.417356 1730.301745 9417.355702 1 3.58 60 60 3600
172 -0.004357 7.156540 -4.356714 7156.539532 0 7.22 60 60 2700
173 -9.822154 -5.690766 -9822.153532 -5690.765536 0 9.61 60 60 3600
174 -0.451009 2.888498 -451.009428 2888.498012 1 3.91 60 60 1800
175 2.776077 9.340437 2776.076756 9340.436982 0 5.81 60 60 3600
176 -6.495773 2.216485 -6495.773078 2216.485087 1 3.70 60 60 2700
177 1.934840 -7.210273 1934.840434 -7210.273090 1 4.82 60 60 2700
178 -6.737908 -0.256302 -6737.908056 -256.301886 1 1.73 60 60 1800
179 8.102409 -7.702817 8102.408648 -7702.817166 0 6.58 60 60 3600
180 -9.856477 4.475469 -9856.476614 4475.468642 0 7.87 60 60 3600
181 5.157202 8.630764 5157.202314 8630.764012 0 5.60 60 60 3600
182 8.972357 -6.692346 8972.357206 -6692.345967 0 5.84 60 60 3600
183 -2.348882 8.161628 -2348.881695 8161.628236 1 4.01 60 60 2700
184 -2.265755 -2.029033 -2265.755348 -2029.032702 1 3.20 60 60 1800
185 5.017642 5.988301 5017.641964 5988.301324 0 7.40 60 60 2700
186 -7.616153 -2.685531 -7616.152565 -2685.530657 1 2.50 60 60 2700
187 6.517873 4.914798 6517.873303 4914.797665 1 3.57 60 60 2700
188 2.774378 1.031660 2774.377815 1031.659797 1 4.76 60 60 1800
189 6.501151 -9.814169 6501.151001 -9814.169343 0 6.17 60 60 3600
190 5.093067 -0.785558 5093.066812 -785.557569 1 4.33 60 60 1800
191 -6.660219 -5.930002 -6660.219102 -5930.002417 1 2.80 60 60 2700
192 9.329068 8.923726 9329.068244 8923.725746 0 9.47 60 60 3600
193 2.713277 4.277147 2713.277391 4277.146752 1 1.13 60 60 1800
194 -4.333507 1.986577 -4333.507216 1986.577438 1 1.36 60 60 1800
195 -8.791821 5.756772 -8791.821419 5756.772047 1 3.18 60 60 3600
196 -7.827510 -6.572917 -7827.509802 -6572.917264 1 4.25 60 60 3600
197 -9.068695 -2.737538 -9068.694776 -2737.538105 1 4.86 60 60 2700
198 -7.642599 -0.950122 -7642.599407 -950.121882 1 4.40 60 60 2700
199 1.102571 -0.082295 1102.571215 -82.294597 1 4.15 60 60 1800
200 -6.707994 -3.332395 -6707.994333 -3332.395496 1 1.13 60 60 2700
