id x_km y_km x_m y_m dronable demand_kg drone_service_sec truck_service_sec deadline_sec
1 2.701982 8.733134 2701.982444 8733.133873 1 1.55 60 60 2700
2 4.423641 5.184112 4423.640644 5184.112413 1 2.74 60 60 2700
3 8.036947 -0.209622 8036.947256 -209.621939 0 9.73 60 60 2700
4 8.081079 5.019778 8081.079340 5019.778130 1 0.93 60 60 3600
5 9.183857 7.687036 9183.857084 7687.036278 1 0.62 60 60 3600
6 -4.342328 -9.750663 -4342.328140 -9750.662718 1 3.21 60 60 3600
7 9.085464 -0.731686 9085.464305 -731.686214 1 3.88 60 60 2700
8 9.909991 5.391230 9909.990812 5391.230390 1 4.64 60 60 3600
9 -1.253982 0.763006 -1253.982488 763.005916 1 0.57 60 60 1800
10 6.716438 -3.007532 6716.438257 -3007.531542 1 3.94 60 60 2700
11 -4.273550 4.072245 -4273.550269 4072.244792 1 4.66 60 60 1800
12 6.934320 -6.984114 6934.319892 -6984.114342 1 3.11 60 60 3600
13 4.656331 9.484807 4656.331091 9484.807136 1 1.84 60 60 3600
14 3.728938 -4.094647 3728.937883 -4094.647382 1 1.80 60 60 1800
15 0.461855 9.533258 461.855494 9533.258075 1 0.69 60 60 3600
16 2.244918 4.381570 2244.918473 4381.569703 1 1.48 60 60 1800
17 -0.374511 -4.634810 -374.510647 -4634.809836 1 2.03 60 60 1800
18 7.879543 7.755806 7879.543073 7755.805730 0 6.38 60 60 3600
19 9.364357 -4.753899 9364.357351 -4753.899442 0 5.31 60 60 3600
20 -1.865660 -7.837908 -1865.660093 -7837.907801 1 1.59 60 60 2700
21 -5.728748 2.024564 -5728.747548 2024.564182 1 4.81 60 60 1800
22 0.860620 4.694397 860.620068 4694.396979 0 8.44 60 60 1800
23 -0.592911 -0.125246 -592.911053 -125.246363 0 7.45 60 60 1800
24 -7.642736 -9.816885 -7642.735787 -9816.885432 1 1.83 60 60 3600
25 8.577201 -9.336176 8577.201348 -9336.176077 1 0.70 60 60 3600
26 9.534961 -8.811297 9534.960594 -8811.296623 0 9.97 60 60 3600
27 -0.482680 3.382295 -482.680195 3382.294537 1 2.76 60 60 1800
28 1.150446 -8.652808 1150.446194 -8652.808191 1 2.96 60 60 2700
29 8.876291 -4.574572 8876.290817 -4574.572415 1 1.07 60 60 3600
30 -1.464030 -4.164254 -1464.029712 -4164.253560 1 4.78 60 60 1800
31 -1.281075 1.922005 -1281.074895 1922.005170 1 3.67 60 60 1800
32 5.980225 -5.858083 5980.224677 -5858.082830 1 2.48 60 60 2700
33 7.814347 -3.005029 7814.347471 -3005.028799 1 1.90 60 60 2700
34 -1.495626 -1.488711 -1495.625631 -1488.711316 1 1.06 60 60 1800
35 8.366215 6.318762 8366.215456 6318.761996 0 9.96 60 60 3600
36 -3.255283 0.171331 -3255.283103 171.330771 0 8.85 60 60 1800
37 -0.199519 0.910566 -199.518565 910.566463 0 6.42 60 60 1800
38 2.596308 -7.847170 2596.308413 -7847.170123 1 2.12 60 60 2700
39 4.157025 -5.652241 4157.024831 -5652.240614 1 0.69 60 60 2700
40 9.153099 5.894431 9153.099103 5894.431296 1 3.69 60 60 3600
41 -6.328777 2.084251 -6328.777118 2084.250504 1 0.92 60 60 2700
42 6.592465 2.134253 6592.464819 2134.252525 1 2.91 60 60 2700
43 6.780150 -5.388912 6780.150069 -5388.911599 1 2.93 60 60 2700
44 2.656785 9.834044 2656.784588 9834.043975 1 4.08 60 60 3600
45 -3.319013 6.907796 -3319.013200 6907.796186 1 2.94 60 60 2700
46 2.906895 6.324006 2906.894848 6324.005880 1 2.71 60 60 2700
47 -8.310533 0.780857 -8310.532912 780.856677 1 3.22 60 60 2700
48 -4.741024 -5.307819 -4741.023946 -5307.818968 0 5.70 60 60 2700
49 7.858152 8.296630 7858.152020 8296.629521 1 4.91 60 60 3600
50 -7.852882 -5.601221 -7852.882118 -5601.220897 1 1.46 60 60 3600
51 2.380123 -4.559293 2380.123394 -4559.292716 1 0.83 60 60 1800
52 -9.721521 5.343426 -9721.521086 5343.425975 1 0.97 60 60 3600
53 7.208845 7.700433 7208.844826 7700.432650 1 4.75 60 60 3600
54 1.676034 -8.011288 1676.033700 -8011.288398 1 0.55 60 60 2700
55 -3.313818 1.729683 -3313.817632 1729.682752 1 2.35 60 60 1800
56 -2.528218 -5.278049 -2528.217506 -5278.049059 1 0.85 60 60 1800
57 3.394327 2.589876 3394.326881 2589.875904 1 1.30 60 60 1800
58 2.064502 2.993299 2064.501534 2993.298554 1 2.20 60 60 1800
59 -6.210128 -0.647320 -6210.128361 -647.319675 1 0.85 60 60 1800
60 -3.021636 4.626358 -3021.635694 4626.358027 0 7.58 60 60 1800
61 -6.972055 9.741275 -6972.054869 9741.275003 0 7.00 60 60 3600
62 1.549790 -2.873167 1549.789622 -2873.167307 1 2.47 60 60 1800
63 -9.648709 -2.846488 -9648.708694 -2846.488074 1 2.05 60 60 3600
64 -8.893196 2.670552 -8893.196372 2670.551997 1 4.65 60 60 3600
65 5.581043 5.476412 5581.042599 5476.411540 1 3.66 60 60 2700
66 -7.525112 9.981244 -7525.112290 9981.243619 1 3.84 60 60 3600
67 -8.994898 3.176264 -8994.898315 3176.264323 1 0.82 60 60 3600
68 2.152858 2.250190 2152.858416 2250.189786 1 4.97 60 60 1800
69 -3.290971 7.425625 -3290.970914 7425.625185 1 1.60 60 60 2700
70 7.724359 9.428663 7724.358650 9428.662712 1 0.76 60 60 3600
71 -8.255846 2.371802 -8255.845715 2371.801647 1 4.85 60 60 2700
72 -6.342374 -8.760111 -6342.373507 -8760.110706 1 1.82 60 60 3600
73 -6.644251 0.495881 -6644.250708 495.881238 1 1.28 60 60 2700
74 -0.112183 -1.621048 -112.183109 -1621.047571 1 2.85 60 60 1800
75 5.807143 3.760792 5807.142566 3760.791791 1 1.82 60 60 2700
76 -8.386426 5.697254 -8386.425773 5697.253636 0 9.94 60 60 3600
77 -1.410532 -0.051186 -1410.531727 -51.185817 1 4.84 60 60 1800
78 1.438045 -9.258449 1438.045193 -9258.449019 0 7.26 60 60 3600
79 7.148570 -3.283996 7148.569590 -3283.995604 1 3.50 60 60 2700
80 -9.482888 1.290883 -9482.888355 1290.883489 0 5.47 60 60 3600
81 8.909910 -8.764130 8909.910366 -8764.129706 1 4.62 60 60 3600
82 -8.947790 0.477229 -8947.789516 477.229189 0 7.51 60 60 2700
83 -7.728577 5.000301 -7728.577432 5000.300993 0 9.73 60 60 2700
84 -1.799803 6.067102 -1799.803185 6067.101612 1 3.23 60 60 1800
85 1.945894 -9.935028 1945.894078 -9935.028239 1 1.22 60 60 3600
86 -5.494233 -7.438637 -5494.232522 -7438.637396 1 3.34 60 60 3600
87 -3.795692 -9.706442 -3795.692083 -9706.441690 1 0.78 60 60 3600
88 -2.354122 -0.673109 -2354.122271 -673.109213 1 1.89 60 60 1800
89 -6.765939 1.736158 -6765.939228 1736.158453 0 6.01 60 60 2700
90 9.834966 -4.465116 9834.965932 -4465.116454 1 4.95 60 60 3600
91 -1.680320 -6.584353 -1680.320303 -6584.352514 1 2.46 60 60 2700
92 5.428077 8.576864 5428.076601 8576.863562 1 0.68 60 60 3600
93 8.011556 4.098397 8011.555959 4098.396777 1 3.93 60 60 2700
94 4.038238 8.411775 4038.238316 8411.774694 0 7.27 60 60 3600
95 0.305307 -9.384054 305.306911 -9384.054161 1 0.87 60 60 3600
96 -7.660377 -0.365861 -7660.377146 -365.861429 1 0.79 60 60 2700
97 6.683311 -1.278220 6683.310682 -1278.220138 1 4.21 60 60 2700
98 -7.780963 2.645454 -7780.962903 2645.454473 1 0.91 60 60 2700
99 8.717551 0.493895 8717.551097 493.895103 1 3.18 60 60 2700
100 6.035446 2.750254 6035.445586 2750.254149 0 9.36 60 60 2700
101 -9.053453 -2.510621 -9053.452909 -2510.621188 1 2.60 60 60 3600
102 -2.713164 7.951173 -2713.164449 7951.173296 1 3.82 60 60 2700
103 -2.144225 -9.812907 -2144.224515 -9812.906833 0 7.93 60 60 3600
104 6.624997 8.378218 6624.996521 8378.217736 1 2.83 60 60 3600
105 -8.080799 -1.953665 -8080.799470 -1953.665409 1 2.78 60 60 2700
106 1.107831 0.887502 1107.830530 887.501952 1 4.97 60 60 1800
107 7.890853 -5.923526 7890.852527 -5923.526226 0 8.24 60 60 3600
108 8.389348 8.401911 8389.347518 8401.911162 1 3.37 60 60 3600
109 -3.806692 -0.673270 -3806.691666 -673.270082 0 8.14 60 60 1800
110 8.507523 5.622318 8507.522631 5622.318493 1 3.23 60 60 3600
111 -9.195815 -1.807438 -9195.815389 -1807.437597 1 4.26 60 60 3600
112 -5.034557 -2.135881 -5034.557496 -2135.881297 1 1.72 60 60 1800
113 -8.656305 -3.827090 -8656.305226 -3827.089837 1 1.34 60 60 3600
114 2.290710 -8.418069 2290.710419 -8418.068697 1 1.27 60 60 2700
115 -9.679469 -6.052508 -9679.469228 -6052.508495 0 6.80 60 60 3600
116 -1.672186 4.471148 -1672.186094 4471.147790 1 1.21 60 60 1800
117 -9.761734 4.331326 -9761.733662 4331.326370 1 2.49 60 60 3600
118 -2.285740 1.987857 -2285.740431 1987.856590 1 1.03 60 60 1800
119 3.588518 -7.806078 3588.517979 -7806.077503 1 0.60 60 60 2700
120 1.817578 9.549015 1817.578317 9549.014750 1 1.67 60 60 3600
121 -6.517274 5.602370 -6517.273909 5602.370129 0 7.74 60 60 2700
122 5.681274 -7.015216 5681.273798 -7015.216244 1 3.48 60 60 2700
123 3.684974 3.656340 3684.973709 3656.340328 1 1.21 60 60 1800
124 7.651510 1.633204 7651.509720 1633.204282 1 4.99 60 60 2700
125 -0.118273 -7.195199 -118.272707 -7195.199177 1 3.89 60 60 2700
126 -3.635539 -4.491168 -3635.538843 -4491.168021 1 1.21 60 60 1800
127 -3.700578 -6.623053 -3700.577601 -6623.053039 1 2.80 60 60 2700
128 -2.540432 0.026466 -2540.432027 26.466328 1 2.48 60 60 1800
129 -4.700302 -1.213725 -4700.301857 -1213.725295 0 6.93 60 60 1800
130 2.619605 -0.906139 2619.604918 -906.139293 1 3.36 60 60 1800
131 -0.206418 1.748389 -206.418366 1748.388973 0 8.63 60 60 1800
132 0.697465 0.176519 697.464931 176.519186 1 0.84 60 60 1800
133 1.937956 -1.882401 1937.955995 -1882.401107 1 1.58 60 60 1800
134 1.552573 9.036512 1552.572529 9036.512224 1 4.24 60 60 2700
135 1.608492 -6.282426 1608.491576 -6282.425831 1 3.88 60 60 1800
136 0.860907 3.859740 860.907286 3859.740192 1 1.41 60 60 1800
137 -6.307033 -1.371669 -6307.032992 -1371.668910 1 4.68 60 60 1800
138 -3.380446 -8.038012 -3380.445967 -8038.012474 1 4.13 60 60 2700
139 -3.266349 9.665490 -3266.349393 9665.489672 1 4.60 60 60 3600
140 -6.881166 -5.516581 -6881.165623 -5516.581451 1 2.62 60 60 2700
141 -2.221209 -6.753514 -2221.209358 -6753.514309 1 2.82 60 60 2700
142 -5.724089 2.663171 -5724.088635 2663.171333 1 2.84 60 60 1800
143 -7.615232 -3.317210 -7615.231869 -3317.210341 1 1.52 60 60 2700
144 -0.352607 5.445520 -352.607454 5445.520225 1 3.55 60 60 1800
145 -1.565317 -3.197385 -1565.317481 -3197.385443 1 4.85 60 60 1800
146 8.175010 2.514587 8175.010131 2514.587422 0 5.89 60 60 2700
147 -6.209982 -2.817721 -6209.981658 -2817.720683 1 2.54 60 60 2700
148 -6.463015 9.561735 -6463.014622 9561.734886 1 2.23 60 60 3600
149 -5.806917 -5.661119 -5806.916910 -5661.119037 1 1.42 60 60 2700
150 -1.670676 2.444884 -1670.676124 2444.884161 1 4.29 60 60 1800
151 -3.461567 -6.036777 -3461.566827 -6036.777371 1 0.66 60 60 2700
152 -3.570767 5.935036 -3570.766718 5935.035727 1 1.37 60 60 2700
153 -3.617327 -3.953429 -3617.327373 -3953.428820 1 3.24 60 60 1800
154 -2.459454 1.270835 -2459.453999 1270.834636 0 8.71 60 60 1800
155 -7.657702 4.078652 -7657.702153 4078.652471 0 8.76 60 60 2700
156 -5.117211 8.211129 -5117.210732 8211.128666 0 9.02 60 60 3600
157 0.916973 7.521020 916.972579 7521.020271 1 0.93 60 60 2700
158 0.141060 -2.683771 141.060078 -2683.771457 0 6.95 60 60 1800
159 -8.004075 1.572979 -8004.075253 1572.978508 1 4.13 60 60 2700
160 -2.282149 2.938942 -2282.149242 2938.941590 1 1.98 60 60 1800
161 -9.133532 6.202646 -9133.531889 6202.645930 1 1.62 60 60 3600
162 -5.264594 3.036526 -5264.593618 3036.525543 1 2.28 60 60 1800
163 -3.785628 9.444644 -3785.628493 9444.643857 1 3.09 60 60 3600
164 4.595553 -0.020979 4595.553051 -20.978886 1 3.76 60 60 1800
165 9.373223 0.873446 9373.223006 873.445959 1 1.57 60 60 3600
166 -9.318699 -7.725078 -9318.699327 -7725.078207 0 8.98 60 60 3600
167 -8.852885 -7.275487 -8852.885280 -7275.486894 1 3.32 60 60 3600
168 1.666292 2.685877 1666.291801 2685.877196 0 8.32 60 60 1800
169 4.061147 -6.443789 4061.146601 -6443.788679 0 6.55 60 60 2700
170 7.325374 -6.632675 7325.373542 -6632.674882 1 2.06 60 60 3600
171 3.509838 -2.470412 3509.838486 -2470.412232 1 1.98 60 60 1800
172 -9.062877 -9.003372 -9062.877112 -9003.372012 1 2.71 60 60 3600
173 5.818387 -4.684643 5818.386723 -4684.642607 1 1.53 60 60 2700
174 2.583341 -5.942971 2583.341435 -5942.971084 1 4.45 60 60 1800
175 3.991259 6.025982 3991.258892 6025.981577 1 4.42 60 60 2700
176 -2.314417 -7.472273 -2314.417473 -7472.272705 1 2.41 60 60 2700
177 -3.643194 -8.726623 -3643.194447 -8726.623494 1 1.58 60 60 3600
178 -6.338064 4.088448 -6338.063854 4088.448342 0 8.56 60 60 2700
179 -7.518050 7.070461 -7518.049814 7070.461098 0 8.81 60 60 3600
180 -4.509988 -0.119416 -4509.987827 -119.416129 1 0.71 60 60 1800
181 7.261312 -0.513331 7261.311678 -513.331031 1 1.69 60 60 2700
182 -3.176103 -1.562902 -3176.102812 -1562.902101 0 5.91 60 60 1800
183 3.489169 -3.152838 3489.169452 -3152.838035 1 2.80 60 60 1800
184 -1.241344 6.222355 -1241.344470 6222.355149 1 1.05 60 60 1800
185 -5.480723 6.575388 -5480.723093 6575.388410 1 4.56 60 60 2700
186 4.312304 9.875874 4312.303699 9875.874396 1 4.15 60 60 3600
187 -8.907902 4.809648 -8907.902028 4809.648100 1 1.23 60 60 3600
188 2.703991 -3.245889 2703.991013 -3245.888571 0 6.40 60 60 1800
189 3.080216 -9.241946 3080.216028 -9241.946455 1 4.72 60 60 3600
190 6.620763 4.051750 6620.763456 4051.750169 1 2.52 60 60 2700
191 0.462737 -4.191814 462.737374 -4191.814076 1 0.62 60 60 1800
192 -8.279130 9.748305 -8279.130420 9748.304802 1 4.07 60 60 3600
193 -7.018906 -8.915438 -7018.906216 -8915.438008 1 2.99 60 60 3600
194 5.929461 -8.610191 5929.461063 -8610.191124 1 4.42 60 60 3600
195 8.774771 4.189304 8774.771158 4189.304286 0 9.04 60 60 3600
196 -0.911248 1.583776 -911.247998 1583.775608 1 3.34 60 60 1800
197 7.087531 2.922397 7087.531098 2922.397141 1 0.65 60 60 2700
198 9.767303 -7.711707 9767.302989 -7711.706620 0 6.90 60 60 3600
199 -3.500416 9.030043 -3500.415591 9030.043069 0 6.70 60 60 3600
200 -0.584298 -0.793855 -584.298086 -793.854885 1 3.07 60 60 1800
201 7.115115 5.334547 7115.115167 5334.547103 0 5.48 60 60 2700
202 -5.436520 -0.483645 -5436.520093 -483.644634 0 8.81 60 60 1800
203 -2.843313 5.492654 -2843.313435 5492.653840 0 6.55 60 60 1800
204 -5.498961 5.138467 -5498.960729 5138.466616 1 4.48 60 60 2700
205 3.434193 6.887909 3434.192792 6887.908740 1 2.42 60 60 2700
206 9.101347 -5.523942 9101.346765 -5523.942376 1 3.80 60 60 3600
207 -4.788426 5.776220 -4788.425702 5776.220146 0 7.82 60 60 2700
208 -7.331203 0.470118 -7331.202683 470.118303 0 6.98 60 60 2700
209 -0.876371 -1.908873 -876.370891 -1908.873230 1 2.04 60 60 1800
210 1.825526 8.090702 1825.526159 8090.702304 1 2.39 60 60 2700
211 -8.994032 7.031949 -8994.031758 7031.949041 1 3.57 60 60 3600
212 6.837536 -9.805877 6837.536327 -9805.877133 1 1.81 60 60 3600
213 -5.652184 4.258551 -5652.183690 4258.550539 1 2.26 60 60 2700
214 2.049870 6.763403 2049.870121 6763.403167 1 0.73 60 60 2700
215 5.492432 -3.627262 5492.432388 -3627.261777 1 4.48 60 60 2700
216 -1.525421 8.467325 -1525.420947 8467.324739 1 1.13 60 60 2700
217 -5.092559 8.936071 -5092.558744 8936.070829 1 1.06 60 60 3600
218 -5.543771 -8.854257 -5543.771178 -8854.256597 1 3.28 60 60 3600
219 -0.229855 8.128891 -229.855407 8128.891327 1 1.00 60 60 2700
220 9.995488 -1.920638 9995.487515 -1920.638164 1 4.84 60 60 3600
221 9.482982 -1.799645 9482.981543 -1799.644637 1 2.13 60 60 3600
222 -9.849344 7.802323 -9849.344264 7802.323410 1 3.26 60 60 3600
223 -9.043831 -3.429949 -9043.831279 -3429.948681 1 2.86 60 60 3600
224 0.253763 -8.264488 253.762730 -8264.488191 1 3.29 60 60 2700
225 9.722273 3.716213 9722.273216 3716.213274 0 9.63 60 60 3600
226 7.830234 6.253574 7830.234008 6253.574494 1 1.38 60 60 3600
227 6.496996 6.139250 6496.995629 6139.250219 0 6.27 60 60 2700
228 6.469177 -4.389833 6469.177306 -4389.832824 1 2.31 60 60 2700
229 -5.675987 -1.294398 -5675.987133 -1294.398382 1 1.96 60 60 1800
230 7.647739 -1.340514 7647.738966 -1340.513639 1 3.04 60 60 2700
231 -0.188791 7.498839 -188.791351 7498.838802 1 2.22 60 60 2700
232 0.600843 -5.458316 600.842958 -5458.315836 1 4.09 60 60 1800
233 -7.739532 8.589027 -7739.532277 8589.027223 0 7.88 60 60 3600
234 -2.989341 -4.600807 -2989.340626 -4600.807195 1 3.04 60 60 1800
235 5.961178 -5.182626 5961.178001 -5182.626081 1 2.47 60 60 2700
236 -4.907116 -8.730417 -4907.115859 -8730.416735 1 1.94 60 60 3600
237 -0.310193 -9.079850 -310.192517 -9079.849673 1 4.74 60 60 2700
238 2.489114 5.952468 2489.113933 5952.468482 1 2.30 60 60 1800
239 -0.706609 -8.061213 -706.609500 -8061.213331 1 0.81 60 60 2700
240 -0.745870 -2.716368 -745.870491 -2716.367745 1 1.05 60 60 1800
241 -8.607824 -8.178201 -8607.823641 -8178.200818 1 1.64 60 60 3600
242 4.844023 -5.565511 4844.023359 -5565.511094 1 3.64 60 60 2700
243 -0.852116 5.379002 -852.116228 5379.002426 0 5.54 60 60 1800
244 -8.759182 3.994006 -8759.182077 3994.006438 1 1.68 60 60 3600
245 -9.985837 7.168765 -9985.836861 7168.764765 0 5.22 60 60 3600
246 -6.388814 -3.994449 -6388.813791 -3994.449355 1 0.98 60 60 2700
247 7.526383 2.450238 7526.383030 2450.238475 1 2.61 60 60 2700
248 -6.625825 3.515889 -6625.825345 3515.888874 1 1.86 60 60 2700
249 2.375724 0.797185 2375.723637 797.184885 1 3.48 60 60 1800
250 3.596896 -6.770140 3596.895539 -6770.140003 0 7.72 60 60 2700
251 -0.617205 6.947307 -617.204870 6947.307327 0 7.14 60 60 2700
252 -7.200753 -8.367976 -7200.752711 -8367.975518 1 4.97 60 60 3600
253 4.265836 7.516599 4265.836228 7516.599279 1 1.60 60 60 2700
254 2.786204 1.381543 2786.204485 1381.542724 1 3.15 60 60 1800
255 2.307534 5.252288 2307.533917 5252.287710 1 4.99 60 60 1800
256 9.190901 8.434419 9190.901338 8434.419302 1 1.97 60 60 3600
257 2.117046 7.295146 2117.045717 7295.146408 1 4.93 60 60 2700
258 -3.797226 3.016819 -3797.226277 3016.819325 1 4.64 60 60 1800
259 -5.991996 -6.303939 -5991.996166 -6303.939280 1 2.88 60 60 2700
260 7.979412 5.720937 7979.411746 5720.937329 1 0.96 60 60 3600
261 3.294882 -6.206292 3294.881503 -6206.291972 1 0.76 60 60 2700
262 5.778023 1.540983 5778.022779 1540.982896 0 7.06 60 60 1800
263 -7.502925 -4.153536 -7502.925307 -4153.536475 1 4.97 60 60 2700
264 2.345592 -9.039673 2345.592391 -9039.672615 1 1.94 60 60 3600
265 -1.954152 -0.315956 -1954.151688 -315.955983 1 2.45 60 60 1800
266 6.101173 9.075657 6101.172945 9075.656603 1 0.56 60 60 3600
267 3.006311 0.802775 3006.310837 802.775032 1 2.44 60 60 1800
268 -5.498589 0.781609 -5498.589075 781.608518 1 0.67 60 60 1800
269 -8.176274 -6.141954 -8176.273768 -6141.954450 1 3.50 60 60 3600
270 3.160779 -8.694277 3160.779222 -8694.277488 1 2.16 60 60 3600
271 -9.306957 -9.844862 -9306.957312 -9844.862178 1 3.56 60 60 3600
272 -2.431198 -3.550894 -2431.198495 -3550.893998 0 8.22 60 60 1800
273 -7.006008 -2.195912 -7006.008199 -2195.912127 1 1.94 60 60 2700
274 -5.038516 -4.211253 -5038.515726 -4211.253407 1 2.56 60 60 2700
275 0.517272 6.404730 517.272365 6404.730413 1 4.86 60 60 1800
276 4.505017 2.077042 4505.016639 2077.041860 1 2.33 60 60 1800
277 -3.914072 0.499912 -3914.071979 499.912478 1 0.89 60 60 1800
278 -4.611206 2.966315 -4611.205745 2966.315015 1 1.41 60 60 1800
279 -0.349186 9.390118 -349.186428 9390.117891 1 3.54 60 60 3600
280 7.607653 -3.602594 7607.653039 -3602.593602 0 8.05 60 60 2700
281 5.774104 2.253902 5774.104020 2253.901878 1 3.39 60 60 1800
282 -3.347816 -5.072531 -3347.815668 -5072.530719 1 1.38 60 60 1800
283 -6.870775 7.495929 -6870.774733 7495.929244 0 6.46 60 60 3600
284 8.202652 9.093897 8202.652275 9093.896899 1 0.76 60 60 3600
285 5.702280 0.202270 5702.280308 202.270019 1 1.80 60 60 1800
286 1.343707 1.703759 1343.706712 1703.759062 1 3.22 60 60 1800
287 -6.051478 8.932618 -6051.478287 8932.618315 1 0.76 60 60 3600
288 3.789552 1.617899 3789.552069 1617.899025 1 3.90 60 60 1800
289 0.068132 2.735072 68.132482 2735.071779 1 1.65 60 60 1800
290 6.017169 -3.421661 6017.168972 -3421.661348 1 4.33 60 60 2700
291 -8.530924 7.239898 -8530.923880 7239.898214 1 3.13 60 60 3600
292 -1.400690 -0.920477 -1400.689923 -920.476746 1 1.08 60 60 1800
293 -0.733251 -9.685299 -733.250575 -9685.298644 1 2.54 60 60 3600
294 1.716094 0.087767 1716.094488 87.767200 1 4.11 60 60 1800
295 4.852688 -2.115076 4852.687590 -2115.076165 1 3.44 60 60 1800
296 3.212013 -5.318296 3212.013486 -5318.296011 1 1.13 60 60 1800
297 4.905684 2.455482 4905.684259 2455.482283 1 2.88 60 60 1800
298 -1.834699 -5.563058 -1834.698539 -5563.057678 1 3.50 60 60 1800
299 9.586106 -5.808813 9586.105940 -5808.813107 0 6.37 60 60 3600
300 -6.408168 6.814418 -6408.167586 6814.418433 1 0.97 60 60 3600
301 5.149679 -7.227038 5149.679261 -7227.038117 0 6.87 60 60 2700
302 -6.136996 4.694177 -6136.995632 4694.177008 1 1.16 60 60 2700
303 -3.824115 -1.458547 -3824.114849 -1458.546842 1 3.33 60 60 1800
304 -2.540806 6.777560 -2540.806239 6777.559836 1 1.60 60 60 2700
305 0.407196 4.285309 407.196299 4285.308771 1 1.18 60 60 1800
306 5.045584 -8.786655 5045.583605 -8786.655493 1 4.26 60 60 3600
307 -4.416248 9.591600 -4416.247924 9591.599609 1 2.44 60 60 3600
308 -6.873823 -3.235054 -6873.822834 -3235.053740 1 3.25 60 60 2700
309 9.242122 6.429367 9242.122409 6429.367254 1 4.00 60 60 3600
310 0.370890 -6.696022 370.890250 -6696.021616 1 1.69 60 60 2700
311 5.384787 -2.533748 5384.786989 -2533.747669 1 3.82 60 60 1800
312 3.189621 -1.527168 3189.621159 -1527.168290 1 3.94 60 60 1800
313 -6.808921 4.704220 -6808.921463 4704.220032 1 1.14 60 60 2700
314 -3.518765 -2.596415 -3518.765222 -2596.415313 1 1.68 60 60 1800
315 7.931975 3.156140 7931.974752 3156.139701 0 6.51 60 60 2700
316 0.947970 -4.725876 947.970498 -4725.876495 1 2.88 60 60 1800
317 2.950474 8.093682 2950.474204 8093.682324 1 3.43 60 60 2700
318 -3.656445 3.618591 -3656.445312 3618.590997 1 2.80 60 60 1800
319 -5.783371 -9.913544 -5783.371352 -9913.544440 1 2.56 60 60 3600
320 7.274687 -8.740168 7274.687234 -8740.168040 1 4.02 60 60 3600
321 -3.571495 2.460699 -3571.495248 2460.699398 1 4.58 60 60 1800
322 0.400991 -4.976318 400.991231 -4976.317987 1 4.57 60 60 1800
323 -9.400193 8.493277 -9400.193316 8493.277235 1 3.24 60 60 3600
324 -9.994369 0.127688 -9994.368587 127.687552 1 2.18 60 60 3600
325 0.722937 8.400535 722.936514 8400.534870 0 9.53 60 60 2700
326 2.077295 -6.846040 2077.294873 -6846.040351 1 0.61 60 60 2700
327 -6.404437 -7.632698 -6404.437250 -7632.697936 1 2.24 60 60 3600
328 2.344641 -0.020715 2344.640815 -20.714620 1 1.30 60 60 1800
329 6.281544 -8.170907 6281.544198 -8170.907427 1 2.89 60 60 3600
330 -3.398082 -3.290470 -3398.081983 -3290.469848 1 1.46 60 60 1800
331 3.073207 -3.870904 3073.206784 -3870.904295 1 4.38 60 60 1800
332 -3.331289 -7.427376 -3331.289285 -7427.376447 1 3.24 60 60 2700
333 -6.157044 6.363635 -6157.044460 6363.634614 1 3.92 60 60 2700
334 -2.275515 6.267965 -2275.514604 6267.965371 1 3.39 60 60 2700
335 -0.054966 -6.181064 -54.966033 -6181.064279 1 2.56 60 60 1800
336 -8.297512 8.719843 -8297.512107 8719.843057 1 2.82 60 60 3600
337 -7.586914 -2.234512 -7586.913707 -2234.511732 1 3.75 60 60 2700
338 0.917768 5.201912 917.768447 5201.912254 1 3.97 60 60 1800
339 9.482645 4.872213 9482.644780 4872.212960 1 3.39 60 60 3600
340 -4.707936 6.881590 -4707.936324 6881.590375 1 2.77 60 60 2700
341 -9.747224 9.082972 -9747.223530 9082.971974 1 2.99 60 60 3600
342 -5.016855 9.649933 -5016.855238 9649.932877 0 8.27 60 60 3600
343 -7.771227 -2.735596 -7771.226702 -2735.595564 0 5.49 60 60 2700
344 -7.709776 3.487153 -7709.776300 3487.152996 1 2.28 60 60 2700
345 -8.235629 -7.474697 -8235.629458 -7474.696527 0 5.41 60 60 3600
346 1.354693 -5.802827 1354.692976 -5802.826550 1 1.38 60 60 1800
347 -9.134695 -6.608566 -9134.695119 -6608.565889 0 5.14 60 60 3600
348 -4.157773 5.090934 -4157.772659 5090.933710 1 4.06 60 60 2700
349 -4.987186 -3.474069 -4987.185790 -3474.068566 1 3.48 60 60 1800
350 8.484124 7.800473 8484.124376 7800.472997 1 3.57 60 60 3600
351 -4.120479 -3.249177 -4120.479152 -3249.176817 1 3.95 60 60 1800
352 5.043760 3.519444 5043.760308 3519.444056 1 4.60 60 60 1800
353 -5.757218 -5.145471 -5757.217641 -5145.470694 1 4.00 60 60 2700
354 9.326600 6.938621 9326.599581 6938.620848 1 1.34 60 60 3600
355 2.784251 4.359433 2784.251408 4359.433163 1 1.58 60 60 1800
356 1.509184 5.979359 1509.184456 5979.358857 0 6.04 60 60 1800
357 -8.299953 -1.236238 -8299.953481 -1236.237714 1 1.98 60 60 2700
358 -7.683798 -6.528815 -7683.797815 -6528.815312 1 2.22 60 60 3600
359 4.988115 -1.309486 4988.115358 -1309.485555 1 2.63 60 60 1800
360 1.094176 -7.461636 1094.175505 -7461.635798 1 4.30 60 60 2700
361 -5.005617 -4.721659 -5005.616785 -4721.659250 1 1.25 60 60 2700
362 0.412188 5.316236 412.187830 5316.235805 1 2.54 60 60 1800
363 6.483397 4.710742 6483.397201 4710.742351 1 4.35 60 60 2700
364 0.848050 -9.436104 848.050293 -9436.104475 1 1.81 60 60 3600
365 4.253049 -8.317039 4253.049411 -8317.039282 0 8.32 60 60 3600
366 -3.855931 7.344251 -3855.930902 7344.251308 1 4.54 60 60 2700
367 -0.149026 4.850182 -149.025967 4850.182069 0 9.90 60 60 1800
368 5.836701 -0.316639 5836.701446 -316.639270 1 3.19 60 60 1800
369 7.288431 -4.858917 7288.430682 -4858.916646 1 1.49 60 60 2700
370 -2.545896 -9.090730 -2545.895960 -9090.729683 1 3.81 60 60 3600
371 2.461136 -1.967460 2461.135562 -1967.459961 1 4.39 60 60 1800
372 -3.783025 4.743020 -3783.024672 4743.019924 1 0.97 60 60 1800
373 4.690483 -2.966487 4690.483040 -2966.487438 1 0.59 60 60 1800
374 9.255939 -6.421336 9255.938518 -6421.335702 1 1.90 60 60 3600
375 0.930948 2.454966 930.948297 2454.966200 1 1.25 60 60 1800
376 5.227722 7.694956 5227.722329 7694.956299 0 9.44 60 60 3600
377 1.720054 -7.282285 1720.054376 -7282.284856 1 1.21 60 60 2700
378 -1.733548 3.178561 -1733.548349 3178.560896 1 1.41 60 60 1800
379 -4.259143 -7.127483 -4259.143211 -7127.482959 1 1.67 60 60 2700
380 -0.784309 -7.389766 -784.308643 -7389.766028 1 3.75 60 60 2700
381 2.146261 -3.513342 2146.261482 -3513.341896 1 4.99 60 60 1800
382 7.412524 -7.985479 7412.524005 -7985.479439 1 3.81 60 60 3600
383 -8.119568 -8.301394 -8119.567685 -8301.394254 1 0.55 60 60 3600
384 3.480603 9.909562 3480.602520 9909.562453 1 1.16 60 60 3600
385 9.317762 1.649002 9317.762440 1649.002259 1 2.08 60 60 3600
386 4.648171 -0.558588 4648.171436 -558.587517 0 9.78 60 60 1800
387 -0.228352 -3.776793 -228.351731 -3776.792535 1 3.48 60 60 1800
388 4.393765 4.205744 4393.764745 4205.743932 1 1.52 60 60 1800
389 -2.426465 4.640642 -2426.464887 4640.642249 1 4.24 60 60 1800
390 -0.699265 -6.321798 -699.265407 -6321.797970 1 3.93 60 60 1800
391 -2.117592 0.472650 -2117.591951 472.649531 0 7.58 60 60 1800
392 1.730605 4.404049 1730.605262 4404.049371 1 4.59 60 60 1800
393 3.526677 8.033848 3526.676790 8033.848494 0 8.55 60 60 2700
394 5.341438 9.360879 5341.437698 9360.878950 1 2.81 60 60 3600
395 -5.866539 5.560850 -5866.539493 5560.849689 1 2.59 60 60 2700
396 -6.519552 -6.771455 -6519.552199 -6771.454629 1 2.65 60 60 3600
397 -9.754106 1.896529 -9754.105942 1896.529252 0 8.25 60 60 3600
398 -2.592774 -6.322719 -2592.773584 -6322.718766 1 4.59 60 60 2700
399 -0.899662 7.796902 -899.661831 7796.901608 1 4.65 60 60 2700
400 1.608618 0.913787 1608.618423 913.787052 1 4.31 60 60 1800
401 6.689281 6.896573 6689.280521 6896.572752 1 4.31 60 60 3600
402 0.237743 5.865085 237.743280 5865.085444 1 2.56 60 60 1800
403 4.107984 -2.484036 4107.983682 -2484.036106 1 1.59 60 60 1800
404 -7.237611 1.166975 -7237.610900 1166.975345 1 4.33 60 60 2700
405 -7.129729 -4.879430 -7129.728762 -4879.430474 1 1.24 60 60 2700
406 9.741468 7.621818 9741.467695 7621.818190 1 3.06 60 60 3600
407 8.220688 0.277594 8220.687935 277.594069 1 4.68 60 60 2700
408 -5.961171 -9.320265 -5961.171031 -9320.265384 1 1.82 60 60 3600
409 3.588778 0.800396 3588.778364 800.396351 1 0.84 60 60 1800
410 4.974093 -9.320199 4974.093492 -9320.199424 1 1.39 60 60 3600
411 -4.544254 1.857146 -4544.253726 1857.145632 0 5.89 60 60 1800
412 -1.204203 -6.260530 -1204.203015 -6260.529619 0 9.93 60 60 1800
413 7.375637 -5.625131 7375.636570 -5625.130941 1 3.62 60 60 3600
414 -4.568011 -7.898833 -4568.010916 -7898.833415 1 1.23 60 60 2700
415 -5.816282 -3.147316 -5816.281941 -3147.315797 1 4.12 60 60 2700
416 8.451821 9.915021 8451.820740 9915.021204 1 2.77 60 60 3600
417 0.972813 -1.592787 972.813284 -1592.787394 0 7.17 60 60 1800
418 9.672882 2.351134 9672.881999 2351.133840 1 0.53 60 60 3600
419 3.009609 3.030164 3009.608532 3030.164499 1 1.20 60 60 1800
420 -7.071505 5.649191 -7071.504935 5649.190702 1 0.53 60 60 2700
421 3.397967 4.391277 3397.967029 4391.276813 1 2.35 60 60 1800
422 -7.052780 -0.915408 -7052.780288 -915.408165 0 9.49 60 60 2700
423 -9.721514 -6.659961 -9721.513758 -6659.960842 1 4.08 60 60 3600
424 -3.398307 1.209614 -3398.307469 1209.614148 1 2.01 60 60 1800
425 -8.920257 -5.288998 -8920.256714 -5288.997574 1 1.18 60 60 3600
426 -6.214351 8.091440 -6214.351323 8091.439538 1 3.94 60 60 3600
427 5.437971 6.415765 5437.970934 6415.764896 1 3.42 60 60 2700
428 2.699286 -7.111903 2699.286077 -7111.903134 1 2.49 60 60 2700
429 -5.827382 -3.884003 -5827.382438 -3884.003156 1 3.83 60 60 2700
430 0.808874 -0.436973 808.874408 -436.972811 1 1.20 60 60 1800
431 2.199406 3.645175 2199.405505 3645.175033 1 4.29 60 60 1800
432 7.329896 3.788171 7329.896397 3788.171056 1 3.34 60 60 2700
433 8.065511 -8.948400 8065.510729 -8948.399864 1 4.83 60 60 3600
434 -4.063544 -8.291462 -4063.543812 -8291.461859 1 2.31 60 60 2700
435 8.364694 -6.208957 8364.693532 -6208.956542 0 8.66 60 60 3600
436 2.195296 -5.040879 2195.296496 -5040.879473 1 2.59 60 60 1800
437 0.240979 0.661245 240.979380 661.244785 1 4.53 60 60 1800
438 5.721416 -7.902675 5721.415701 -7902.675256 0 5.12 60 60 3600
439 4.532538 -6.715403 4532.537930 -6715.402726 1 4.09 60 60 2700
440 5.916755 4.617156 5916.755282 4617.155876 1 4.25 60 60 2700
441 -2.044213 -2.866391 -2044.213228 -2866.391299 0 6.26 60 60 1800
442 3.074003 -4.622434 3074.002822 -4622.434348 1 4.69 60 60 1800
443 -2.192769 9.936156 -2192.768725 9936.155697 1 1.40 60 60 3600
444 1.501249 7.187811 1501.249408 7187.811420 0 9.63 60 60 2700
445 -2.704288 9.421787 -2704.287604 9421.786709 1 0.59 60 60 3600
446 -2.071362 7.261801 -2071.362035 7261.801060 0 7.41 60 60 2700
447 8.891705 -9.808605 8891.705486 -9808.605252 1 3.80 60 60 3600
448 5.050423 0.608282 5050.422806 608.282025 1 4.02 60 60 1800
449 5.155808 -9.928787 5155.807954 -9928.787103 0 7.38 60 60 3600
450 -3.429305 8.288328 -3429.305359 8288.327619 1 4.62 60 60 2700
451 9.861142 8.593169 9861.142122 8593.168626 0 8.81 60 60 3600
452 -0.178763 -5.103081 -178.762834 -5103.080869 1 1.69 60 60 1800
453 1.980916 -5.746182 1980.915926 -5746.181507 0 9.06 60 60 1800
454 6.284247 5.562866 6284.246943 5562.866275 1 2.58 60 60 2700
455 -1.599790 3.694854 -1599.789771 3694.853969 0 6.50 60 60 1800
456 -8.274098 -9.045431 -8274.097802 -9045.430827 0 9.68 60 60 3600
457 -8.810006 -9.688707 -8810.006028 -9688.706758 1 4.31 60 60 3600
458 -9.583556 0.797319 -9583.555572 797.319277 1 2.08 60 60 3600
459 8.902569 9.561251 8902.568951 9561.251221 0 5.81 60 60 3600
460 5.295247 4.415858 5295.246795 4415.857615 1 4.79 60 60 2700
461 -9.556114 2.866969 -9556.113861 2866.969464 1 1.81 60 60 3600
462 4.508594 -6.053896 4508.594109 -6053.896454 0 5.78 60 60 2700
463 -2.815512 -2.142920 -2815.511856 -2142.920019 1 4.95 60 60 1800
464 4.930920 5.833243 4930.920344 5833.243494 1 1.01 60 60 2700
465 -0.692957 -8.586820 -692.956629 -8586.820038 1 3.26 60 60 2700
466 -0.873037 3.046649 -873.037218 3046.649220 1 1.61 60 60 1800
467 -8.412798 -6.980133 -8412.797630 -6980.132877 1 4.79 60 60 3600
468 -2.294074 -4.271241 -2294.073785 -4271.241150 0 6.83 60 60 1800
469 9.148172 -3.701867 9148.172111 -3701.866673 1 2.86 60 60 3600
470 -0.527213 2.645753 -527.212570 2645.753220 0 7.57 60 60 1800
471 2.976478 -9.868853 2976.477634 -9868.852829 1 2.28 60 60 3600
472 -9.249875 0.012544 -9249.874939 12.544022 1 4.59 60 60 3600
473 6.507537 1.431329 6507.536882 1431.329012 0 6.27 60 60 2700
474 -6.774698 -0.032050 -6774.697541 -32.049823 1 2.47 60 60 2700
475 -8.338052 3.218437 -8338.052187 3218.437087 1 4.16 60 60 2700
476 2.150973 -0.688022 2150.973057 -688.022011 1 3.50 60 60 1800
477 -8.109178 6.533591 -8109.177914 6533.590710 1 2.70 60 60 3600
478 2.577258 -2.738916 2577.257532 -2738.916045 1 3.62 60 60 1800
479 7.415227 8.935707 7415.226929 8935.706830 1 1.14 60 60 3600
480 4.702303 -7.915342 4702.303191 -7915.342284 1 4.68 60 60 2700
481 7.404296 -2.458227 7404.296120 -2458.226816 1 4.77 60 60 2700
482 0.634215 -7.916981 634.214858 -7916.980725 1 2.88 60 60 2700
483 0.656872 -2.185987 656.871693 -2185.986825 0 8.47 60 60 1800
484 1.176732 7.989788 1176.731971 7989.787919 0 9.02 60 60 2700
485 8.702298 3.624668 8702.298087 3624.668416 1 3.83 60 60 3600
486 9.023060 2.870105 9023.060441 2870.105011 0 5.52 60 60 3600
487 0.224111 -1.221650 224.110523 -1221.649806 1 1.38 60 60 1800
488 -6.989655 -7.690033 -6989.654667 -7690.032688 1 1.64 60 60 3600
489 5.995375 -1.664655 5995.374514 -1664.654894 0 9.23 60 60 1800
490 -4.079314 1.408302 -4079.313975 1408.301586 1 4.24 60 60 1800
491 -5.295473 5.846935 -5295.472881 5846.934782 0 6.79 60 60 2700
492 8.424494 1.007920 8424.493508 1007.920393 1 3.05 60 60 2700
493 0.090003 9.103395 90.002920 9103.394773 1 0.68 60 60 2700
494 -6.933803 4.022209 -6933.802710 4022.209282 1 1.28 60 60 2700
495 -7.436085 -7.090253 -7436.084705 -7090.252915 1 3.58 60 60 3600
496 -5.610295 -2.089658 -5610.294807 -2089.658399 1 2.49 60 60 1800
497 8.722882 -0.126856 8722.882345 -126.856454 0 9.07 60 60 2700
498 4.134928 -3.532062 4134.927910 -3532.062434 1 1.96 60 60 1800
499 9.029943 1.239405 9029.942992 1239.404878 0 8.40 60 60 2700
500 9.838509 -3.274816 9838.508956 -3274.815974 1 3.71 60 60 3600
