trucks_count 7
drones_count 7
customers 500
depot 0 0
Coordinate X         Coordinate Y         Dronable Demand
X	Y	Dronable	Demand	Drone_service	Truck_service	Lw
2701.982444	8733.133873	1	1.55	60	60	2700
4423.640644	5184.112413	1	2.74	60	60	2700
8036.947256	-209.621939	0	9.73	60	60	2700
8081.079340	5019.778130	1	0.93	60	60	3600
9183.857084	7687.036278	1	0.62	60	60	3600
-4342.328140	-9750.662718	1	3.21	60	60	3600
9085.464305	-731.686214	1	3.88	60	60	2700
9909.990812	5391.230390	1	4.64	60	60	3600
-1253.982488	763.005916	1	0.57	60	60	1800
6716.438257	-3007.531542	1	3.94	60	60	2700
-4273.550269	4072.244792	1	4.66	60	60	1800
6934.319892	-6984.114342	1	3.11	60	60	3600
4656.331091	9484.807136	1	1.84	60	60	3600
3728.937883	-4094.647382	1	1.80	60	60	1800
461.855494	9533.258075	1	0.69	60	60	3600
2244.918473	4381.569703	1	1.48	60	60	1800
-374.510647	-4634.809836	1	2.03	60	60	1800
7879.543073	7755.805730	0	6.38	60	60	3600
9364.357351	-4753.899442	0	5.31	60	60	3600
-1865.660093	-7837.907801	1	1.59	60	60	2700
-5728.747548	2024.564182	1	4.81	60	60	1800
860.620068	4694.396979	0	8.44	60	60	1800
-592.911053	-125.246363	0	7.45	60	60	1800
-7642.735787	-9816.885432	1	1.83	60	60	3600
8577.201348	-9336.176077	1	0.70	60	60	3600
9534.960594	-8811.296623	0	9.97	60	60	3600
-482.680195	3382.294537	1	2.76	60	60	1800
1150.446194	-8652.808191	1	2.96	60	60	2700
8876.290817	-4574.572415	1	1.07	60	60	3600
-1464.029712	-4164.253560	1	4.78	60	60	1800
-1281.074895	1922.005170	1	3.67	60	60	1800
5980.224677	-5858.082830	1	2.48	60	60	2700
7814.347471	-3005.028799	1	1.90	60	60	2700
-1495.625631	-1488.711316	1	1.06	60	60	1800
8366.215456	6318.761996	0	9.96	60	60	3600
-3255.283103	171.330771	0	8.85	60	60	1800
-199.518565	910.566463	0	6.42	60	60	1800
2596.308413	-7847.170123	1	2.12	60	60	2700
4157.024831	-5652.240614	1	0.69	60	60	2700
9153.099103	5894.431296	1	3.69	60	60	3600
-6328.777118	2084.250504	1	0.92	60	60	2700
6592.464819	2134.252525	1	2.91	60	60	2700
6780.150069	-5388.911599	1	2.93	60	60	2700
2656.784588	9834.043975	1	4.08	60	60	3600
-3319.013200	6907.796186	1	2.94	60	60	2700
2906.894848	6324.005880	1	2.71	60	60	2700
-8310.532912	780.856677	1	3.22	60	60	2700
-4741.023946	-5307.818968	0	5.70	60	60	2700
7858.152020	8296.629521	1	4.91	60	60	3600
-7852.882118	-5601.220897	1	1.46	60	60	3600
2380.123394	-4559.292716	1	0.83	60	60	1800
-9721.521086	5343.425975	1	0.97	60	60	3600
7208.844826	7700.432650	1	4.75	60	60	3600
1676.033700	-8011.288398	1	0.55	60	60	2700
-3313.817632	1729.682752	1	2.35	60	60	1800
-2528.217506	-5278.049059	1	0.85	60	60	1800
3394.326881	2589.875904	1	1.30	60	60	1800
2064.501534	2993.298554	1	2.20	60	60	1800
-6210.128361	-647.319675	1	0.85	60	60	1800
-3021.635694	4626.358027	0	7.58	60	60	1800
-6972.054869	9741.275003	0	7.00	60	60	3600
1549.789622	-2873.167307	1	2.47	60	60	1800
-9648.708694	-2846.488074	1	2.05	60	60	3600
-8893.196372	2670.551997	1	4.65	60	60	3600
5581.042599	5476.411540	1	3.66	60	60	2700
-7525.112290	9981.243619	1	3.84	60	60	3600
-8994.898315	3176.264323	1	0.82	60	60	3600
2152.858416	2250.189786	1	4.97	60	60	1800
-3290.970914	7425.625185	1	1.60	60	60	2700
7724.358650	9428.662712	1	0.76	60	60	3600
-8255.845715	2371.801647	1	4.85	60	60	2700
-6342.373507	-8760.110706	1	1.82	60	60	3600
-6644.250708	495.881238	1	1.28	60	60	2700
-112.183109	-1621.047571	1	2.85	60	60	1800
5807.142566	3760.791791	1	1.82	60	60	2700
-8386.425773	5697.253636	0	9.94	60	60	3600
-1410.531727	-51.185817	1	4.84	60	60	1800
1438.045193	-9258.449019	0	7.26	60	60	3600
7148.569590	-3283.995604	1	3.50	60	60	2700
-9482.888355	1290.883489	0	5.47	60	60	3600
8909.910366	-8764.129706	1	4.62	60	60	3600
-8947.789516	477.229189	0	7.51	60	60	2700
-7728.577432	5000.300993	0	9.73	60	60	2700
-1799.803185	6067.101612	1	3.23	60	60	1800
1945.894078	-9935.028239	1	1.22	60	60	3600
-5494.232522	-7438.637396	1	3.34	60	60	3600
-3795.692083	-9706.441690	1	0.78	60	60	3600
-2354.122271	-673.109213	1	1.89	60	60	1800
-6765.939228	1736.158453	0	6.01	60	60	2700
9834.965932	-4465.116454	1	4.95	60	60	3600
-1680.320303	-6584.352514	1	2.46	60	60	2700
5428.076601	8576.863562	1	0.68	60	60	3600
8011.555959	4098.396777	1	3.93	60	60	2700
4038.238316	8411.774694	0	7.27	60	60	3600
305.306911	-9384.054161	1	0.87	60	60	3600
-7660.377146	-365.861429	1	0.79	60	60	2700
6683.310682	-1278.220138	1	4.21	60	60	2700
-7780.962903	2645.454473	1	0.91	60	60	2700
8717.551097	493.895103	1	3.18	60	60	2700
6035.445586	2750.254149	0	9.36	60	60	2700
-9053.452909	-2510.621188	1	2.60	60	60	3600
-2713.164449	7951.173296	1	3.82	60	60	2700
-2144.224515	-9812.906833	0	7.93	60	60	3600
6624.996521	8378.217736	1	2.83	60	60	3600
-8080.799470	-1953.665409	1	2.78	60	60	2700
1107.830530	887.501952	1	4.97	60	60	1800
7890.852527	-5923.526226	0	8.24	60	60	3600
8389.347518	8401.911162	1	3.37	60	60	3600
-3806.691666	-673.270082	0	8.14	60	60	1800
8507.522631	5622.318493	1	3.23	60	60	3600
-9195.815389	-1807.437597	1	4.26	60	60	3600
-5034.557496	-2135.881297	1	1.72	60	60	1800
-8656.305226	-3827.089837	1	1.34	60	60	3600
2290.710419	-8418.068697	1	1.27	60	60	2700
-9679.469228	-6052.508495	0	6.80	60	60	3600
-1672.186094	4471.147790	1	1.21	60	60	1800
-9761.733662	4331.326370	1	2.49	60	60	3600
-2285.740431	1987.856590	1	1.03	60	60	1800
3588.517979	-7806.077503	1	0.60	60	60	2700
1817.578317	9549.014750	1	1.67	60	60	3600
-6517.273909	5602.370129	0	7.74	60	60	2700
5681.273798	-7015.216244	1	3.48	60	60	2700
3684.973709	3656.340328	1	1.21	60	60	1800
7651.509720	1633.204282	1	4.99	60	60	2700
-118.272707	-7195.199177	1	3.89	60	60	2700
-3635.538843	-4491.168021	1	1.21	60	60	1800
-3700.577601	-6623.053039	1	2.80	60	60	2700
-2540.432027	26.466328	1	2.48	60	60	1800
-4700.301857	-1213.725295	0	6.93	60	60	1800
2619.604918	-906.139293	1	3.36	60	60	1800
-206.418366	1748.388973	0	8.63	60	60	1800
697.464931	176.519186	1	0.84	60	60	1800
1937.955995	-1882.401107	1	1.58	60	60	1800
1552.572529	9036.512224	1	4.24	60	60	2700
1608.491576	-6282.425831	1	3.88	60	60	1800
860.907286	3859.740192	1	1.41	60	60	1800
-6307.032992	-1371.668910	1	4.68	60	60	1800
-3380.445967	-8038.012474	1	4.13	60	60	2700
-3266.349393	9665.489672	1	4.60	60	60	3600
-6881.165623	-5516.581451	1	2.62	60	60	2700
-2221.209358	-6753.514309	1	2.82	60	60	2700
-5724.088635	2663.171333	1	2.84	60	60	1800
-7615.231869	-3317.210341	1	1.52	60	60	2700
-352.607454	5445.520225	1	3.55	60	60	1800
-1565.317481	-3197.385443	1	4.85	60	60	1800
8175.010131	2514.587422	0	5.89	60	60	2700
-6209.981658	-2817.720683	1	2.54	60	60	2700
-6463.014622	9561.734886	1	2.23	60	60	3600
-5806.916910	-5661.119037	1	1.42	60	60	2700
-1670.676124	2444.884161	1	4.29	60	60	1800
-3461.566827	-6036.777371	1	0.66	60	60	2700
-3570.766718	5935.035727	1	1.37	60	60	2700
-3617.327373	-3953.428820	1	3.24	60	60	1800
-2459.453999	1270.834636	0	8.71	60	60	1800
-7657.702153	4078.652471	0	8.76	60	60	2700
-5117.210732	8211.128666	0	9.02	60	60	3600
916.972579	7521.020271	1	0.93	60	60	2700
141.060078	-2683.771457	0	6.95	60	60	1800
-8004.075253	1572.978508	1	4.13	60	60	2700
-2282.149242	2938.941590	1	1.98	60	60	1800
-9133.531889	6202.645930	1	1.62	60	60	3600
-5264.593618	3036.525543	1	2.28	60	60	1800
-3785.628493	9444.643857	1	3.09	60	60	3600
4595.553051	-20.978886	1	3.76	60	60	1800
9373.223006	873.445959	1	1.57	60	60	3600
-9318.699327	-7725.078207	0	8.98	60	60	3600
-8852.885280	-7275.486894	1	3.32	60	60	3600
1666.291801	2685.877196	0	8.32	60	60	1800
4061.146601	-6443.788679	0	6.55	60	60	2700
7325.373542	-6632.674882	1	2.06	60	60	3600
3509.838486	-2470.412232	1	1.98	60	60	1800
-9062.877112	-9003.372012	1	2.71	60	60	3600
5818.386723	-4684.642607	1	1.53	60	60	2700
2583.341435	-5942.971084	1	4.45	60	60	1800
3991.258892	6025.981577	1	4.42	60	60	2700
-2314.417473	-7472.272705	1	2.41	60	60	2700
-3643.194447	-8726.623494	1	1.58	60	60	3600
-6338.063854	4088.448342	0	8.56	60	60	2700
-7518.049814	7070.461098	0	8.81	60	60	3600
-4509.987827	-119.416129	1	0.71	60	60	1800
7261.311678	-513.331031	1	1.69	60	60	2700
-3176.102812	-1562.902101	0	5.91	60	60	1800
3489.169452	-3152.838035	1	2.80	60	60	1800
-1241.344470	6222.355149	1	1.05	60	60	1800
-5480.723093	6575.388410	1	4.56	60	60	2700
4312.303699	9875.874396	1	4.15	60	60	3600
-8907.902028	4809.648100	1	1.23	60	60	3600
2703.991013	-3245.888571	0	6.40	60	60	1800
3080.216028	-9241.946455	1	4.72	60	60	3600
6620.763456	4051.750169	1	2.52	60	60	2700
462.737374	-4191.814076	1	0.62	60	60	1800
-8279.130420	9748.304802	1	4.07	60	60	3600
-7018.906216	-8915.438008	1	2.99	60	60	3600
5929.461063	-8610.191124	1	4.42	60	60	3600
8774.771158	4189.304286	0	9.04	60	60	3600
-911.247998	1583.775608	1	3.34	60	60	1800
7087.531098	2922.397141	1	0.65	60	60	2700
9767.302989	-7711.706620	0	6.90	60	60	3600
-3500.415591	9030.043069	0	6.70	60	60	3600
-584.298086	-793.854885	1	3.07	60	60	1800
7115.115167	5334.547103	0	5.48	60	60	2700
-5436.520093	-483.644634	0	8.81	60	60	1800
-2843.313435	5492.653840	0	6.55	60	60	1800
-5498.960729	5138.466616	1	4.48	60	60	2700
3434.192792	6887.908740	1	2.42	60	60	2700
9101.346765	-5523.942376	1	3.80	60	60	3600
-4788.425702	5776.220146	0	7.82	60	60	2700
-7331.202683	470.118303	0	6.98	60	60	2700
-876.370891	-1908.873230	1	2.04	60	60	1800
1825.526159	8090.702304	1	2.39	60	60	2700
-8994.031758	7031.949041	1	3.57	60	60	3600
6837.536327	-9805.877133	1	1.81	60	60	3600
-5652.183690	4258.550539	1	2.26	60	60	2700
2049.870121	6763.403167	1	0.73	60	60	2700
5492.432388	-3627.261777	1	4.48	60	60	2700
-1525.420947	8467.324739	1	1.13	60	60	2700
-5092.558744	8936.070829	1	1.06	60	60	3600
-5543.771178	-8854.256597	1	3.28	60	60	3600
-229.855407	8128.891327	1	1.00	60	60	2700
9995.487515	-1920.638164	1	4.84	60	60	3600
9482.981543	-1799.644637	1	2.13	60	60	3600
-9849.344264	7802.323410	1	3.26	60	60	3600
-9043.831279	-3429.948681	1	2.86	60	60	3600
253.762730	-8264.488191	1	3.29	60	60	2700
9722.273216	3716.213274	0	9.63	60	60	3600
7830.234008	6253.574494	1	1.38	60	60	3600
6496.995629	6139.250219	0	6.27	60	60	2700
6469.177306	-4389.832824	1	2.31	60	60	2700
-5675.987133	-1294.398382	1	1.96	60	60	1800
7647.738966	-1340.513639	1	3.04	60	60	2700
-188.791351	7498.838802	1	2.22	60	60	2700
600.842958	-5458.315836	1	4.09	60	60	1800
-7739.532277	8589.027223	0	7.88	60	60	3600
-2989.340626	-4600.807195	1	3.04	60	60	1800
5961.178001	-5182.626081	1	2.47	60	60	2700
-4907.115859	-8730.416735	1	1.94	60	60	3600
-310.192517	-9079.849673	1	4.74	60	60	2700
2489.113933	5952.468482	1	2.30	60	60	1800
-706.609500	-8061.213331	1	0.81	60	60	2700
-745.870491	-2716.367745	1	1.05	60	60	1800
-8607.823641	-8178.200818	1	1.64	60	60	3600
4844.023359	-5565.511094	1	3.64	60	60	2700
-852.116228	5379.002426	0	5.54	60	60	1800
-8759.182077	3994.006438	1	1.68	60	60	3600
-9985.836861	7168.764765	0	5.22	60	60	3600
-6388.813791	-3994.449355	1	0.98	60	60	2700
7526.383030	2450.238475	1	2.61	60	60	2700
-6625.825345	3515.888874	1	1.86	60	60	2700
2375.723637	797.184885	1	3.48	60	60	1800
3596.895539	-6770.140003	0	7.72	60	60	2700
-617.204870	6947.307327	0	7.14	60	60	2700
-7200.752711	-8367.975518	1	4.97	60	60	3600
4265.836228	7516.599279	1	1.60	60	60	2700
2786.204485	1381.542724	1	3.15	60	60	1800
2307.533917	5252.287710	1	4.99	60	60	1800
9190.901338	8434.419302	1	1.97	60	60	3600
2117.045717	7295.146408	1	4.93	60	60	2700
-3797.226277	3016.819325	1	4.64	60	60	1800
-5991.996166	-6303.939280	1	2.88	60	60	2700
7979.411746	5720.937329	1	0.96	60	60	3600
3294.881503	-6206.291972	1	0.76	60	60	2700
5778.022779	1540.982896	0	7.06	60	60	1800
-7502.925307	-4153.536475	1	4.97	60	60	2700
2345.592391	-9039.672615	1	1.94	60	60	3600
-1954.151688	-315.955983	1	2.45	60	60	1800
6101.172945	9075.656603	1	0.56	60	60	3600
3006.310837	802.775032	1	2.44	60	60	1800
-5498.589075	781.608518	1	0.67	60	60	1800
-8176.273768	-6141.954450	1	3.50	60	60	3600
3160.779222	-8694.277488	1	2.16	60	60	3600
-9306.957312	-9844.862178	1	3.56	60	60	3600
-2431.198495	-3550.893998	0	8.22	60	60	1800
-7006.008199	-2195.912127	1	1.94	60	60	2700
-5038.515726	-4211.253407	1	2.56	60	60	2700
517.272365	6404.730413	1	4.86	60	60	1800
4505.016639	2077.041860	1	2.33	60	60	1800
-3914.071979	499.912478	1	0.89	60	60	1800
-4611.205745	2966.315015	1	1.41	60	60	1800
-349.186428	9390.117891	1	3.54	60	60	3600
7607.653039	-3602.593602	0	8.05	60	60	2700
5774.104020	2253.901878	1	3.39	60	60	1800
-3347.815668	-5072.530719	1	1.38	60	60	1800
-6870.774733	7495.929244	0	6.46	60	60	3600
8202.652275	9093.896899	1	0.76	60	60	3600
5702.280308	202.270019	1	1.80	60	60	1800
1343.706712	1703.759062	1	3.22	60	60	1800
-6051.478287	8932.618315	1	0.76	60	60	3600
3789.552069	1617.899025	1	3.90	60	60	1800
68.132482	2735.071779	1	1.65	60	60	1800
6017.168972	-3421.661348	1	4.33	60	60	2700
-8530.923880	7239.898214	1	3.13	60	60	3600
-1400.689923	-920.476746	1	1.08	60	60	1800
-733.250575	-9685.298644	1	2.54	60	60	3600
1716.094488	87.767200	1	4.11	60	60	1800
4852.687590	-2115.076165	1	3.44	60	60	1800
3212.013486	-5318.296011	1	1.13	60	60	1800
4905.684259	2455.482283	1	2.88	60	60	1800
-1834.698539	-5563.057678	1	3.50	60	60	1800
9586.105940	-5808.813107	0	6.37	60	60	3600
-6408.167586	6814.418433	1	0.97	60	60	3600
5149.679261	-7227.038117	0	6.87	60	60	2700
-6136.995632	4694.177008	1	1.16	60	60	2700
-3824.114849	-1458.546842	1	3.33	60	60	1800
-2540.806239	6777.559836	1	1.60	60	60	2700
407.196299	4285.308771	1	1.18	60	60	1800
5045.583605	-8786.655493	1	4.26	60	60	3600
-4416.247924	9591.599609	1	2.44	60	60	3600
-6873.822834	-3235.053740	1	3.25	60	60	2700
9242.122409	6429.367254	1	4.00	60	60	3600
370.890250	-6696.021616	1	1.69	60	60	2700
5384.786989	-2533.747669	1	3.82	60	60	1800
3189.621159	-1527.168290	1	3.94	60	60	1800
-6808.921463	4704.220032	1	1.14	60	60	2700
-3518.765222	-2596.415313	1	1.68	60	60	1800
7931.974752	3156.139701	0	6.51	60	60	2700
947.970498	-4725.876495	1	2.88	60	60	1800
2950.474204	8093.682324	1	3.43	60	60	2700
-3656.445312	3618.590997	1	2.80	60	60	1800
-5783.371352	-9913.544440	1	2.56	60	60	3600
7274.687234	-8740.168040	1	4.02	60	60	3600
-3571.495248	2460.699398	1	4.58	60	60	1800
400.991231	-4976.317987	1	4.57	60	60	1800
-9400.193316	8493.277235	1	3.24	60	60	3600
-9994.368587	127.687552	1	2.18	60	60	3600
722.936514	8400.534870	0	9.53	60	60	2700
2077.294873	-6846.040351	1	0.61	60	60	2700
-6404.437250	-7632.697936	1	2.24	60	60	3600
2344.640815	-20.714620	1	1.30	60	60	1800
6281.544198	-8170.907427	1	2.89	60	60	3600
-3398.081983	-3290.469848	1	1.46	60	60	1800
3073.206784	-3870.904295	1	4.38	60	60	1800
-3331.289285	-7427.376447	1	3.24	60	60	2700
-6157.044460	6363.634614	1	3.92	60	60	2700
-2275.514604	6267.965371	1	3.39	60	60	2700
-54.966033	-6181.064279	1	2.56	60	60	1800
-8297.512107	8719.843057	1	2.82	60	60	3600
-7586.913707	-2234.511732	1	3.75	60	60	2700
917.768447	5201.912254	1	3.97	60	60	1800
9482.644780	4872.212960	1	3.39	60	60	3600
-4707.936324	6881.590375	1	2.77	60	60	2700
-9747.223530	9082.971974	1	2.99	60	60	3600
-5016.855238	9649.932877	0	8.27	60	60	3600
-7771.226702	-2735.595564	0	5.49	60	60	2700
-7709.776300	3487.152996	1	2.28	60	60	2700
-8235.629458	-7474.696527	0	5.41	60	60	3600
1354.692976	-5802.826550	1	1.38	60	60	1800
-9134.695119	-6608.565889	0	5.14	60	60	3600
-4157.772659	5090.933710	1	4.06	60	60	2700
-4987.185790	-3474.068566	1	3.48	60	60	1800
8484.124376	7800.472997	1	3.57	60	60	3600
-4120.479152	-3249.176817	1	3.95	60	60	1800
5043.760308	3519.444056	1	4.60	60	60	1800
-5757.217641	-5145.470694	1	4.00	60	60	2700
9326.599581	6938.620848	1	1.34	60	60	3600
2784.251408	4359.433163	1	1.58	60	60	1800
1509.184456	5979.358857	0	6.04	60	60	1800
-8299.953481	-1236.237714	1	1.98	60	60	2700
-7683.797815	-6528.815312	1	2.22	60	60	3600
4988.115358	-1309.485555	1	2.63	60	60	1800
1094.175505	-7461.635798	1	4.30	60	60	2700
-5005.616785	-4721.659250	1	1.25	60	60	2700
412.187830	5316.235805	1	2.54	60	60	1800
6483.397201	4710.742351	1	4.35	60	60	2700
848.050293	-9436.104475	1	1.81	60	60	3600
4253.049411	-8317.039282	0	8.32	60	60	3600
-3855.930902	7344.251308	1	4.54	60	60	2700
-149.025967	4850.182069	0	9.90	60	60	1800
5836.701446	-316.639270	1	3.19	60	60	1800
7288.430682	-4858.916646	1	1.49	60	60	2700
-2545.895960	-9090.729683	1	3.81	60	60	3600
2461.135562	-1967.459961	1	4.39	60	60	1800
-3783.024672	4743.019924	1	0.97	60	60	1800
4690.483040	-2966.487438	1	0.59	60	60	1800
9255.938518	-6421.335702	1	1.90	60	60	3600
930.948297	2454.966200	1	1.25	60	60	1800
5227.722329	7694.956299	0	9.44	60	60	3600
1720.054376	-7282.284856	1	1.21	60	60	2700
-1733.548349	3178.560896	1	1.41	60	60	1800
-4259.143211	-7127.482959	1	1.67	60	60	2700
-784.308643	-7389.766028	1	3.75	60	60	2700
2146.261482	-3513.341896	1	4.99	60	60	1800
7412.524005	-7985.479439	1	3.81	60	60	3600
-8119.567685	-8301.394254	1	0.55	60	60	3600
3480.602520	9909.562453	1	1.16	60	60	3600
9317.762440	1649.002259	1	2.08	60	60	3600
4648.171436	-558.587517	0	9.78	60	60	1800
-228.351731	-3776.792535	1	3.48	60	60	1800
4393.764745	4205.743932	1	1.52	60	60	1800
-2426.464887	4640.642249	1	4.24	60	60	1800
-699.265407	-6321.797970	1	3.93	60	60	1800
-2117.591951	472.649531	0	7.58	60	60	1800
1730.605262	4404.049371	1	4.59	60	60	1800
3526.676790	8033.848494	0	8.55	60	60	2700
5341.437698	9360.878950	1	2.81	60	60	3600
-5866.539493	5560.849689	1	2.59	60	60	2700
-6519.552199	-6771.454629	1	2.65	60	60	3600
-9754.105942	1896.529252	0	8.25	60	60	3600
-2592.773584	-6322.718766	1	4.59	60	60	2700
-899.661831	7796.901608	1	4.65	60	60	2700
1608.618423	913.787052	1	4.31	60	60	1800
6689.280521	6896.572752	1	4.31	60	60	3600
237.743280	5865.085444	1	2.56	60	60	1800
4107.983682	-2484.036106	1	1.59	60	60	1800
-7237.610900	1166.975345	1	4.33	60	60	2700
-7129.728762	-4879.430474	1	1.24	60	60	2700
9741.467695	7621.818190	1	3.06	60	60	3600
8220.687935	277.594069	1	4.68	60	60	2700
-5961.171031	-9320.265384	1	1.82	60	60	3600
3588.778364	800.396351	1	0.84	60	60	1800
4974.093492	-9320.199424	1	1.39	60	60	3600
-4544.253726	1857.145632	0	5.89	60	60	1800
-1204.203015	-6260.529619	0	9.93	60	60	1800
7375.636570	-5625.130941	1	3.62	60	60	3600
-4568.010916	-7898.833415	1	1.23	60	60	2700
-5816.281941	-3147.315797	1	4.12	60	60	2700
8451.820740	9915.021204	1	2.77	60	60	3600
972.813284	-1592.787394	0	7.17	60	60	1800
9672.881999	2351.133840	1	0.53	60	60	3600
3009.608532	3030.164499	1	1.20	60	60	1800
-7071.504935	5649.190702	1	0.53	60	60	2700
3397.967029	4391.276813	1	2.35	60	60	1800
-7052.780288	-915.408165	0	9.49	60	60	2700
-9721.513758	-6659.960842	1	4.08	60	60	3600
-3398.307469	1209.614148	1	2.01	60	60	1800
-8920.256714	-5288.997574	1	1.18	60	60	3600
-6214.351323	8091.439538	1	3.94	60	60	3600
5437.970934	6415.764896	1	3.42	60	60	2700
2699.286077	-7111.903134	1	2.49	60	60	2700
-5827.382438	-3884.003156	1	3.83	60	60	2700
808.874408	-436.972811	1	1.20	60	60	1800
2199.405505	3645.175033	1	4.29	60	60	1800
7329.896397	3788.171056	1	3.34	60	60	2700
8065.510729	-8948.399864	1	4.83	60	60	3600
-4063.543812	-8291.461859	1	2.31	60	60	2700
8364.693532	-6208.956542	0	8.66	60	60	3600
2195.296496	-5040.879473	1	2.59	60	60	1800
240.979380	661.244785	1	4.53	60	60	1800
5721.415701	-7902.675256	0	5.12	60	60	3600
4532.537930	-6715.402726	1	4.09	60	60	2700
5916.755282	4617.155876	1	4.25	60	60	2700
-2044.213228	-2866.391299	0	6.26	60	60	1800
3074.002822	-4622.434348	1	4.69	60	60	1800
-2192.768725	9936.155697	1	1.40	60	60	3600
1501.249408	7187.811420	0	9.63	60	60	2700
-2704.287604	9421.786709	1	0.59	60	60	3600
-2071.362035	7261.801060	0	7.41	60	60	2700
8891.705486	-9808.605252	1	3.80	60	60	3600
5050.422806	608.282025	1	4.02	60	60	1800
5155.807954	-9928.787103	0	7.38	60	60	3600
-3429.305359	8288.327619	1	4.62	60	60	2700
9861.142122	8593.168626	0	8.81	60	60	3600
-178.762834	-5103.080869	1	1.69	60	60	1800
1980.915926	-5746.181507	0	9.06	60	60	1800
6284.246943	5562.866275	1	2.58	60	60	2700
-1599.789771	3694.853969	0	6.50	60	60	1800
-8274.097802	-9045.430827	0	9.68	60	60	3600
-8810.006028	-9688.706758	1	4.31	60	60	3600
-9583.555572	797.319277	1	2.08	60	60	3600
8902.568951	9561.251221	0	5.81	60	60	3600
5295.246795	4415.857615	1	4.79	60	60	2700
-9556.113861	2866.969464	1	1.81	60	60	3600
4508.594109	-6053.896454	0	5.78	60	60	2700
-2815.511856	-2142.920019	1	4.95	60	60	1800
4930.920344	5833.243494	1	1.01	60	60	2700
-692.956629	-8586.820038	1	3.26	60	60	2700
-873.037218	3046.649220	1	1.61	60	60	1800
-8412.797630	-6980.132877	1	4.79	60	60	3600
-2294.073785	-4271.241150	0	6.83	60	60	1800
9148.172111	-3701.866673	1	2.86	60	60	3600
-527.212570	2645.753220	0	7.57	60	60	1800
2976.477634	-9868.852829	1	2.28	60	60	3600
-9249.874939	12.544022	1	4.59	60	60	3600
6507.536882	1431.329012	0	6.27	60	60	2700
-6774.697541	-32.049823	1	2.47	60	60	2700
-8338.052187	3218.437087	1	4.16	60	60	2700
2150.973057	-688.022011	1	3.50	60	60	1800
-8109.177914	6533.590710	1	2.70	60	60	3600
2577.257532	-2738.916045	1	3.62	60	60	1800
7415.226929	8935.706830	1	1.14	60	60	3600
4702.303191	-7915.342284	1	4.68	60	60	2700
7404.296120	-2458.226816	1	4.77	60	60	2700
634.214858	-7916.980725	1	2.88	60	60	2700
656.871693	-2185.986825	0	8.47	60	60	1800
1176.731971	7989.787919	0	9.02	60	60	2700
8702.298087	3624.668416	1	3.83	60	60	3600
9023.060441	2870.105011	0	5.52	60	60	3600
224.110523	-1221.649806	1	1.38	60	60	1800
-6989.654667	-7690.032688	1	1.64	60	60	3600
5995.374514	-1664.654894	0	9.23	60	60	1800
-4079.313975	1408.301586	1	4.24	60	60	1800
-5295.472881	5846.934782	0	6.79	60	60	2700
8424.493508	1007.920393	1	3.05	60	60	2700
90.002920	9103.394773	1	0.68	60	60	2700
-6933.802710	4022.209282	1	1.28	60	60	2700
-7436.084705	-7090.252915	1	3.58	60	60	3600
-5610.294807	-2089.658399	1	2.49	60	60	1800
8722.882345	-126.856454	0	9.07	60	60	2700
4134.927910	-3532.062434	1	1.96	60	60	1800
9029.942992	1239.404878	0	8.40	60	60	2700
9838.508956	-3274.815974	1	3.71	60	60	3600
