trucks_count 3
drones_count 3
customers 200
depot 0 0
Coordinate X         Coordinate Y         Dronable Demand
X	Y	Dronable	Demand	Drone_service	Truck_service	Lw
-183.180754	-7589.455806	1	0.70	60	60	2700
8324.692423	5134.949954	1	3.15	60	60	3600
2699.032063	4754.793554	1	0.73	60	60	1800
-2667.373026	-6611.359245	0	8.99	60	60	2700
6760.127287	3014.693057	1	1.61	60	60	2700
3130.523242	9508.996000	1	4.60	60	60	3600
1244.668681	2225.302812	0	9.96	60	60	1800
-9954.647280	-3749.228269	1	1.74	60	60	3600
-4371.402255	-8746.352807	0	5.60	60	60	3600
-1466.102646	2362.627953	0	6.52	60	60	1800
-2657.860350	3449.444492	1	3.90	60	60	1800
4677.594305	-7579.930229	0	9.11	60	60	2700
-8401.123297	-8023.563943	1	0.86	60	60	3600
5289.813619	5568.775372	1	1.13	60	60	2700
-9095.665947	-3421.042245	1	4.46	60	60	3600
-5658.838222	6217.824964	0	6.03	60	60	2700
1418.629656	-2067.885674	1	4.79	60	60	1800
6702.350143	7856.216207	1	2.35	60	60	3600
-8990.091534	2820.302003	1	3.78	60	60	3600
9663.080545	-4059.096407	1	0.93	60	60	3600
-3836.428056	8857.716369	0	5.40	60	60	3600
-6708.838713	273.970814	1	1.75	60	60	1800
138.935674	1377.493539	1	0.53	60	60	1800
-3207.518247	-7190.865074	0	6.69	60	60	2700
-1245.151907	7084.666998	0	5.94	60	60	2700
2463.330643	-459.394168	1	4.74	60	60	1800
7416.232266	5041.934062	1	0.55	60	60	2700
-56.831364	4788.626497	1	0.59	60	60	1800
4770.289347	3936.611016	1	4.50	60	60	1800
9052.462879	-3292.995898	1	2.63	60	60	3600
3254.597258	-8869.035919	0	9.10	60	60	3600
5838.768205	7916.924476	1	4.35	60	60	3600
-1844.481198	7834.509320	1	4.54	60	60	2700
7617.050745	-1685.419358	0	6.76	60	60	2700
3145.124370	-8333.938529	1	0.94	60	60	2700
-4766.193019	5930.361504	1	1.20	60	60	2700
6182.899144	6639.148749	1	1.05	60	60	2700
-5480.426160	-353.277494	1	2.24	60	60	1800
5233.255554	-4826.520641	0	5.33	60	60	2700
5746.749948	-5710.523994	1	1.79	60	60	2700
-6864.546306	9288.760839	1	4.48	60	60	3600
9209.484741	-7877.714220	0	7.84	60	60	3600
3924.387368	-8536.767581	1	0.57	60	60	2700
-8566.637905	-8544.647993	1	2.89	60	60	3600
5848.162825	-9396.897260	1	1.52	60	60	3600
6528.099184	-3090.029328	1	4.78	60	60	2700
-6066.015065	-928.162037	1	4.87	60	60	1800
6034.111374	-4235.992657	1	4.02	60	60	2700
-6530.217821	7592.437617	1	1.87	60	60	3600
3158.276631	2111.657392	1	4.70	60	60	1800
-1826.863386	-4416.410464	1	3.97	60	60	1800
8766.159964	1933.083650	1	2.06	60	60	2700
-1609.140986	9656.356066	1	3.02	60	60	3600
9434.413009	1023.229951	1	4.10	60	60	3600
-4337.382246	3479.858863	0	6.07	60	60	1800
7721.251636	4544.057946	1	1.43	60	60	2700
6779.070561	-5976.626565	0	8.90	60	60	2700
9620.372574	-2587.695011	1	1.83	60	60	3600
-8319.611746	6455.073609	1	2.07	60	60	3600
-4829.188895	-2768.748353	1	3.37	60	60	1800
3131.152268	-7450.976516	1	2.13	60	60	2700
638.769720	-2035.765701	1	2.54	60	60	1800
-2498.372997	-5367.777761	1	1.26	60	60	1800
3292.523449	3928.675857	0	9.19	60	60	1800
-9342.545449	-7132.999888	1	2.96	60	60	3600
1697.432807	-6987.853603	1	2.34	60	60	2700
8708.809790	3366.657359	1	0.58	60	60	2700
1534.014122	-3429.429805	1	3.64	60	60	1800
5914.993431	3865.861076	1	1.58	60	60	2700
1240.338738	4475.137123	1	3.33	60	60	1800
-3216.366514	9546.031622	0	7.25	60	60	3600
9675.502025	5313.063885	1	0.73	60	60	3600
1302.418598	973.617638	1	3.15	60	60	1800
9127.312157	5977.749208	0	5.88	60	60	3600
2556.221300	4114.332050	0	7.84	60	60	1800
-5597.048685	-1900.595041	0	7.97	60	60	1800
3227.555663	5116.489571	1	3.37	60	60	1800
2460.673425	6725.098668	1	2.83	60	60	2700
-1577.353713	-1937.435724	1	4.36	60	60	1800
7333.158505	6429.337442	1	1.93	60	60	3600
7167.733116	-6698.504854	1	3.43	60	60	3600
-7619.348212	-3313.608175	1	4.92	60	60	2700
5278.870992	9320.089748	1	1.17	60	60	3600
-8071.705441	3434.374604	1	2.63	60	60	2700
73.487149	-8868.032466	1	3.76	60	60	2700
899.523544	-1494.978183	1	3.34	60	60	1800
3495.660406	6185.315892	1	3.16	60	60	2700
2406.804761	747.768191	1	4.48	60	60	1800
-7732.812770	6096.242847	0	7.22	60	60	3600
7273.704981	4250.946507	1	2.52	60	60	2700
-3641.244163	-4467.367420	1	4.37	60	60	1800
-7449.962919	-5830.893731	1	1.60	60	60	3600
6800.042889	328.328803	0	7.99	60	60	2700
-8925.156042	7183.994056	1	2.55	60	60	3600
224.668379	6756.128094	1	4.16	60	60	2700
1698.558341	-5255.298235	1	2.75	60	60	1800
-5846.848566	-3807.356496	1	3.75	60	60	2700
-2968.649634	-9711.653780	1	0.51	60	60	3600
-4986.705592	2165.412400	1	4.19	60	60	1800
-6837.559745	-3113.344302	1	3.94	60	60	2700
4161.443995	-6433.303320	1	4.44	60	60	2700
1275.444909	6306.633349	1	1.70	60	60	1800
615.731590	-9688.705136	1	4.53	60	60	3600
246.433942	-5146.816355	0	6.10	60	60	1800
1396.289848	9288.495881	1	1.37	60	60	2700
2026.831206	-1941.124436	1	2.63	60	60	1800
-1781.936148	-5820.054196	1	2.76	60	60	1800
6247.059587	8947.151718	0	5.12	60	60	3600
-4442.938437	-446.486221	1	2.71	60	60	1800
-3979.668547	-2791.815957	1	2.67	60	60	1800
4564.584520	2291.083559	0	9.41	60	60	1800
2156.859594	8016.036248	1	1.11	60	60	2700
3278.943255	8545.838448	1	3.94	60	60	2700
7701.591796	5584.624175	1	2.71	60	60	3600
-4425.004855	738.514553	1	0.70	60	60	1800
9941.102452	7965.956245	1	1.00	60	60	3600
-5455.378528	4923.428825	1	2.08	60	60	2700
-6034.294596	-7761.298940	1	1.58	60	60	3600
4725.577025	-289.195602	1	1.06	60	60	1800
-695.234352	2151.951487	1	3.31	60	60	1800
711.441174	2357.775312	1	4.26	60	60	1800
-2094.388198	-760.744902	1	4.49	60	60	1800
9994.498716	-1619.451804	0	5.46	60	60	3600
9835.100983	-7174.560655	1	1.37	60	60	3600
-7872.792497	4180.830296	1	0.72	60	60	2700
-528.388156	-2648.861069	1	0.77	60	60	1800
7476.815699	-3711.150111	1	2.77	60	60	2700
-9075.596062	-1197.917231	1	2.53	60	60	2700
-4827.770251	-4501.413919	1	4.59	60	60	1800
9893.321061	-3297.808366	1	3.55	60	60	3600
267.867813	7320.431048	1	4.46	60	60	2700
-547.245584	-8533.193507	1	2.46	60	60	2700
8645.874350	4101.872450	1	4.39	60	60	3600
7650.794386	8561.385851	0	8.48	60	60	3600
5754.978444	7276.374346	1	4.87	60	60	2700
-5936.221137	-5939.554388	1	4.01	60	60	2700
2156.054316	9043.214776	1	1.24	60	60	2700
-9171.506130	6047.595408	1	3.46	60	60	3600
6077.716683	-774.665811	1	3.57	60	60	1800
-6707.407282	5479.994243	0	7.83	60	60	2700
-8772.771126	-5104.634813	1	3.54	60	60	3600
3599.462545	644.788160	1	4.15	60	60	1800
9107.541220	538.070758	1	4.31	60	60	2700
4556.361227	1546.302470	0	7.96	60	60	1800
9407.534699	3215.858935	1	3.38	60	60	3600
-9344.778326	6594.255608	1	1.16	60	60	3600
-5957.156633	-8433.210162	1	4.77	60	60	3600
3037.708510	5899.744520	0	6.88	60	60	1800
-2352.328693	7747.056242	1	1.66	60	60	2700
-9214.801046	1238.106662	1	2.90	60	60	2700
1853.091842	4392.177422	0	6.92	60	60	1800
3066.774104	-6174.617774	1	4.69	60	60	2700
4676.886946	9300.112126	0	7.48	60	60	3600
5185.294483	3444.948493	1	2.08	60	60	1800
7915.778026	-669.379850	0	6.27	60	60	2700
4607.698748	5007.351807	1	1.24	60	60	2700
-7723.833784	8064.163899	1	4.92	60	60	3600
-1133.638500	-8466.442766	1	3.70	60	60	2700
-513.920131	6438.381509	1	3.17	60	60	1800
-5431.858835	-9291.182378	1	4.64	60	60	3600
8524.219213	7272.514239	1	1.57	60	60	3600
9536.865474	6274.654723	1	4.92	60	60	3600
-9685.773429	3861.491134	1	2.70	60	60	3600
-4222.001047	-7358.272608	1	3.16	60	60	2700
6927.678703	3561.820180	0	5.60	60	60	2700
3830.735927	-7404.756854	0	5.11	60	60	2700
7629.476111	3427.487183	1	4.02	60	60	2700
4577.787976	-4084.343095	0	6.69	60	60	1800
1670.343426	-150.540660	1	0.51	60	60	1800
5531.675732	-7110.231765	1	3.50	60	60	2700
9639.585457	9034.491388	1	4.02	60	60	3600
-8713.920879	1125.420107	1	3.22	60	60	2700
5602.558121	2413.666700	0	6.92	60	60	1800
-2089.815994	130.859760	1	0.67	60	60	1800
-1890.718984	4578.912185	1	4.43	60	60	1800
9085.912926	4930.156891	0	9.09	60	60	3600
8857.162793	7677.216653	1	1.34	60	60	3600
-5265.603380	8515.087400	1	2.98	60	60	3600
1670.111029	5357.167888	1	2.26	60	60	1800
-1279.013606	8541.358387	1	4.95	60	60	2700
-9074.769762	3414.941470	1	3.49	60	60	3600
6052.971645	531.492951	1	4.11	60	60	1800
4164.712514	-9085.979135	1	4.26	60	60	3600
-3149.603144	1356.524135	0	9.43	60	60	1800
-9300.531816	-2021.114120	1	2.26	60	60	3600
7516.148594	1933.922818	1	2.83	60	60	2700
-155.709041	-5637.495596	1	4.37	60	60	1800
2872.608759	3611.941048	1	4.29	60	60	1800
-2675.387333	-8917.768284	1	2.38	60	60	2700
3922.282385	-3865.414688	1	2.59	60	60	1800
3833.545697	3982.457036	1	4.76	60	60	1800
1444.671134	3479.366896	1	2.04	60	60	1800
-6255.154280	1300.087868	1	0.99	60	60	1800
5081.923381	-1262.725425	1	0.60	60	60	1800
9729.192602	-5373.251566	1	2.49	60	60	3600
-4927.718314	-8200.567148	1	2.05	60	60	3600
9325.185644	-5729.727454	0	7.63	60	60	3600
7234.913695	6929.452302	1	1.10	60	60	3600
-6991.912822	-9298.193646	1	3.17	60	60	3600
-7995.479899	-2071.077182	1	2.74	60	60	2700
