trucks_count 1
drones_count 1
customers 100
depot 0 0
Coordinate X Coordinate Y Dronable Demand
X Y Dronable Demand Drone_service Truck_service Lw
2873.765 -4896.577 1 0.58 60 60 3600
1262.211 -1112.888 1 0.59 60 60 3600
-4596.956 1445.190 1 0.93 60 60 3600
1232.758 -2183.353 1 1.87 60 60 3600
1808.950 2420.052 1 1.11 60 60 3600
679.451 -423.439 1 0.78 60 60 3600
-2729.881 -4397.763 1 0.22 60 60 3600
-993.746 -1658.473 1 0.54 60 60 3600
-2077.097 23.244 1 0.21 60 60 3600
3571.060 -3041.518 1 1.14 60 60 3600
774.127 1860.135 1 1.33 60 60 3600
-4392.878 4827.247 1 1.98 60 60 3600
-1314.131 -210.517 1 1.10 60 60 3600
-2186.509 973.237 1 0.64 60 60 3600
1005.048 -3563.175 1 1.14 60 60 3600
2965.572 -3959.396 1 1.21 60 60 3600
2299.507 -2599.656 1 1.20 60 60 3600
21.315 -2041.264 1 1.70 60 60 3600
1180.214 -190.580 1 1.47 60 60 3600
-1581.177 652.035 1 0.60 60 60 3600
-4195.327 -3160.275 1 0.98 60 60 3600
-2590.341 -1087.084 1 1.02 60 60 3600
-3571.673 4635.821 1 0.42 60 60 3600
2114.655 1913.346 1 1.04 60 60 3600
-4.583 561.654 1 0.57 60 60 3600
-1912.261 3331.752 1 0.61 60 60 3600
-1603.479 2928.306 1 1.24 60 60 3600
-2842.733 4444.150 1 0.21 60 60 3600
3617.047 -1454.741 1 0.58 60 60 3600
1324.139 701.650 1 1.07 60 60 3600
-4340.178 3671.189 1 0.48 60 60 3600
-1739.725 1832.828 1 1.50 60 60 3600
-3509.225 -2050.414 1 0.65 60 60 3600
-3120.992 -3347.326 1 1.16 60 60 3600
-1951.160 3913.132 1 0.63 60 60 3600
-2895.335 -4994.283 1 0.91 60 60 3600
-356.587 -930.034 1 0.50 60 60 3600
335.470 -1311.094 1 0.35 60 60 3600
-1448.943 4015.691 1 1.01 60 60 3600
-4884.921 291.903 1 1.09 60 60 3600
438.356 -2956.926 1 0.21 60 60 3600
2162.315 2887.986 1 1.67 60 60 3600
-461.469 1015.205 1 1.85 60 60 3600
-3355.239 -919.704 1 1.33 60 60 3600
1429.582 2746.075 1 0.77 60 60 3600
3033.799 -2952.474 1 1.33 60 60 3600
-2728.041 1595.204 1 1.70 60 60 3600
1783.374 -3990.054 1 0.90 60 60 3600
-3949.108 1193.762 1 1.57 60 60 3600
-4668.809 2392.590 1 1.04 60 60 3600
2520.971 -546.837 1 1.81 60 60 3600
-248.983 1849.838 1 0.41 60 60 3600
-2691.917 804.126 1 0.89 60 60 3600
2167.522 -161.715 1 1.52 60 60 3600
-901.903 2219.487 1 1.32 60 60 3600
-1950.464 2387.235 1 0.62 60 60 3600
-3401.683 2876.397 1 1.88 60 60 3600
-3514.218 -3856.036 1 1.99 60 60 3600
-4261.548 3018.019 1 0.31 60 60 3600
-4412.125 -4008.488 1 0.33 60 60 3600
391.049 -4873.723 1 1.54 60 60 3600
406.918 -4251.066 1 0.26 60 60 3600
711.034 312.731 1 0.24 60 60 3600
3754.955 -2009.460 1 1.95 60 60 3600
-2662.356 -2891.582 1 0.77 60 60 3600
450.629 955.348 1 1.46 60 60 3600
-4104.112 4387.667 1 1.52 60 60 3600
-4525.590 749.751 1 0.86 60 60 3600
-4212.163 -2498.522 1 1.45 60 60 3600
2567.758 -1761.761 1 0.30 60 60 3600
1055.171 -4237.284 1 0.91 60 60 3600
-123.286 -4667.102 1 0.75 60 60 3600
-1673.592 -1345.080 1 0.98 60 60 3600
-4844.838 4112.651 1 1.47 60 60 3600
-3234.322 1535.793 1 1.93 60 60 3600
-4161.603 -1941.109 1 0.22 60 60 3600
-2694.338 2399.792 1 1.27 60 60 3600
4899.679 -4446.510 1 0.21 60 60 3600
4046.881 -4142.139 1 1.86 60 60 3600
-268.064 -197.693 1 1.96 60 60 3600
-3655.541 -137.736 1 0.33 60 60 3600
-2921.893 3277.060 1 1.13 60 60 3600
-4984.721 3470.546 1 1.37 60 60 3600
-4751.627 -4440.043 1 1.10 60 60 3600
-4961.680 -2520.485 1 0.34 60 60 3600
255.593 2748.969 1 1.25 60 60 3600
2329.136 -4941.216 1 1.21 60 60 3600
-2930.238 -126.348 1 0.39 60 60 3600
-3787.505 3880.393 1 1.75 60 60 3600
1904.249 689.238 1 1.38 60 60 3600
4546.659 -2293.919 1 1.54 60 60 3600
1472.430 1500.928 1 1.05 60 60 3600
-2490.469 4808.824 1 0.64 60 60 3600
-3921.651 383.720 1 1.45 60 60 3600
-3627.668 2059.965 1 1.92 60 60 3600
-1868.873 4946.682 1 1.39 60 60 3600
-4779.645 -3069.382 1 0.83 60 60 3600
870.632 2872.713 1 0.28 60 60 3600
-1415.968 -3512.691 1 0.87 60 60 3600
1842.029 -1206.141 1 0.68 60 60 3600
