id x_km y_km x_m y_m dronable demand_kg drone_service_sec truck_service_sec deadline_sec
1 6.308116 8.980742 6308.115663 8980.742325 1 3.07 60 60 3600
2 3.713382 6.075959 3713.381638 6075.959071 1 2.32 60 60 2700
3 0.554675 -0.401992 554.675463 -401.991622 0 6.76 60 60 1800
4 -7.784117 5.391493 -7784.116808 5391.493433 1 4.75 60 60 3600
5 -7.829686 4.141305 -7829.685500 4141.305162 1 4.63 60 60 2700
6 8.573568 2.204712 8573.567897 2204.712047 1 3.87 60 60 2700
7 4.333569 -2.174156 4333.568811 -2174.155707 1 2.25 60 60 1800
8 -1.284264 -7.093340 -1284.263884 -7093.340434 1 3.50 60 60 2700
9 -3.910311 7.201499 -3910.311482 7201.498501 1 1.74 60 60 2700
10 7.382733 -5.090526 7382.732809 -5090.525693 0 8.18 60 60 2700
11 -9.060329 8.383815 -9060.329421 8383.815304 1 4.95 60 60 3600
12 -9.403663 -5.216677 -9403.663092 -5216.676747 1 1.79 60 60 3600
13 -4.796563 6.906181 -4796.562706 6906.181484 0 8.74 60 60 2700
14 -8.018499 9.351870 -8018.498583 9351.869575 1 3.45 60 60 3600
15 8.934043 -9.209376 8934.042549 -9209.375987 1 4.84 60 60 3600
16 -4.593829 -2.702039 -4593.829284 -2702.039375 1 4.10 60 60 1800
17 -3.499124 -3.501172 -3499.123983 -3501.171600 1 2.06 60 60 1800
18 -0.442514 -1.198036 -442.513751 -1198.036310 1 0.61 60 60 1800
19 4.987628 4.132234 4987.627842 4132.234374 0 9.19 60 60 1800
20 5.040495 8.425435 5040.494868 8425.434979 1 2.43 60 60 3600
21 -3.636147 -7.222371 -3636.146860 -7222.371067 1 4.78 60 60 2700
22 -1.065139 -5.440515 -1065.139469 -5440.515479 1 1.72 60 60 1800
23 5.672443 2.312263 5672.442721 2312.263130 1 3.83 60 60 1800
24 5.524878 -6.861052 5524.877889 -6861.051880 1 3.49 60 60 2700
25 0.990652 -7.927545 990.651653 -7927.545227 1 4.20 60 60 2700
26 -7.120754 -2.771682 -7120.753842 -2771.681966 1 1.91 60 60 2700
27 -2.391138 7.644204 -2391.138262 7644.204005 1 3.58 60 60 2700
28 0.992704 -3.421650 992.703751 -3421.649939 1 0.67 60 60 1800
29 9.643090 -1.913491 9643.089862 -1913.491290 1 4.99 60 60 3600
30 9.137943 -0.354413 9137.942962 -354.412879 1 4.24 60 60 2700
31 3.604267 -8.098568 3604.267042 -8098.568276 1 1.92 60 60 2700
32 -2.990616 -2.107131 -2990.616052 -2107.131279 1 0.52 60 60 1800
33 -4.473408 -8.646910 -4473.408409 -8646.909876 1 2.54 60 60 3600
34 6.276626 -3.273760 6276.625690 -3273.760068 1 2.10 60 60 2700
35 -3.284927 5.975692 -3284.927314 5975.692067 1 4.30 60 60 2700
36 9.270647 1.448323 9270.646649 1448.322722 0 8.04 60 60 3600
37 6.983472 -1.494373 6983.472354 -1494.372800 0 7.23 60 60 2700
38 9.653223 -5.167735 9653.223088 -5167.735437 1 4.92 60 60 3600
39 -0.240719 7.702334 -240.719349 7702.333789 1 2.48 60 60 2700
40 1.335201 -9.423510 1335.201206 -9423.510037 1 3.10 60 60 3600
41 6.555392 -2.435597 6555.391986 -2435.597306 1 4.26 60 60 2700
42 6.374171 2.071930 6374.170682 2071.929519 1 0.70 60 60 2700
43 -0.701145 -7.332856 -701.145437 -7332.855605 1 1.44 60 60 2700
44 -2.550511 4.969100 -2550.511147 4969.099805 1 2.68 60 60 1800
45 2.293012 -0.858539 2293.012059 -858.538834 0 8.75 60 60 1800
46 0.733172 -1.919492 733.171864 -1919.492288 1 4.77 60 60 1800
47 6.577745 5.607500 6577.745133 5607.499981 1 0.58 60 60 2700
48 6.058512 -8.123309 6058.512472 -8123.309012 1 0.90 60 60 3600
49 8.415494 -6.546080 8415.494260 -6546.079600 1 2.58 60 60 3600
50 -1.378888 -4.632430 -1378.887678 -4632.429540 0 5.91 60 60 1800
51 -5.748290 -8.464347 -5748.289724 -8464.347199 1 4.58 60 60 3600
52 -4.260397 4.326262 -4260.396604 4326.262436 1 1.55 60 60 1800
53 2.874111 4.364621 2874.110546 4364.621048 0 5.51 60 60 1800
54 -6.300256 0.524913 -6300.255659 524.912827 1 0.64 60 60 1800
55 -0.164700 -6.304257 -164.699929 -6304.257499 1 2.32 60 60 1800
56 7.780288 -2.660989 7780.288021 -2660.989440 1 3.76 60 60 2700
57 -2.165706 -0.082460 -2165.706417 -82.460131 1 0.93 60 60 1800
58 2.313528 7.554059 2313.528055 7554.058612 1 4.78 60 60 2700
59 1.995077 -5.233543 1995.076524 -5233.542798 0 9.96 60 60 1800
60 3.958482 -1.653225 3958.482485 -1653.225273 1 3.71 60 60 1800
61 -6.291481 -0.132293 -6291.481108 -132.292944 1 1.77 60 60 1800
62 -4.049913 -1.046137 -4049.913398 -1046.137137 1 2.21 60 60 1800
63 6.061915 -3.752428 6061.914501 -3752.427739 1 2.92 60 60 2700
64 -4.402188 5.553359 -4402.188469 5553.358674 1 1.38 60 60 2700
65 -7.289827 4.556727 -7289.827296 4556.727031 0 8.91 60 60 2700
66 -4.772756 8.105921 -4772.756237 8105.920649 1 1.96 60 60 3600
67 -4.982335 6.414684 -4982.335151 6414.684146 0 5.58 60 60 2700
68 -2.775481 -7.312594 -2775.480942 -7312.594223 1 0.63 60 60 2700
69 6.662191 -3.717051 6662.191188 -3717.050960 1 3.20 60 60 2700
70 -5.798724 -4.693657 -5798.724436 -4693.657408 0 6.89 60 60 2700
71 -6.164679 5.710440 -6164.679081 5710.439884 1 4.91 60 60 2700
72 -4.490821 -6.358408 -4490.821158 -6358.408343 1 2.41 60 60 2700
73 8.341226 -3.357666 8341.225722 -3357.665697 1 4.16 60 60 2700
74 -6.064460 2.009517 -6064.459817 2009.516627 0 8.97 60 60 1800
75 -5.210982 -1.792019 -5210.982459 -1792.018894 1 2.94 60 60 1800
76 6.699015 7.171307 6699.015182 7171.306757 1 1.50 60 60 3600
77 -4.343825 -4.245220 -4343.824518 -4245.219802 1 3.17 60 60 1800
78 0.212146 6.519236 212.146029 6519.235609 1 1.85 60 60 1800
79 4.633811 -3.665234 4633.810900 -3665.234409 1 4.43 60 60 1800
80 1.420807 2.753066 1420.807241 2753.066427 1 4.72 60 60 1800
81 -6.675409 4.781931 -6675.409310 4781.931071 1 0.55 60 60 2700
82 8.799701 -4.251772 8799.700731 -4251.771578 1 2.35 60 60 3600
83 -0.282219 2.515957 -282.218562 2515.956524 1 0.51 60 60 1800
84 -7.921522 2.404707 -7921.522164 2404.706850 1 1.15 60 60 2700
85 -6.697990 8.358289 -6697.989548 8358.288662 1 1.36 60 60 3600
86 -3.354635 -6.434164 -3354.635459 -6434.163785 1 1.72 60 60 2700
87 -4.775331 4.047405 -4775.331493 4047.405250 1 4.08 60 60 1800
88 -5.823449 -7.085103 -5823.448581 -7085.102881 1 3.43 60 60 2700
89 -7.263955 -3.647698 -7263.954895 -3647.698335 1 4.64 60 60 2700
90 -4.840600 8.666154 -4840.599843 8666.153537 1 3.66 60 60 3600
91 -7.483041 -5.124152 -7483.041150 -5124.151901 1 2.38 60 60 2700
92 -4.568157 -3.255263 -4568.156735 -3255.262826 1 1.46 60 60 1800
93 -4.325970 6.425085 -4325.970001 6425.085030 0 5.95 60 60 2700
94 1.240040 -0.791270 1240.040441 -791.270185 1 3.26 60 60 1800
95 -9.313691 2.042296 -9313.691080 2042.296372 1 0.61 60 60 3600
96 -3.901881 5.155667 -3901.881182 5155.667414 1 2.90 60 60 1800
97 -2.682126 -9.465113 -2682.125765 -9465.112871 1 1.14 60 60 3600
98 2.208024 -2.206677 2208.023983 -2206.677157 1 2.27 60 60 1800
99 2.588574 -4.471914 2588.573981 -4471.914085 0 7.56 60 60 1800
100 -9.346728 0.267612 -9346.727658 267.612293 0 8.05 60 60 3600
101 -5.324282 -9.355136 -5324.281738 -9355.135626 1 3.23 60 60 3600
102 4.609034 -0.231511 4609.034049 -231.510598 1 1.60 60 60 1800
103 7.378094 -8.562084 7378.094117 -8562.084338 1 1.60 60 60 3600
104 2.850933 -7.931638 2850.933149 -7931.637577 0 9.94 60 60 2700
105 1.848330 -8.563105 1848.329503 -8563.104500 0 8.94 60 60 2700
106 -4.503846 -5.003352 -4503.846460 -5003.352483 1 4.54 60 60 2700
107 4.004185 7.294981 4004.184778 7294.980750 1 3.03 60 60 2700
108 -3.336243 0.779341 -3336.242991 779.341376 0 8.58 60 60 1800
109 9.955265 6.542162 9955.265266 6542.161601 1 4.00 60 60 3600
110 4.890276 7.265414 4890.275562 7265.413663 1 4.78 60 60 2700
111 -8.472134 -5.533044 -8472.134124 -5533.044035 1 1.46 60 60 3600
112 2.757817 -8.476771 2757.817004 -8476.771383 1 1.32 60 60 2700
113 7.325594 -0.965374 7325.593821 -965.374075 1 2.56 60 60 2700
114 -5.318436 9.391901 -5318.435597 9391.900826 1 1.30 60 60 3600
115 -1.207525 9.299212 -1207.524902 9299.212481 1 4.26 60 60 3600
116 -2.892204 -7.905651 -2892.204356 -7905.650946 1 2.68 60 60 2700
117 -1.618497 -6.612783 -1618.497372 -6612.782898 1 4.59 60 60 2700
118 3.081108 -3.293559 3081.108342 -3293.558507 1 2.84 60 60 1800
119 -3.501083 9.347559 -3501.082664 9347.558720 0 8.41 60 60 3600
120 8.069008 -1.442829 8069.007778 -1442.829490 1 3.71 60 60 2700
121 3.068758 -1.759670 3068.758488 -1759.669853 0 9.99 60 60 1800
122 3.823399 -6.032431 3823.399434 -6032.430987 1 4.06 60 60 2700
123 -0.376332 -3.584400 -376.331661 -3584.399755 1 0.91 60 60 1800
124 -3.128654 5.415215 -3128.653601 5415.215245 1 2.66 60 60 1800
125 -9.587857 2.695191 -9587.857048 2695.190729 0 6.02 60 60 3600
126 -0.647302 5.903728 -647.301812 5903.727752 1 4.46 60 60 1800
127 7.081933 3.214469 7081.933071 3214.468730 1 1.11 60 60 2700
128 -6.687560 -1.848624 -6687.559622 -1848.623997 1 2.89 60 60 2700
129 -0.343364 -8.391293 -343.364099 -8391.292576 1 3.45 60 60 2700
130 4.812279 -7.871708 4812.278670 -7871.707900 0 8.51 60 60 2700
131 6.014759 -0.661461 6014.758765 -661.461085 0 6.07 60 60 1800
132 1.015603 -0.114923 1015.603025 -114.922754 1 0.81 60 60 1800
133 -1.037612 1.179755 -1037.612075 1179.755079 1 0.59 60 60 1800
134 -2.186564 9.737401 -2186.564375 9737.401262 0 7.26 60 60 3600
135 8.294137 3.091369 8294.137473 3091.369393 0 6.86 60 60 2700
136 0.064670 3.999872 64.670250 3999.871755 0 7.15 60 60 1800
137 -9.789678 9.563175 -9789.678138 9563.174550 1 0.91 60 60 3600
138 -8.141204 -4.513038 -8141.203773 -4513.037759 1 4.48 60 60 3600
139 3.998988 1.386570 3998.987765 1386.570118 1 3.30 60 60 1800
140 -1.604517 7.789390 -1604.516671 7789.389530 1 2.41 60 60 2700
141 7.095629 -4.103470 7095.628742 -4103.469872 1 2.95 60 60 2700
142 -7.281792 8.192332 -7281.791885 8192.332015 1 4.76 60 60 3600
143 5.913760 6.587133 5913.760471 6587.132857 1 4.70 60 60 2700
144 -3.909765 -8.290475 -3909.764880 -8290.474553 1 4.98 60 60 2700
145 9.320278 -8.299544 9320.277990 -8299.544433 1 2.73 60 60 3600
146 -2.503292 -0.717494 -2503.291522 -717.493951 1 4.75 60 60 1800
147 -8.172324 -5.104154 -8172.323573 -5104.154426 1 0.55 60 60 3600
148 0.816802 -9.447529 816.801588 -9447.528532 1 3.42 60 60 3600
149 -9.059820 -3.981575 -9059.819867 -3981.574802 1 4.84 60 60 3600
150 6.704148 0.189298 6704.148111 189.298477 1 1.73 60 60 2700
151 3.868710 -3.421559 3868.710128 -3421.558704 1 4.97 60 60 1800
152 8.405976 -2.041392 8405.976151 -2041.391547 1 4.47 60 60 2700
153 -0.182531 4.746081 -182.531302 4746.081057 1 4.82 60 60 1800
154 -7.081373 3.074325 -7081.373322 3074.324792 1 0.64 60 60 2700
155 3.312283 2.096747 3312.283222 2096.746750 1 3.18 60 60 1800
156 -3.478171 4.558701 -3478.171003 4558.700877 0 6.68 60 60 1800
157 8.632228 0.561839 8632.228039 561.839085 1 4.59 60 60 2700
158 7.862725 -0.423714 7862.725188 -423.714339 1 4.63 60 60 2700
159 -7.578855 -6.620692 -7578.855128 -6620.692083 1 4.46 60 60 3600
160 6.364604 -1.796590 6364.603504 -1796.590324 0 8.25 60 60 1800
161 -9.119379 0.857024 -9119.378603 857.024405 1 4.35 60 60 2700
162 7.431605 -7.940407 7431.604819 -7940.407375 1 2.50 60 60 3600
163 -8.103638 1.336653 -8103.637874 1336.652715 1 3.70 60 60 2700
164 4.201079 -2.902300 4201.078796 -2902.300235 0 5.14 60 60 1800
165 -2.027646 8.347494 -2027.646043 8347.494488 1 3.42 60 60 2700
166 -5.432696 2.300031 -5432.695552 2300.030655 1 2.13 60 60 1800
167 2.159064 5.193434 2159.064044 5193.433751 1 4.57 60 60 1800
168 8.437242 -0.600083 8437.242197 -600.082780 1 4.80 60 60 2700
169 -7.963656 -9.195456 -7963.656023 -9195.456032 1 1.32 60 60 3600
170 1.438835 -7.298649 1438.834874 -7298.648744 1 4.48 60 60 2700
171 -9.713991 4.047277 -9713.991097 4047.276616 1 3.86 60 60 3600
172 -3.895683 -0.184339 -3895.683290 -184.339059 1 1.21 60 60 1800
173 -0.864182 9.683793 -864.181795 9683.793230 0 6.97 60 60 3600
174 2.250573 1.975802 2250.572740 1975.802298 1 1.69 60 60 1800
175 7.225526 5.725590 7225.526320 5725.590223 1 1.66 60 60 2700
176 2.341429 8.658650 2341.429284 8658.649569 1 1.29 60 60 2700
177 1.908712 -3.603507 1908.711929 -3603.506930 1 3.98 60 60 1800
178 -1.635840 -3.918760 -1635.839788 -3918.760100 1 2.18 60 60 1800
179 -1.748883 6.425473 -1748.882538 6425.473289 1 2.10 60 60 2700
180 8.029478 2.217828 8029.477618 2217.827796 1 1.55 60 60 2700
181 -2.984034 9.891737 -2984.034059 9891.736687 1 2.87 60 60 3600
182 0.123920 -9.550422 123.920130 -9550.421706 1 2.99 60 60 3600
183 5.362022 7.670206 5362.021745 7670.205618 1 2.16 60 60 3600
184 -8.020716 -3.095312 -8020.715848 -3095.311971 1 4.08 60 60 2700
185 -3.883760 -2.195589 -3883.759523 -2195.588548 1 4.78 60 60 1800
186 7.373367 9.061062 7373.366868 9061.062102 1 0.99 60 60 3600
187 -4.631401 2.423662 -4631.400752 2423.661849 1 1.26 60 60 1800
188 -5.139541 1.539028 -5139.540733 1539.027864 1 0.65 60 60 1800
189 3.727235 3.770179 3727.235018 3770.179234 1 4.07 60 60 1800
190 2.291086 -9.156320 2291.085629 -9156.320384 1 4.99 60 60 3600
191 -9.446498 -6.279554 -9446.498192 -6279.553742 1 2.04 60 60 3600
192 -8.565150 5.365703 -8565.149792 5365.702580 1 1.01 60 60 3600
193 -1.079373 8.084158 -1079.373478 8084.157999 0 8.47 60 60 2700
194 4.790529 1.334827 4790.529153 1334.827170 0 5.60 60 60 1800
195 1.048057 6.056335 1048.057400 6056.335497 0 7.79 60 60 1800
196 9.076298 7.612039 9076.297801 7612.039024 0 8.40 60 60 3600
197 0.346387 2.562506 346.387111 2562.506486 1 1.58 60 60 1800
198 8.397020 -5.104826 8397.020336 -5104.825805 1 3.04 60 60 3600
199 1.728999 4.826645 1728.998530 4826.644773 1 1.10 60 60 1800
200 -1.335350 7.008771 -1335.350142 7008.770608 1 4.12 60 60 2700
201 5.875453 -2.960745 5875.452516 -2960.745276 1 1.77 60 60 1800
202 -6.637604 -9.195898 -6637.604017 -9195.898209 0 8.94 60 60 3600
203 -6.024017 3.356289 -6024.017148 3356.288973 1 2.14 60 60 2700
204 -8.049968 -6.430256 -8049.968211 -6430.255807 1 0.73 60 60 3600
205 4.131593 0.802646 4131.592517 802.646450 0 6.98 60 60 1800
206 3.654330 0.630508 3654.330328 630.508494 1 2.13 60 60 1800
207 -7.950944 8.565525 -7950.944477 8565.525497 1 3.47 60 60 3600
208 -0.455513 -3.027439 -455.512629 -3027.438856 1 1.08 60 60 1800
209 9.961568 -8.322942 9961.567813 -8322.942464 0 8.66 60 60 3600
210 -4.129291 3.606457 -4129.290816 3606.456858 1 1.70 60 60 1800
211 -2.832580 -5.392256 -2832.580442 -5392.255801 1 4.33 60 60 1800
212 -0.471722 -4.808303 -471.722133 -4808.302889 1 1.51 60 60 1800
213 3.118192 -7.235038 3118.192178 -7235.037745 1 4.41 60 60 2700
214 -9.426712 3.345102 -9426.712279 3345.101845 1 4.80 60 60 3600
215 5.360582 1.398005 5360.582323 1398.004587 1 3.12 60 60 1800
216 -5.547958 -0.145851 -5547.957661 -145.850847 1 1.39 60 60 1800
217 -7.249908 5.066875 -7249.907778 5066.875270 1 0.59 60 60 2700
218 -6.527411 -5.860752 -6527.411325 -5860.751896 1 0.61 60 60 2700
219 -3.952237 2.719947 -3952.237394 2719.946963 1 3.60 60 60 1800
220 4.811057 2.317281 4811.057038 2317.280937 1 4.56 60 60 1800
221 2.660654 -1.434425 2660.654122 -1434.424603 0 8.59 60 60 1800
222 6.474956 -7.728597 6474.955888 -7728.597461 1 2.43 60 60 3600
223 7.586709 4.982582 7586.709087 4982.582394 1 4.79 60 60 2700
224 3.384766 9.356388 3384.766013 9356.388034 1 4.05 60 60 3600
225 4.154934 5.201383 4154.934002 5201.382628 1 1.28 60 60 1800
226 -1.977859 -8.291771 -1977.858870 -8291.770678 0 7.22 60 60 2700
227 -0.331558 -2.243831 -331.557945 -2243.831232 1 0.79 60 60 1800
228 1.287347 0.576278 1287.347415 576.277534 0 9.94 60 60 1800
229 7.635729 -3.982997 7635.728942 -3982.997166 1 3.44 60 60 2700
230 -6.829878 1.724681 -6829.877687 1724.681097 1 2.03 60 60 2700
231 0.743853 -7.180199 743.852525 -7180.198659 1 2.90 60 60 2700
232 -2.922443 4.612885 -2922.442618 4612.885398 0 8.54 60 60 1800
233 -4.327727 -9.868085 -4327.726858 -9868.085386 0 7.24 60 60 3600
234 -7.250180 -8.730812 -7250.180269 -8730.812425 1 0.71 60 60 3600
235 1.929061 -6.899603 1929.061146 -6899.603437 0 7.53 60 60 2700
236 1.984707 0.439979 1984.706942 439.978932 1 1.53 60 60 1800
237 -3.324551 -5.265196 -3324.550503 -5265.195976 0 9.33 60 60 1800
238 -0.537224 3.418094 -537.223665 3418.093765 1 0.87 60 60 1800
239 5.177157 5.709990 5177.157236 5709.990273 1 3.05 60 60 2700
240 -0.870339 4.740224 -870.339342 4740.224394 0 9.63 60 60 1800
241 0.123147 9.272992 123.147309 9272.992245 1 1.19 60 60 2700
242 8.083587 5.058480 8083.586569 5058.479956 1 4.73 60 60 3600
243 -1.583017 4.274008 -1583.016694 4274.008254 1 0.51 60 60 1800
244 -1.786659 -7.677700 -1786.658747 -7677.699826 0 5.42 60 60 2700
245 1.082341 4.462205 1082.340529 4462.204538 1 2.56 60 60 1800
246 -0.338797 1.475679 -338.796682 1475.678891 1 4.73 60 60 1800
247 1.108904 9.005376 1108.904408 9005.375536 1 1.86 60 60 2700
248 6.004349 9.797030 6004.348708 9797.029546 1 2.66 60 60 3600
249 9.431245 -3.812976 9431.244794 -3812.976477 1 1.20 60 60 3600
250 -5.096081 3.475177 -5096.080935 3475.176881 0 6.09 60 60 1800
251 3.397556 -8.859736 3397.555645 -8859.736327 1 2.54 60 60 3600
252 6.551795 -9.300942 6551.794693 -9300.942191 1 4.32 60 60 3600
253 6.235463 3.627239 6235.462805 3627.238669 0 5.22 60 60 2700
254 6.807800 -8.649673 6807.800067 -8649.673494 1 0.66 60 60 3600
255 -4.067610 1.242583 -4067.610053 1242.583223 1 0.50 60 60 1800
256 5.643107 -9.189908 5643.107271 -9189.908178 1 4.63 60 60 3600
257 -5.708175 -5.278016 -5708.175449 -5278.016269 1 2.95 60 60 2700
258 -5.434240 6.861919 -5434.239660 6861.918936 1 2.97 60 60 2700
259 -8.602708 2.378864 -8602.708052 2378.864067 1 1.87 60 60 2700
260 -7.197850 9.822014 -7197.850053 9822.014251 1 3.64 60 60 3600
261 -6.635437 6.921693 -6635.436835 6921.692504 1 2.80 60 60 3600
262 -1.270940 1.677863 -1270.940275 1677.863243 1 3.16 60 60 1800
263 6.055040 1.457108 6055.039664 1457.108041 1 3.69 60 60 1800
264 -0.203430 -1.757303 -203.430265 -1757.303180 1 2.02 60 60 1800
265 9.199559 2.755718 9199.558668 2755.717876 1 4.66 60 60 3600
266 -8.492416 -4.147626 -8492.415811 -4147.625986 1 3.47 60 60 3600
267 3.553498 4.366189 3553.498472 4366.188820 0 9.70 60 60 1800
268 5.635100 -4.057865 5635.100204 -4057.864668 1 1.79 60 60 2700
269 0.714053 3.243913 714.053074 3243.913346 1 4.26 60 60 1800
270 7.238429 -6.271082 7238.429319 -6271.081917 1 2.18 60 60 3600
271 3.053777 0.825183 3053.776724 825.183398 1 4.90 60 60 1800
272 -9.067242 -8.222901 -9067.242056 -8222.900938 1 4.03 60 60 3600
273 1.648905 3.915452 1648.904685 3915.451647 0 5.63 60 60 1800
274 4.098085 6.752283 4098.084881 6752.282658 0 7.56 60 60 2700
275 1.884106 -6.355226 1884.106179 -6355.225585 1 4.00 60 60 1800
276 1.748286 2.190395 1748.285695 2190.394549 1 4.89 60 60 1800
277 2.432811 3.333946 2432.811177 3333.945568 1 3.30 60 60 1800
278 -5.255732 -3.009492 -5255.731667 -3009.491802 1 3.98 60 60 1800
279 6.211365 0.353627 6211.364857 353.626783 1 2.87 60 60 1800
280 9.980363 2.609874 9980.363297 2609.874267 1 0.64 60 60 3600
281 -9.035882 7.117908 -9035.882368 7117.908221 1 3.65 60 60 3600
282 -4.696891 -5.563003 -4696.890687 -5563.003197 1 3.99 60 60 2700
283 9.343714 3.883737 9343.713705 3883.737116 1 1.83 60 60 3600
284 -2.154926 -7.303137 -2154.925653 -7303.137100 1 0.74 60 60 2700
285 5.058024 0.552556 5058.024436 552.555924 1 2.94 60 60 1800
286 -8.330212 0.530688 -8330.212493 530.687625 1 3.29 60 60 2700
287 9.064124 -2.176291 9064.123616 -2176.290782 1 3.58 60 60 3600
288 1.621874 -5.681662 1621.874417 -5681.661963 1 0.85 60 60 1800
289 9.182472 8.155599 9182.472456 8155.599469 1 4.00 60 60 3600
290 -7.281173 7.652386 -7281.172682 7652.385835 1 4.83 60 60 3600
291 6.127626 -4.675568 6127.625643 -4675.568271 1 4.49 60 60 2700
292 9.946894 -4.575762 9946.893675 -4575.761815 1 2.31 60 60 3600
293 4.747001 -3.161472 4747.000723 -3161.472057 1 1.46 60 60 1800
294 -6.594618 -6.410389 -6594.617638 -6410.388826 0 8.25 60 60 2700
295 -5.976278 5.164580 -5976.278472 5164.579843 0 7.56 60 60 2700
296 8.873147 7.080051 8873.146772 7080.051131 1 1.75 60 60 3600
297 5.762696 -9.754129 5762.696303 -9754.129143 1 4.20 60 60 3600
298 -8.702325 4.007406 -8702.325085 4007.405506 1 0.97 60 60 3600
299 -6.712686 -4.417720 -6712.685548 -4417.719817 1 1.92 60 60 2700
300 -0.026508 -5.181147 -26.507673 -5181.146664 1 3.07 60 60 1800
301 7.699437 0.488680 7699.436954 488.679893 1 3.69 60 60 2700
302 -6.167288 -1.986850 -6167.287996 -1986.849535 1 1.26 60 60 1800
303 4.282034 -6.537668 4282.034019 -6537.667538 1 4.17 60 60 2700
304 8.206458 5.697328 8206.458106 5697.327823 1 3.71 60 60 3600
305 -0.948946 -2.374333 -948.945811 -2374.332577 1 3.47 60 60 1800
306 4.237267 3.665882 4237.266650 3665.882498 1 3.76 60 60 1800
307 -9.672032 5.140518 -9672.032345 5140.518016 1 2.99 60 60 3600
308 -1.891715 -1.588294 -1891.715271 -1588.293571 0 5.85 60 60 1800
309 -3.153337 3.450949 -3153.337089 3450.949442 0 9.23 60 60 1800
310 7.490587 1.441496 7490.587264 1441.495666 0 5.51 60 60 2700
311 -2.253287 -3.441758 -2253.287342 -3441.758065 0 8.24 60 60 1800
312 -0.087819 -0.822504 -87.818714 -822.503747 0 8.16 60 60 1800
313 2.615827 -6.487860 2615.827381 -6487.859860 1 4.96 60 60 2700
314 9.612536 5.019868 9612.535806 5019.867967 0 8.56 60 60 3600
315 -7.327912 -9.534613 -7327.912490 -9534.612846 1 0.92 60 60 3600
316 0.813537 6.545618 813.536966 6545.617785 1 3.53 60 60 1800
317 -0.462102 -0.346836 -462.102322 -346.835592 0 6.84 60 60 1800
318 -8.855621 2.956226 -8855.621487 2956.226347 1 2.99 60 60 3600
319 9.425957 9.813179 9425.956667 9813.178933 1 2.39 60 60 3600
320 -8.862875 -0.842858 -8862.875060 -842.858234 1 3.37 60 60 2700
321 -2.880668 1.985434 -2880.668193 1985.433787 1 3.52 60 60 1800
322 1.062747 2.311228 1062.746679 2311.228429 1 1.37 60 60 1800
323 3.886513 -9.698462 3886.513359 -9698.462441 1 1.71 60 60 3600
324 -5.519310 -5.751856 -5519.309851 -5751.855720 1 4.04 60 60 2700
325 5.572518 4.789367 5572.517981 4789.367308 1 3.43 60 60 2700
326 3.136973 5.305904 3136.973488 5305.903864 1 1.19 60 60 1800
327 -8.202676 7.349191 -8202.676469 7349.191298 1 2.12 60 60 3600
328 8.749248 -5.956774 8749.248304 -5956.773802 1 4.36 60 60 3600
329 6.252803 4.340851 6252.802970 4340.851104 1 2.75 60 60 2700
330 -7.127115 -0.091306 -7127.115468 -91.306293 1 3.99 60 60 2700
331 -6.513404 -5.217039 -6513.403794 -5217.039212 1 4.09 60 60 2700
332 9.474720 -9.129371 9474.720233 -9129.370653 0 9.29 60 60 3600
333 6.467796 -6.447001 6467.796425 -6447.000539 0 9.86 60 60 2700
334 8.803622 8.640138 8803.621832 8640.138073 1 2.49 60 60 3600
335 -6.020613 4.427563 -6020.612932 4427.563368 1 1.30 60 60 2700
336 8.150713 4.248650 8150.712923 4248.650120 0 6.66 60 60 2700
337 7.462473 8.087947 7462.473234 8087.946581 1 3.29 60 60 3600
338 -6.914758 -8.234349 -6914.757576 -8234.348992 1 3.94 60 60 3600
339 7.964260 8.143147 7964.259715 8143.147105 1 2.96 60 60 3600
340 -9.845388 -8.355904 -9845.387986 -8355.903831 0 9.63 60 60 3600
341 -4.760701 -7.506430 -4760.700746 -7506.430250 0 5.30 60 60 2700
342 9.887481 0.347027 9887.480843 347.026954 1 1.89 60 60 3600
343 -2.639521 -6.751544 -2639.520614 -6751.544103 1 4.03 60 60 2700
344 -5.990276 7.924365 -5990.275985 7924.365163 1 1.87 60 60 3600
345 -2.517338 6.982960 -2517.337585 6982.959761 1 4.38 60 60 2700
346 -1.439761 -9.962167 -1439.761313 -9962.167049 1 4.48 60 60 3600
347 -4.349115 9.718758 -4349.115041 9718.757981 1 3.09 60 60 3600
348 2.646490 7.976429 2646.489702 7976.428594 1 4.34 60 60 2700
349 -5.444295 -3.543448 -5444.294566 -3543.448152 0 9.05 60 60 1800
350 0.908537 1.708254 908.536992 1708.254449 0 9.19 60 60 1800
351 -6.915146 0.709889 -6915.146011 709.888902 1 1.63 60 60 2700
352 0.766376 -6.282750 766.376301 -6282.750132 0 6.06 60 60 1800
353 -6.547036 2.631380 -6547.036421 2631.379623 1 4.24 60 60 2700
354 6.930705 -7.479706 6930.705091 -7479.706235 1 2.70 60 60 3600
355 9.168955 -7.473909 9168.955143 -7473.908876 0 7.95 60 60 3600
356 -1.813340 3.200784 -1813.340263 3200.784215 1 0.70 60 60 1800
357 -3.018112 6.491169 -3018.112289 6491.168755 1 4.07 60 60 2700
358 -1.663215 2.568818 -1663.214770 2568.818008 1 1.28 60 60 1800
359 -9.437391 -7.769075 -9437.391049 -7769.074782 1 3.33 60 60 3600
360 7.161766 7.471578 7161.766333 7471.578493 0 8.76 60 60 3600
361 -7.263695 -7.445827 -7263.694656 -7445.826761 0 7.22 60 60 3600
362 -5.642492 8.290135 -5642.491570 8290.134944 1 4.67 60 60 3600
363 5.555250 8.793737 5555.249593 8793.737431 1 1.79 60 60 3600
364 7.290088 -3.572442 7290.087779 -3572.442476 1 2.79 60 60 2700
365 3.440628 -5.509769 3440.628139 -5509.768549 1 2.08 60 60 1800
366 1.637339 -0.034160 1637.338548 -34.159970 1 1.82 60 60 1800
367 8.220859 1.609648 8220.858973 1609.647605 0 6.88 60 60 2700
368 5.601183 -0.101361 5601.183491 -101.361244 1 1.12 60 60 1800
369 2.476840 6.467817 2476.840039 6467.816558 1 4.84 60 60 2700
370 -7.352109 -5.918326 -7352.108628 -5918.325729 1 2.36 60 60 3600
371 4.323928 9.241043 4323.928239 9241.043411 0 5.68 60 60 3600
372 -9.747325 -0.395565 -9747.325030 -395.564516 1 2.96 60 60 3600
373 3.491781 -0.699920 3491.780985 -699.919514 1 4.47 60 60 1800
374 -4.933058 -0.165925 -4933.057583 -165.925104 1 4.14 60 60 1800
375 -9.015592 -7.361072 -9015.591645 -7361.071857 1 3.20 60 60 3600
376 -9.642457 9.058825 -9642.457026 9058.825312 1 2.97 60 60 3600
377 -2.251907 2.340170 -2251.906573 2340.170167 1 4.41 60 60 1800
378 6.630097 1.030097 6630.097071 1030.096959 1 1.26 60 60 2700
379 4.917536 9.861025 4917.536002 9861.024920 1 4.74 60 60 3600
380 0.573224 3.845196 573.224443 3845.195814 1 3.51 60 60 1800
381 -8.407956 -1.564077 -8407.955894 -1564.077253 1 4.73 60 60 2700
382 -9.830729 0.483392 -9830.729439 483.392247 1 1.07 60 60 3600
383 -6.541335 6.376611 -6541.335179 6376.611096 1 1.03 60 60 2700
384 0.365289 5.589597 365.288557 5589.596661 1 2.02 60 60 1800
385 5.700365 -6.272969 5700.365492 -6272.969166 1 4.42 60 60 2700
386 7.921678 1.006078 7921.678312 1006.078162 1 4.39 60 60 2700
387 3.063634 -2.349207 3063.634086 -2349.207434 0 8.65 60 60 1800
388 -5.366638 3.898152 -5366.637774 3898.151536 1 1.30 60 60 1800
389 -9.375607 -9.948019 -9375.607179 -9948.019425 0 9.54 60 60 3600
390 -4.596981 4.707485 -4596.981302 4707.484517 1 3.89 60 60 1800
391 -3.508263 -1.537216 -3508.263386 -1537.216254 0 6.51 60 60 1800
392 -9.608949 -9.315976 -9608.948610 -9315.976042 1 2.56 60 60 3600
393 -9.647648 -1.416700 -9647.647981 -1416.700030 1 4.08 60 60 3600
394 -7.357781 9.074829 -7357.781382 9074.828877 0 6.95 60 60 3600
395 -0.893531 6.728765 -893.531389 6728.765419 1 2.50 60 60 2700
396 3.583402 8.259534 3583.401538 8259.533646 1 3.01 60 60 2700
397 -9.492217 -3.083887 -9492.217123 -3083.886764 1 4.33 60 60 3600
398 4.506244 -5.720111 4506.243905 -5720.110535 1 0.78 60 60 2700
399 -8.206382 6.117369 -8206.382094 6117.368893 0 6.70 60 60 3600
400 1.112259 -4.979248 1112.259448 -4979.247649 1 1.88 60 60 1800
401 -8.833101 -2.600397 -8833.101000 -2600.397480 1 2.92 60 60 2700
402 -8.733809 -1.960510 -8733.809342 -1960.510230 1 4.59 60 60 2700
403 2.632564 9.583773 2632.563764 9583.772997 0 8.53 60 60 3600
404 -9.981479 -7.770823 -9981.479391 -7770.823333 1 4.70 60 60 3600
405 4.294127 3.031674 4294.126620 3031.674417 1 3.76 60 60 1800
406 0.908279 -4.326390 908.278780 -4326.390122 1 1.33 60 60 1800
407 9.507089 2.243492 9507.089053 2243.492057 1 4.54 60 60 3600
408 2.485471 -0.362876 2485.470976 -362.876353 1 2.89 60 60 1800
409 -3.714609 8.260955 -3714.608769 8260.955083 1 4.19 60 60 2700
410 0.251752 7.927736 251.752029 7927.735989 0 9.66 60 60 2700
411 4.297795 -0.980225 4297.795411 -980.225094 1 3.14 60 60 1800
412 7.427663 2.695318 7427.663438 2695.317660 1 4.81 60 60 2700
413 -5.384066 4.617662 -5384.065555 4617.662269 1 2.85 60 60 2700
414 7.797930 -4.509732 7797.930076 -4509.732498 1 3.62 60 60 2700
415 0.275385 -7.929823 275.385087 -7929.822928 1 4.12 60 60 2700
416 -6.420300 9.680664 -6420.299777 9680.663623 0 7.40 60 60 3600
417 9.734637 -6.765576 9734.637415 -6765.576403 1 1.74 60 60 3600
418 8.724274 -2.581937 8724.274171 -2581.937429 1 0.90 60 60 2700
419 2.876270 6.931801 2876.269872 6931.800977 1 3.76 60 60 2700
420 7.551970 6.239343 7551.969714 6239.342811 1 2.30 60 60 3600
421 -4.074262 -2.906407 -4074.262235 -2906.407162 1 2.54 60 60 1800
422 6.659116 -5.342363 6659.115570 -5342.363210 1 1.73 60 60 2700
423 4.035845 4.656836 4035.844904 4656.836020 1 4.73 60 60 1800
424 1.293577 -3.998527 1293.576766 -3998.526702 1 1.78 60 60 1800
425 5.821711 -2.077785 5821.710615 -2077.785054 0 7.61 60 60 1800
426 -0.067105 -4.305456 -67.104543 -4305.456331 1 3.04 60 60 1800
427 -4.223335 -1.519817 -4223.334585 -1519.817042 1 4.17 60 60 1800
428 -6.362849 -7.843539 -6362.849496 -7843.539456 0 9.37 60 60 3600
429 9.284054 0.679845 9284.053673 679.844710 1 2.73 60 60 3600
430 -6.470752 9.150161 -6470.751966 9150.161472 1 1.63 60 60 3600
431 -3.040350 -8.958698 -3040.349632 -8958.698088 1 0.65 60 60 3600
432 2.473653 -5.959726 2473.653256 -5959.726323 0 5.80 60 60 1800
433 2.446765 0.786153 2446.764887 786.153107 1 3.07 60 60 1800
434 9.359114 -4.711599 9359.114478 -4711.599345 1 4.23 60 60 3600
435 1.621560 8.441882 1621.560137 8441.881886 0 8.79 60 60 2700
436 4.149063 -8.768007 4149.063005 -8768.007330 1 0.68 60 60 3600
437 8.892977 -9.739299 8892.977193 -9739.298911 1 0.77 60 60 3600
438 -8.638565 -9.802345 -8638.564943 -9802.344527 1 0.65 60 60 3600
439 5.137173 -8.317155 5137.172805 -8317.154656 0 5.33 60 60 3600
440 -2.710254 6.019735 -2710.254223 6019.735325 1 0.67 60 60 1800
441 -8.884573 -6.809529 -8884.573285 -6809.528885 1 3.98 60 60 3600
442 8.718640 -8.539717 8718.639583 -8539.717094 1 1.19 60 60 3600
443 0.150183 -3.799184 150.183065 -3799.183893 1 4.99 60 60 1800
444 8.186796 -7.558162 8186.795955 -7558.162271 0 9.44 60 60 3600
445 -5.189020 -7.955576 -5189.020472 -7955.576333 0 9.86 60 60 3600
446 0.131646 0.859411 131.645539 859.410774 1 0.80 60 60 1800
447 7.429306 -6.764629 7429.306493 -6764.628825 1 1.91 60 60 3600
448 3.502196 9.970002 3502.195592 9970.001825 1 1.43 60 60 3600
449 9.918000 3.607257 9917.999507 3607.256537 1 3.82 60 60 3600
450 8.592083 6.235151 8592.083261 6235.151054 0 5.32 60 60 3600
451 5.163582 -9.406239 5163.582199 -9406.239298 1 3.99 60 60 3600
452 7.702135 3.728130 7702.135338 3728.130345 0 7.04 60 60 2700
453 0.729203 7.259163 729.202849 7259.163407 1 3.80 60 60 2700
454 8.267763 -5.766318 8267.762896 -5766.318438 1 0.86 60 60 3600
455 3.179488 0.131259 3179.488215 131.258508 0 9.07 60 60 1800
456 -6.720606 7.498106 -6720.606413 7498.105950 1 0.75 60 60 3600
457 1.829157 9.497666 1829.156956 9497.666244 1 1.68 60 60 3600
458 7.432182 2.009177 7432.182227 2009.176684 1 3.60 60 60 2700
459 9.723696 -3.139359 9723.695974 -3139.359473 1 0.62 60 60 3600
460 4.947457 -2.098026 4947.456662 -2098.025848 1 1.14 60 60 1800
461 -7.189600 -1.027963 -7189.599779 -1027.963497 1 0.55 60 60 2700
462 2.063406 8.136438 2063.406056 8136.437618 1 4.25 60 60 2700
463 -6.919744 3.774432 -6919.744482 3774.432283 1 2.18 60 60 2700
464 9.469586 6.003370 9469.585560 6003.370452 1 0.89 60 60 3600
465 9.283745 4.432726 9283.744700 4432.725723 1 4.70 60 60 3600
466 -1.971719 7.310742 -1971.719394 7310.742337 1 2.16 60 60 2700
467 -0.404688 8.862975 -404.688078 8862.975387 1 4.22 60 60 2700
468 -9.921282 1.607185 -9921.281732 1607.184934 1 1.05 60 60 3600
469 -4.710125 -0.678227 -4710.125448 -678.226981 1 0.88 60 60 1800
470 -8.587753 1.128406 -8587.753403 1128.406044 1 4.53 60 60 2700
471 0.537122 -1.191068 537.122272 -1191.067890 1 2.49 60 60 1800
472 2.014162 -2.913633 2014.161594 -2913.632888 1 1.52 60 60 1800
473 -3.646837 -8.933878 -3646.836662 -8933.878209 0 8.76 60 60 3600
474 -5.189821 7.452181 -5189.821440 7452.181276 1 4.76 60 60 2700
475 -9.968051 -0.939828 -9968.050682 -939.828184 1 2.07 60 60 3600
476 -3.488569 0.113876 -3488.568559 113.876063 0 6.06 60 60 1800
477 -3.910559 7.759975 -3910.558527 7759.975107 1 4.06 60 60 2700
478 2.877739 2.775089 2877.739489 2775.089333 1 4.55 60 60 1800
479 0.894410 5.233882 894.410178 5233.882016 1 1.67 60 60 1800
480 -7.248734 5.617500 -7248.733519 5617.500083 1 3.25 60 60 2700
481 -8.565210 8.458685 -8565.210300 8458.684578 0 5.88 60 60 3600
482 0.706756 9.974092 706.755697 9974.092136 0 5.89 60 60 3600
483 -1.777465 0.246835 -1777.464940 246.834510 0 6.05 60 60 1800
484 7.218251 3.997324 7218.251345 3997.323857 1 4.36 60 60 2700
485 9.534514 -1.154251 9534.513892 -1154.251362 1 0.51 60 60 3600
486 1.059975 -8.707675 1059.975359 -8707.675009 1 3.65 60 60 2700
487 4.229670 6.180239 4229.670029 6180.238650 1 3.27 60 60 2700
488 -8.246120 -7.120418 -8246.120120 -7120.417540 1 1.08 60 60 3600
489 -3.970831 -9.350092 -3970.831159 -9350.091575 1 1.19 60 60 3600
490 6.254359 -5.961461 6254.359446 -5961.461109 0 9.32 60 60 2700
491 -5.410871 5.512242 -5410.871406 5512.241675 1 3.36 60 60 2700
492 -1.419434 -1.056549 -1419.434141 -1056.549311 1 0.63 60 60 1800
493 -6.577836 -3.502557 -6577.836280 -3502.557250 1 2.48 60 60 2700
494 8.867030 -1.199851 8867.029662 -1199.850699 0 6.02 60 60 2700
495 8.658122 3.501451 8658.121516 3501.451189 1 3.36 60 60 3600
496 -0.712620 -6.240414 -712.620015 -6240.414062 1 1.18 60 60 1800
497 -3.913099 9.968625 -3913.098966 9968.624639 1 2.36 60 60 3600
498 -6.954156 -6.879958 -6954.155938 -6879.957870 1 3.82 60 60 3600
499 4.193805 9.749145 4193.805264 9749.144832 1 4.86 60 60 3600
500 6.551541 -0.566341 6551.541418 -566.341470 1 2.07 60 60 1800
