trucks_count 1
drones_count 1
customers 100
depot 0 0
Coordinate X Coordinate Y Dronable Demand
X Y Dronable Demand Drone_service Truck_service Lw
2472.677 -3087.104 1 1.96 60 60 3600
-3185.457 945.396 1 1.11 60 60 3600
-3670.651 -4390.984 1 1.33 60 60 3600
-1806.403 1256.157 1 1.40 60 60 3600
52.804 758.390 1 0.27 60 60 3600
-4126.227 4615.127 1 1.33 60 60 3600
668.716 -54.424 1 1.65 60 60 3600
-3514.218 -3856.036 1 0.51 60 60 3600
1769.468 -3164.739 1 1.10 60 60 3600
-2502.774 -799.856 1 1.09 60 60 3600
-2392.312 2457.912 1 1.34 60 60 3600
-4919.580 -1317.194 1 0.74 60 60 3600
-575.090 -1893.264 1 1.15 60 60 3600
-2887.691 3069.493 1 1.89 60 60 3600
-4716.958 3258.336 1 1.47 60 60 3600
-4275.807 217.185 1 1.13 60 60 3600
-4755.285 -3903.948 1 1.83 60 60 3600
-839.340 143.647 1 0.81 60 60 3600
2744.222 -4463.554 1 1.76 60 60 3600
789.165 1229.318 1 0.90 60 60 3600
515.572 2813.168 1 1.13 60 60 3600
-2700.034 4942.441 1 0.86 60 60 3600
555.666 -2042.254 1 1.45 60 60 3600
-2642.137 -4200.772 1 0.99 60 60 3600
-1150.554 -680.566 1 0.60 60 60 3600
-4125.978 -1573.931 1 1.34 60 60 3600
-710.972 824.325 1 0.70 60 60 3600
2156.194 1007.001 1 0.59 60 60 3600
-2415.996 471.373 1 1.09 60 60 3600
1079.365 2136.832 1 0.58 60 60 3600
2299.507 -2599.656 1 1.29 60 60 3600
1195.605 -1620.318 1 0.67 60 60 3600
-1156.425 -3010.360 1 0.31 60 60 3600
-4859.179 1867.048 1 1.01 60 60 3600
-4921.534 4416.031 1 0.82 60 60 3600
-2678.303 1035.710 1 0.54 60 60 3600
4702.263 -2011.797 1 1.20 60 60 3600
-1581.177 652.035 1 1.57 60 60 3600
2965.572 -3959.396 1 1.85 60 60 3600
867.898 3233.568 1 0.68 60 60 3600
-3285.090 4959.306 1 1.17 60 60 3600
335.470 -1311.094 1 0.43 60 60 3600
-3183.513 -2011.141 1 0.96 60 60 3600
-4252.954 -660.974 1 1.23 60 60 3600
-4343.160 2560.427 1 0.59 60 60 3600
-2376.234 4267.814 1 0.35 60 60 3600
-4772.391 -2047.954 1 1.74 60 60 3600
-46.922 -2238.612 1 0.78 60 60 3600
-3036.480 -4668.460 1 0.44 60 60 3600
-1879.442 4637.090 1 1.03 60 60 3600
-277.095 -1386.212 1 1.21 60 60 3600
-2728.041 1595.204 1 0.85 60 60 3600
-4212.163 -2498.522 1 1.63 60 60 3600
-3869.242 -3299.937 1 0.86 60 60 3600
2203.833 -3756.382 1 1.85 60 60 3600
1439.631 -4088.784 1 0.92 60 60 3600
-639.398 -999.142 1 0.98 60 60 3600
-4340.178 3671.189 1 0.49 60 60 3600
768.317 -3615.690 1 0.70 60 60 3600
1266.440 469.214 1 0.37 60 60 3600
-2454.864 -227.738 1 1.58 60 60 3600
-3336.834 -3348.105 1 0.42 60 60 3600
1532.686 1235.563 1 0.53 60 60 3600
-3685.845 1689.871 1 1.08 60 60 3600
-1440.868 2399.503 1 0.71 60 60 3600
-3122.208 1969.340 1 1.73 60 60 3600
1945.476 2791.416 1 1.04 60 60 3600
-3569.636 2320.521 1 0.63 60 60 3600
1503.722 3069.237 1 0.51 60 60 3600
-63.342 104.786 1 0.92 60 60 3600
-4167.901 1932.092 1 0.53 60 60 3600
2118.199 -1528.513 1 0.45 60 60 3600
-2420.849 3617.711 1 1.06 60 60 3600
3948.827 -2836.667 1 1.39 60 60 3600
-2222.207 1819.436 1 0.34 60 60 3600
-248.983 1849.838 1 1.39 60 60 3600
-3283.832 3644.338 1 0.97 60 60 3600
-3355.239 -919.704 1 0.71 60 60 3600
-1527.354 4264.413 1 0.60 60 60 3600
2025.062 -386.269 1 0.36 60 60 3600
-235.411 -3561.116 1 0.90 60 60 3600
-1214.800 -2024.699 1 0.59 60 60 3600
1180.214 -190.580 1 1.26 60 60 3600
3203.768 -1846.409 1 0.59 60 60 3600
-914.135 1584.262 1 1.46 60 60 3600
-2639.040 -2452.101 1 0.83 60 60 3600
561.538 771.804 1 1.30 60 60 3600
-850.938 -2555.896 1 1.57 60 60 3600
4899.679 -4446.510 1 1.35 60 60 3600
-4961.680 -2520.485 1 1.43 60 60 3600
831.223 -3112.351 1 1.79 60 60 3600
2329.136 -4941.216 1 0.93 60 60 3600
-177.784 1344.490 1 1.48 60 60 3600
3754.955 -2009.460 1 0.30 60 60 3600
599.793 2300.728 1 1.07 60 60 3600
-272.138 -532.188 1 0.76 60 60 3600
-3401.683 2876.397 1 1.95 60 60 3600
3705.130 -4132.443 1 0.32 60 60 3600
-4751.627 -4440.043 1 1.31 60 60 3600
-629.214 -3028.104 1 1.37 60 60 3600
