trucks_count 1
drones_count 1
customers 100
depot 0 0
Coordinate X Coordinate Y Dronable Demand
X Y Dronable Demand Drone_service Truck_service Lw
-3608.728 1439.529 1 1.98 60 60 3600
-2454.864 -227.738 1 1.01 60 60 3600
-4716.958 3258.336 1 0.60 60 60 3600
-2258.165 750.108 1 0.74 60 60 3600
-2420.849 3617.711 1 1.20 60 60 3600
3705.130 -4132.443 1 1.19 60 60 3600
2533.535 -4500.712 1 1.41 60 60 3600
-2941.940 -3469.121 1 0.97 60 60 3600
-46.922 -2238.612 1 1.74 60 60 3600
-2222.207 1819.436 1 1.46 60 60 3600
-3557.259 4850.368 1 0.40 60 60 3600
-1204.792 2193.093 1 0.87 60 60 3600
-2447.246 -1294.563 1 1.40 60 60 3600
-3314.989 -4279.386 1 1.62 60 60 3600
-4161.603 -1941.109 1 1.81 60 60 3600
-1343.989 622.646 1 0.67 60 60 3600
406.918 -4251.066 1 0.87 60 60 3600
-3007.641 4850.491 1 1.44 60 60 3600
-980.480 -2714.772 1 1.83 60 60 3600
2174.984 -3984.878 1 0.97 60 60 3600
-1950.464 2387.235 1 1.22 60 60 3600
-4919.580 -1317.194 1 0.56 60 60 3600
-3525.281 3335.871 1 0.91 60 60 3600
-4884.921 291.903 1 1.38 60 60 3600
-2887.691 3069.493 1 1.92 60 60 3600
-277.095 -1386.212 1 0.53 60 60 3600
2299.507 -2599.656 1 1.59 60 60 3600
-663.769 -681.596 1 0.92 60 60 3600
-209.222 -4426.161 1 1.44 60 60 3600
2533.192 -795.571 1 1.10 60 60 3600
345.104 762.787 1 1.44 60 60 3600
-4033.776 3647.934 1 1.69 60 60 3600
-3414.856 2115.709 1 1.03 60 60 3600
3571.060 -3041.518 1 1.49 60 60 3600
-1286.737 -3247.639 1 0.34 60 60 3600
-1552.722 4838.335 1 1.21 60 60 3600
1942.701 274.760 1 0.90 60 60 3600
1974.367 3001.666 1 1.13 60 60 3600
2981.161 -3647.177 1 1.66 60 60 3600
761.375 1492.144 1 1.35 60 60 3600
-1806.403 1256.157 1 1.62 60 60 3600
1451.624 -1781.988 1 0.84 60 60 3600
-2942.470 445.814 1 0.69 60 60 3600
3203.768 -1846.409 1 1.84 60 60 3600
-4634.223 4800.252 1 0.47 60 60 3600
-3403.762 -283.643 1 0.22 60 60 3600
4954.406 -3932.513 1 1.93 60 60 3600
-461.469 1015.205 1 0.91 60 60 3600
1769.468 -3164.739 1 0.39 60 60 3600
-1716.124 -479.277 1 1.62 60 60 3600
-4571.525 -3815.059 1 1.35 60 60 3600
-235.411 -3561.116 1 0.28 60 60 3600
1904.758 911.388 1 0.21 60 60 3600
-632.903 1567.764 1 1.53 60 60 3600
1634.304 -682.202 1 1.19 60 60 3600
-2577.963 1407.630 1 1.65 60 60 3600
4138.252 -1482.192 1 1.86 60 60 3600
2567.758 -1761.761 1 1.71 60 60 3600
-4844.838 4112.651 1 1.09 60 60 3600
-4167.901 1932.092 1 1.95 60 60 3600
1173.490 2763.675 1 1.15 60 60 3600
-3125.201 4095.507 1 0.86 60 60 3600
-4060.464 137.870 1 1.03 60 60 3600
4702.263 -2011.797 1 1.81 60 60 3600
1324.139 701.650 1 1.25 60 60 3600
2472.677 -3087.104 1 1.18 60 60 3600
174.293 2340.514 1 1.98 60 60 3600
2118.199 -1528.513 1 1.42 60 60 3600
-3540.298 -2747.867 1 1.69 60 60 3600
831.223 -3112.351 1 1.91 60 60 3600
335.470 -1311.094 1 1.04 60 60 3600
1311.856 -3493.890 1 0.32 60 60 3600
-2176.117 4114.966 1 0.54 60 60 3600
-4961.680 -2520.485 1 0.69 60 60 3600
-4525.590 749.751 1 0.79 60 60 3600
-1879.109 244.102 1 1.04 60 60 3600
3617.047 -1454.741 1 0.73 60 60 3600
389.241 146.887 1 0.57 60 60 3600
1404.073 -4286.583 1 1.62 60 60 3600
222.441 -438.456 1 1.37 60 60 3600
-4527.097 -2927.438 1 1.48 60 60 3600
-4212.163 -2498.522 1 1.54 60 60 3600
1202.828 1970.097 1 0.61 60 60 3600
836.045 -263.149 1 0.97 60 60 3600
-1403.320 1674.442 1 1.39 60 60 3600
-729.325 -1749.962 1 1.48 60 60 3600
-2694.338 2399.792 1 0.33 60 60 3600
-432.027 363.382 1 0.24 60 60 3600
-1020.190 -102.314 1 1.30 60 60 3600
-2708.254 -1903.271 1 0.63 60 60 3600
1011.315 269.439 1 0.79 60 60 3600
-1448.943 4015.691 1 0.57 60 60 3600
391.049 -4873.723 1 1.02 60 60 3600
-2109.341 2953.616 1 1.51 60 60 3600
-4736.600 2201.999 1 1.98 60 60 3600
-3185.457 945.396 1 0.62 60 60 3600
-3592.739 -3443.595 1 0.56 60 60 3600
-3554.910 -1027.495 1 1.38 60 60 3600
-1673.592 -1345.080 1 0.38 60 60 3600
1472.430 1500.928 1 1.51 60 60 3600
