trucks_count 1
drones_count 1
customers 100
depot 0 0
Coordinate X Coordinate Y Dronable Demand
X Y Dronable Demand Drone_service Truck_service Lw
2144.201 182.966 1 1.22 60 60 3600
2637.845 -2625.427 1 1.97 60 60 3600
-123.286 -4667.102 1 0.88 60 60 3600
-4454.225 4447.980 1 1.35 60 60 3600
-1343.989 622.646 1 0.42 60 60 3600
-2729.881 -4397.763 1 0.28 60 60 3600
-3869.242 -3299.937 1 1.71 60 60 3600
-2826.909 -515.994 1 0.57 60 60 3600
-2157.410 2325.864 1 1.89 60 60 3600
-2258.165 750.108 1 1.99 60 60 3600
-3233.169 3854.366 1 1.31 60 60 3600
722.294 -710.018 1 1.96 60 60 3600
1693.541 949.626 1 1.63 60 60 3600
4260.374 -1206.508 1 1.82 60 60 3600
-3957.141 1763.108 1 1.28 60 60 3600
1199.440 3325.028 1 1.47 60 60 3600
-4252.954 -660.974 1 0.93 60 60 3600
-3183.513 -2011.141 1 1.64 60 60 3600
-3922.181 -1229.908 1 1.27 60 60 3600
-4024.932 720.040 1 1.64 60 60 3600
-2688.830 4126.065 1 1.18 60 60 3600
-246.811 9.785 1 1.99 60 60 3600
52.804 758.390 1 0.30 60 60 3600
2670.883 -1435.393 1 0.36 60 60 3600
-4212.163 -2498.522 1 1.78 60 60 3600
683.629 3128.459 1 0.33 60 60 3600
3948.827 -2836.667 1 1.59 60 60 3600
974.515 1638.374 1 1.18 60 60 3600
-4884.921 291.903 1 1.98 60 60 3600
391.049 -4873.723 1 0.24 60 60 3600
-4961.680 -2520.485 1 0.85 60 60 3600
1001.504 -1384.810 1 1.22 60 60 3600
-1033.004 -3398.388 1 0.33 60 60 3600
3705.130 -4132.443 1 1.72 60 60 3600
-2639.040 -2452.101 1 1.50 60 60 3600
-2764.872 4.144 1 1.28 60 60 3600
-1150.554 -680.566 1 0.41 60 60 3600
-1912.261 3331.752 1 0.60 60 60 3600
-2377.502 4583.378 1 1.10 60 60 3600
-3768.767 4826.245 1 1.63 60 60 3600
-101.389 1595.405 1 0.38 60 60 3600
1670.069 2900.515 1 1.79 60 60 3600
-3285.090 4959.306 1 1.14 60 60 3600
-980.480 -2714.772 1 0.99 60 60 3600
-4859.179 1867.048 1 0.42 60 60 3600
-2308.268 1383.596 1 1.36 60 60 3600
-2941.940 -3469.121 1 1.22 60 60 3600
-2176.117 4114.966 1 0.48 60 60 3600
4702.263 -2011.797 1 1.50 60 60 3600
-1587.548 -314.279 1 0.78 60 60 3600
2525.180 -4036.719 1 0.41 60 60 3600
-1552.722 4838.335 1 1.47 60 60 3600
-3938.466 -4039.547 1 0.24 60 60 3600
-1806.403 1256.157 1 1.09 60 60 3600
-3595.160 -2522.801 1 1.95 60 60 3600
-4033.776 3647.934 1 1.49 60 60 3600
4987.256 -4134.892 1 0.82 60 60 3600
1585.968 -2552.178 1 1.68 60 60 3600
916.660 -2189.163 1 0.98 60 60 3600
-4919.580 -1317.194 1 0.93 60 60 3600
-927.738 1332.545 1 0.61 60 60 3600
571.951 -3402.618 1 0.95 60 60 3600
-1879.109 244.102 1 0.69 60 60 3600
-3860.024 -2066.845 1 0.21 60 60 3600
-739.561 -1529.080 1 0.74 60 60 3600
-3403.762 -283.643 1 0.49 60 60 3600
-4755.285 -3903.948 1 1.49 60 60 3600
-1403.320 1674.442 1 0.47 60 60 3600
-2176.522 -1398.691 1 1.88 60 60 3600
-4410.535 -3376.213 1 1.03 60 60 3600
-2678.303 1035.710 1 1.10 60 60 3600
1079.365 2136.832 1 1.10 60 60 3600
1439.631 -4088.784 1 1.58 60 60 3600
1591.487 -277.443 1 0.37 60 60 3600
-235.411 -3561.116 1 1.29 60 60 3600
1451.624 -1781.988 1 1.70 60 60 3600
561.538 771.804 1 0.53 60 60 3600
255.593 2748.969 1 0.80 60 60 3600
-4697.576 1222.104 1 1.59 60 60 3600
3033.799 -2952.474 1 0.53 60 60 3600
1099.256 706.437 1 1.50 60 60 3600
-272.138 -532.188 1 0.89 60 60 3600
-4060.464 137.870 1 0.87 60 60 3600
-4.640 -2898.244 1 1.43 60 60 3600
-4716.958 3258.336 1 0.73 60 60 3600
-2804.457 1991.259 1 1.52 60 60 3600
4617.283 -2815.027 1 1.15 60 60 3600
-3373.914 -4687.407 1 1.05 60 60 3600
-2298.104 2860.000 1 1.38 60 60 3600
-3782.038 2896.602 1 0.83 60 60 3600
-639.398 -999.142 1 1.82 60 60 3600
2021.518 -656.821 1 1.67 60 60 3600
-1673.592 -1345.080 1 1.07 60 60 3600
-2921.893 3277.060 1 1.03 60 60 3600
1472.430 1500.928 1 0.27 60 60 3600
-168.764 -2413.963 1 1.50 60 60 3600
-4382.143 2134.205 1 1.11 60 60 3600
3024.965 -4630.545 1 0.67 60 60 3600
442.731 -2663.943 1 0.92 60 60 3600
407.292 1543.530 1 0.31 60 60 3600
