id x_km y_km x_m y_m dronable demand_kg drone_service_sec truck_service_sec deadline_sec
1 7.462896 -0.660502 7462.895884 -660.502362 1 0.64 60 60 3600
2 9.994736 6.823429 9994.736265 6823.429462 0 8.88 60 60 3600
3 -8.764804 1.643442 -8764.803595 1643.441713 1 2.63 60 60 3600
4 9.476989 4.256220 9476.988786 4256.220189 1 3.78 60 60 3600
5 1.840447 -9.756184 1840.446995 -9756.184441 0 5.33 60 60 3600
6 0.146806 2.972605 146.806184 2972.604985 1 2.49 60 60 1800
7 7.161125 3.719834 7161.124977 3719.834274 1 1.72 60 60 3600
8 -5.383901 3.425799 -5383.900699 3425.798890 1 2.36 60 60 2700
9 -5.759325 5.800128 -5759.325264 5800.128470 1 1.17 60 60 3600
10 5.793273 -6.646129 5793.272847 -6646.128690 1 4.37 60 60 3600
11 1.256009 6.053861 1256.008817 6053.860996 1 3.74 60 60 2700
12 -6.544998 -2.450591 -6544.997679 -2450.591016 0 8.06 60 60 2700
13 -1.881295 -2.998075 -1881.295379 -2998.075331 1 1.24 60 60 1800
14 -1.894793 -1.957227 -1894.792760 -1957.227395 1 4.48 60 60 1800
15 -8.936318 -1.990941 -8936.318130 -1990.940859 1 3.48 60 60 3600
16 -8.730424 9.482828 -8730.423695 9482.828227 1 1.66 60 60 3600
17 5.255235 8.489308 5255.235127 8489.308482 1 4.18 60 60 3600
18 -2.699578 -1.414179 -2699.577907 -1414.179070 1 2.26 60 60 1800
19 9.484394 1.711867 9484.394136 1711.867377 1 2.55 60 60 3600
20 0.765194 -1.058824 765.193974 -1058.824460 1 0.70 60 60 1800
21 2.855769 -6.962281 2855.768769 -6962.280827 0 8.24 60 60 3600
22 0.620042 -8.024874 620.042354 -8024.873718 1 3.67 60 60 3600
23 -6.377533 -7.239377 -6377.532660 -7239.376511 0 9.80 60 60 3600
24 -2.388028 2.096027 -2388.028252 2096.026667 1 3.16 60 60 1800
25 -6.503991 -4.850073 -6503.991366 -4850.073437 1 2.21 60 60 3600
26 -8.034304 0.018083 -8034.304001 18.083227 1 1.04 60 60 3600
27 -2.673913 -6.540396 -2673.912979 -6540.395569 1 3.05 60 60 3600
28 1.128415 -3.717886 1128.414657 -3717.885742 1 1.80 60 60 1800
29 7.998784 -7.082968 7998.784244 -7082.968194 1 0.82 60 60 3600
30 -1.297061 1.862090 -1297.060727 1862.090225 1 3.19 60 60 1800
31 3.217465 -3.841900 3217.465353 -3841.900185 1 2.17 60 60 2700
32 -8.807578 -2.789752 -8807.577837 -2789.751979 1 2.89 60 60 3600
33 6.598255 7.437603 6598.255404 7437.603054 1 0.69 60 60 3600
34 -5.141305 8.553356 -5141.305005 8553.356110 0 5.79 60 60 3600
35 -5.524393 -3.587911 -5524.393445 -3587.911179 1 4.00 60 60 2700
36 7.881769 -5.215234 7881.769027 -5215.234489 1 3.53 60 60 3600
37 7.140399 5.323497 7140.399161 5323.496847 1 3.77 60 60 3600
38 -4.864598 -0.818266 -4864.597766 -818.265760 1 2.32 60 60 2700
39 -6.719713 -6.150956 -6719.713381 -6150.955827 1 3.27 60 60 3600
40 -7.203647 -6.693969 -7203.647059 -6693.968564 1 2.82 60 60 3600
41 5.463861 -9.201300 5463.860996 -9201.300329 1 2.87 60 60 3600
42 -9.804793 9.580094 -9804.792968 9580.094389 1 2.81 60 60 3600
43 -8.606903 -9.384417 -8606.902852 -9384.416620 1 4.01 60 60 3600
44 1.004614 -0.585313 1004.614265 -585.312730 0 9.57 60 60 1800
45 -9.221223 -3.927486 -9221.222926 -3927.486205 1 4.52 60 60 3600
46 -0.858120 -3.519017 -858.119697 -3519.016534 1 2.78 60 60 1800
47 -3.549609 -5.422818 -3549.608970 -5422.818234 0 7.43 60 60 2700
48 -3.735427 -9.751401 -3735.426712 -9751.400882 1 2.91 60 60 3600
49 -5.683711 -7.532580 -5683.711397 -7532.579518 0 5.95 60 60 3600
50 -8.435185 0.535834 -8435.184628 535.834456 1 1.63 60 60 3600
51 -9.467499 3.196141 -9467.498608 3196.141460 1 4.05 60 60 3600
52 4.448309 -5.049875 4448.308849 -5049.874869 0 9.82 60 60 2700
53 8.276552 8.355360 8276.551581 8355.360394 1 4.33 60 60 3600
54 4.896581 -5.997076 4896.580637 -5997.076199 1 1.73 60 60 3600
55 -6.296099 -3.676819 -6296.098541 -3676.819070 1 4.04 60 60 3600
56 2.358439 -2.223021 2358.439460 -2223.021347 1 1.57 60 60 1800
57 -0.236385 7.271702 -236.384981 7271.701776 0 5.64 60 60 3600
58 -9.567712 -2.549054 -9567.711563 -2549.053625 1 1.04 60 60 3600
59 -0.942630 -0.360239 -942.629924 -360.238643 1 0.76 60 60 1800
60 9.284755 -7.855547 9284.755140 -7855.547360 0 7.11 60 60 3600
61 -2.420358 -5.793647 -2420.358218 -5793.647200 1 2.10 60 60 2700
62 2.253918 7.727763 2253.917698 7727.762844 0 5.11 60 60 3600
63 -3.169107 -7.875718 -3169.107387 -7875.718497 1 1.12 60 60 3600
64 -5.490628 -1.783173 -5490.628319 -1783.172501 0 7.41 60 60 2700
65 -2.392645 -2.752972 -2392.644931 -2752.972141 1 1.59 60 60 1800
66 -3.215727 6.033652 -3215.727013 6033.652243 0 10.00 60 60 2700
67 8.168014 -1.525117 8168.013894 -1525.116680 0 6.69 60 60 3600
68 3.184538 1.121346 3184.537992 1121.345546 1 2.49 60 60 1800
69 -2.253426 -3.739282 -2253.425924 -3739.281535 1 4.13 60 60 2700
70 -9.519025 -7.658925 -9519.025362 -7658.925017 1 2.91 60 60 3600
71 -5.703825 5.011380 -5703.824732 5011.379757 0 8.90 60 60 3600
72 8.687974 5.293706 8687.974029 5293.706499 1 1.35 60 60 3600
73 -3.866949 7.904812 -3866.948581 7904.811611 1 0.83 60 60 3600
74 -5.722174 6.678934 -5722.173912 6678.934195 1 1.30 60 60 3600
75 -0.508066 -6.461200 -508.065506 -6461.199637 1 1.56 60 60 2700
76 3.122773 5.121138 3122.772677 5121.137909 1 0.81 60 60 2700
77 7.842843 9.234953 7842.842694 9234.952872 1 4.19 60 60 3600
78 -0.222599 -4.481056 -222.599184 -4481.056268 0 9.57 60 60 2700
79 -6.016395 -2.055934 -6016.394987 -2055.933589 1 2.12 60 60 2700
80 8.088770 -9.600355 8088.769812 -9600.355065 1 2.56 60 60 3600
81 -5.909941 1.869380 -5909.940566 1869.380186 1 1.74 60 60 2700
82 6.534746 8.910077 6534.745814 8910.077288 1 0.86 60 60 3600
83 5.170386 -4.932754 5170.385595 -4932.754011 1 3.62 60 60 3600
84 -1.199120 -7.807149 -1199.119873 -7807.149307 1 3.88 60 60 3600
85 6.604024 -3.265950 6604.024421 -3265.950113 1 1.67 60 60 3600
86 7.345010 8.107356 7345.010043 8107.356285 1 3.50 60 60 3600
87 4.419470 -3.075165 4419.469793 -3075.164954 1 3.31 60 60 2700
88 9.226012 -1.502717 9226.011530 -1502.717230 1 3.07 60 60 3600
89 -4.080090 6.503237 -4080.089936 6503.237295 1 3.81 60 60 3600
90 8.332915 -9.139952 8332.914737 -9139.951667 1 1.84 60 60 3600
91 1.127757 6.775239 1127.756716 6775.238820 1 2.28 60 60 2700
92 0.334784 6.132153 334.784420 6132.153035 1 4.21 60 60 2700
93 3.756781 -0.030010 3756.780881 -30.009745 0 6.95 60 60 1800
94 -6.071090 3.347155 -6071.089766 3347.155259 1 0.62 60 60 2700
95 -6.381043 8.841716 -6381.043359 8841.716196 1 2.32 60 60 3600
96 3.191922 -6.427555 3191.921716 -6427.555224 1 2.85 60 60 3600
97 -3.095078 8.085841 -3095.077581 8085.840556 1 3.80 60 60 3600
98 -9.608857 -3.218341 -9608.857043 -3218.341334 1 1.33 60 60 3600
99 -8.067943 6.871470 -8067.943216 6871.469542 0 6.99 60 60 3600
100 -8.749769 7.030102 -8749.768664 7030.102471 1 4.49 60 60 3600
