trucks_count 1
drones_count 1
customers 100
depot 0 0
Coordinate X Coordinate Y Dronable Demand
X Y Dronable Demand Drone_service Truck_service Lw
-1552.722 4838.335 1 1.75 60 60 3600
-3157.137 4445.854 1 0.24 60 60 3600
-3822.964 -1647.725 1 0.62 60 60 3600
-4209.523 3318.638 1 0.59 60 60 3600
-3463.778 1736.625 1 0.74 60 60 3600
-993.746 -1658.473 1 0.82 60 60 3600
3617.047 -1454.741 1 0.31 60 60 3600
-2501.781 2181.761 1 1.80 60 60 3600
-1204.792 2193.093 1 0.84 60 60 3600
-3869.242 -3299.937 1 0.71 60 60 3600
-1587.548 -314.279 1 1.47 60 60 3600
-66.917 -376.952 1 1.86 60 60 3600
-1603.479 2928.306 1 1.52 60 60 3600
-4668.809 2392.590 1 1.05 60 60 3600
1808.950 2420.052 1 0.43 60 60 3600
-235.411 -3561.116 1 1.38 60 60 3600
-3266.924 164.353 1 1.17 60 60 3600
-3947.227 -83.791 1 1.81 60 60 3600
1079.365 2136.832 1 1.95 60 60 3600
-4777.608 -2417.536 1 1.84 60 60 3600
515.572 2813.168 1 1.30 60 60 3600
-1400.971 818.859 1 1.85 60 60 3600
-4332.217 -1597.008 1 1.20 60 60 3600
-4472.765 264.040 1 1.25 60 60 3600
-3977.500 -2247.295 1 1.44 60 60 3600
3754.955 -2009.460 1 1.38 60 60 3600
-1403.320 1674.442 1 1.16 60 60 3600
1199.440 3325.028 1 0.43 60 60 3600
-2950.846 1124.510 1 1.31 60 60 3600
-2729.881 -4397.763 1 0.36 60 60 3600
-4740.632 4504.475 1 0.44 60 60 3600
2533.535 -4500.712 1 0.52 60 60 3600
-663.769 -681.596 1 0.42 60 60 3600
-850.938 -2555.896 1 1.21 60 60 3600
335.470 -1311.094 1 1.49 60 60 3600
21.315 -2041.264 1 1.20 60 60 3600
-4104.112 4387.667 1 0.50 60 60 3600
-4024.932 720.040 1 0.79 60 60 3600
-927.738 1332.545 1 0.33 60 60 3600
1005.048 -3563.175 1 1.67 60 60 3600
-2737.083 3931.366 1 1.97 60 60 3600
407.292 1543.530 1 0.83 60 60 3600
-4736.288 2898.973 1 0.82 60 60 3600
-4751.627 -4440.043 1 0.65 60 60 3600
-2139.441 360.521 1 0.89 60 60 3600
-1527.354 4264.413 1 1.51 60 60 3600
1532.686 1235.563 1 0.91 60 60 3600
-2280.384 -1002.949 1 1.28 60 60 3600
2130.857 385.290 1 1.44 60 60 3600
2025.062 -386.269 1 1.08 60 60 3600
-4127.734 -3842.577 1 0.82 60 60 3600
-3137.579 -2345.535 1 1.19 60 60 3600
-4755.285 -3903.948 1 1.94 60 60 3600
2755.540 -2013.411 1 0.23 60 60 3600
1195.605 -1620.318 1 0.89 60 60 3600
1789.214 -4419.604 1 0.54 60 60 3600
-3554.910 -1027.495 1 0.98 60 60 3600
4261.953 -1947.109 1 1.40 60 60 3600
-2728.041 1595.204 1 0.96 60 60 3600
-2764.872 4.144 1 1.53 60 60 3600
1272.873 -2847.799 1 0.62 60 60 3600
2872.217 -2562.375 1 0.71 60 60 3600
2162.315 2887.986 1 1.46 60 60 3600
1096.741 924.446 1 0.52 60 60 3600
389.241 146.887 1 1.74 60 60 3600
-3401.683 2876.397 1 1.44 60 60 3600
1429.582 2746.075 1 0.51 60 60 3600
-705.006 -1201.187 1 1.25 60 60 3600
-4410.535 -3376.213 1 1.11 60 60 3600
-629.214 -3028.104 1 1.62 60 60 3600
-2555.308 654.428 1 0.52 60 60 3600
391.049 -4873.723 1 0.37 60 60 3600
4667.884 -1372.175 1 1.60 60 60 3600
-4194.859 3823.942 1 1.50 60 60 3600
-2708.254 -1903.271 1 0.54 60 60 3600
438.356 -2956.926 1 1.08 60 60 3600
-3929.321 -4440.310 1 0.71 60 60 3600
561.538 771.804 1 1.12 60 60 3600
-3336.834 -3348.105 1 1.75 60 60 3600
4617.283 -2815.027 1 0.87 60 60 3600
-3522.548 3819.601 1 0.49 60 60 3600
4954.406 -3932.513 1 1.45 60 60 3600
-1156.425 -3010.360 1 1.98 60 60 3600
66.117 -4185.009 1 1.09 60 60 3600
-432.027 363.382 1 1.64 60 60 3600
-423.661 1547.426 1 1.28 60 60 3600
521.579 2073.469 1 1.95 60 60 3600
-1415.968 -3512.691 1 0.36 60 60 3600
502.405 -555.008 1 1.21 60 60 3600
-2639.040 -2452.101 1 0.46 60 60 3600
1262.211 -1112.888 1 0.62 60 60 3600
-24.838 2395.094 1 0.34 60 60 3600
-2490.469 4808.824 1 1.05 60 60 3600
-1563.998 -1520.230 1 1.73 60 60 3600
3090.968 -1603.553 1 1.00 60 60 3600
-4984.721 3470.546 1 1.18 60 60 3600
-4259.568 -2885.259 1 1.72 60 60 3600
-4994.832 -124.489 1 0.26 60 60 3600
1768.492 -1443.642 1 0.78 60 60 3600
916.660 -2189.163 1 0.91 60 60 3600
