trucks_count 1
drones_count 1
customers 100
depot 0 0
Coordinate X Coordinate Y Dronable Demand
X Y Dronable Demand Drone_service Truck_service Lw
-815.063 1770.533 1 0.58 60 60 3600
-248.983 1849.838 1 1.11 60 60 3600
-2377.502 4583.378 1 0.89 60 60 3600
-2804.457 1991.259 1 1.52 60 60 3600
-2077.097 23.244 1 0.65 60 60 3600
4617.283 -2815.027 1 1.29 60 60 3600
-575.090 -1893.264 1 0.41 60 60 3600
3481.934 -1922.719 1 1.57 60 60 3600
-4668.809 2392.590 1 0.98 60 60 3600
-2004.427 1624.660 1 0.52 60 60 3600
-1314.131 -210.517 1 1.05 60 60 3600
-2385.442 4003.579 1 0.57 60 60 3600
-3953.681 -3712.266 1 0.62 60 60 3600
1181.617 3062.079 1 0.98 60 60 3600
4954.406 -3932.513 1 0.25 60 60 3600
-46.922 -2238.612 1 0.75 60 60 3600
805.606 -901.169 1 0.36 60 60 3600
-4275.807 217.185 1 1.44 60 60 3600
1342.056 -2000.888 1 1.75 60 60 3600
1941.547 1133.783 1 1.41 60 60 3600
-4392.878 4827.247 1 0.81 60 60 3600
-4884.921 291.903 1 1.71 60 60 3600
836.659 -3366.384 1 1.89 60 60 3600
668.716 -54.424 1 0.23 60 60 3600
-3039.141 808.172 1 1.32 60 60 3600
-3120.992 -3347.326 1 0.79 60 60 3600
-2662.356 -2891.582 1 1.73 60 60 3600
2103.847 -1819.503 1 0.94 60 60 3600
-4716.958 3258.336 1 0.73 60 60 3600
1136.493 -4687.385 1 0.30 60 60 3600
-4259.568 -2885.259 1 1.55 60 60 3600
-2820.618 -1098.038 1 1.33 60 60 3600
-1033.004 -3398.388 1 1.38 60 60 3600
-4209.523 3318.638 1 0.51 60 60 3600
4046.881 -4142.139 1 0.32 60 60 3600
-1854.822 2132.413 1 1.39 60 60 3600
-4.583 561.654 1 1.21 60 60 3600
-1204.969 1073.860 1 1.61 60 60 3600
-3554.910 -1027.495 1 0.81 60 60 3600
-2258.165 750.108 1 0.95 60 60 3600
-2818.898 2701.670 1 0.61 60 60 3600
-956.858 359.831 1 0.60 60 60 3600
-2298.104 2860.000 1 1.82 60 60 3600
-4976.964 -1982.194 1 0.43 60 60 3600
1634.304 -682.202 1 1.84 60 60 3600
-123.286 -4667.102 1 0.42 60 60 3600
-4779.645 -3069.382 1 1.17 60 60 3600
967.739 -4006.373 1 1.29 60 60 3600
-2919.835 -2011.808 1 1.03 60 60 3600
2487.372 -2232.322 1 1.82 60 60 3600
1769.468 -3164.739 1 0.28 60 60 3600
-1563.998 -1520.230 1 1.45 60 60 3600
-3233.169 3854.366 1 0.46 60 60 3600
-2921.893 3277.060 1 1.63 60 60 3600
-3957.141 1763.108 1 1.37 60 60 3600
-2895.335 -4994.283 1 1.21 60 60 3600
-2729.881 -4397.763 1 0.96 60 60 3600
789.165 1229.318 1 1.04 60 60 3600
-15.963 1070.887 1 0.62 60 60 3600
-1075.967 2435.314 1 1.42 60 60 3600
2981.161 -3647.177 1 1.06 60 60 3600
66.117 -4185.009 1 0.51 60 60 3600
-66.917 -376.952 1 1.15 60 60 3600
4899.679 -4446.510 1 1.48 60 60 3600
-1879.442 4637.090 1 0.34 60 60 3600
4261.953 -1947.109 1 1.41 60 60 3600
2548.199 -2827.316 1 1.75 60 60 3600
-4477.993 -907.035 1 0.65 60 60 3600
-4859.179 1867.048 1 1.56 60 60 3600
1942.701 274.760 1 1.01 60 60 3600
-3655.541 -137.736 1 0.46 60 60 3600
1202.828 1970.097 1 0.26 60 60 3600
1808.950 2420.052 1 0.60 60 60 3600
1472.430 1500.928 1 1.78 60 60 3600
1516.806 646.663 1 1.92 60 60 3600
255.593 2748.969 1 1.15 60 60 3600
1783.374 -3990.054 1 1.72 60 60 3600
555.666 -2042.254 1 1.81 60 60 3600
-2216.980 -1863.909 1 1.20 60 60 3600
-705.006 -1201.187 1 1.68 60 60 3600
-4024.932 720.040 1 0.96 60 60 3600
4394.853 -993.264 1 1.23 60 60 3600
-2615.376 -350.380 1 0.82 60 60 3600
594.700 -4498.797 1 1.37 60 60 3600
-3768.767 4826.245 1 1.01 60 60 3600
-3402.681 4485.094 1 0.28 60 60 3600
-3173.152 -3898.738 1 1.36 60 60 3600
-4921.534 4416.031 1 1.72 60 60 3600
-4161.603 -1941.109 1 1.07 60 60 3600
-1603.479 2928.306 1 1.42 60 60 3600
1180.214 -190.580 1 0.23 60 60 3600
-3373.914 -4687.407 1 0.59 60 60 3600
599.793 2300.728 1 0.67 60 60 3600
2298.977 -862.051 1 0.72 60 60 3600
2525.180 -4036.719 1 0.84 60 60 3600
3024.965 -4630.545 1 1.97 60 60 3600
3347.580 -3243.553 1 1.14 60 60 3600
-3509.225 -2050.414 1 0.78 60 60 3600
-1581.177 652.035 1 1.88 60 60 3600
-3787.505 3880.393 1 1.23 60 60 3600
