id x_km y_km x_m y_m dronable demand_kg drone_service_sec truck_service_sec deadline_sec
1 -3.893109 8.868827 -3893.108859 8868.826537 1 3.44 60 60 3600
2 1.807416 -4.349429 1807.416205 -4349.429322 1 4.32 60 60 1800
3 -8.905721 4.692436 -8905.720646 4692.435657 1 0.85 60 60 3600
4 5.900700 -5.747386 5900.699854 -5747.386281 1 4.13 60 60 2700
5 2.102054 5.041796 2102.054024 5041.796195 1 1.10 60 60 1800
6 9.916859 -3.261711 9916.859174 -3261.711438 1 2.18 60 60 3600
7 -8.682702 8.001899 -8682.702107 8001.898758 1 3.28 60 60 3600
8 -6.382730 6.298016 -6382.729571 6298.016306 1 3.21 60 60 2700
9 0.691916 -4.850179 691.915904 -4850.179201 1 2.99 60 60 1800
10 3.228546 -5.358041 3228.545947 -5358.041427 1 0.56 60 60 1800
11 -4.981681 -3.213446 -4981.681303 -3213.446037 0 9.98 60 60 1800
12 -5.702300 -9.780537 -5702.300226 -9780.537439 1 1.59 60 60 3600
13 9.935788 -4.941770 9935.788344 -4941.769996 1 3.75 60 60 3600
14 5.898005 -1.183344 5898.005047 -1183.343983 0 7.71 60 60 1800
15 -6.783621 -6.827511 -6783.620723 -6827.511385 1 1.64 60 60 3600
16 -0.446786 5.384099 -446.786108 5384.098571 1 1.75 60 60 1800
17 -9.592961 8.085497 -9592.961280 8085.496825 1 3.43 60 60 3600
18 -3.622640 0.081007 -3622.640466 81.007111 1 3.97 60 60 1800
19 -5.838338 5.498589 -5838.338202 5498.588748 1 3.57 60 60 2700
20 4.019083 9.966199 4019.083129 9966.198737 1 2.42 60 60 3600
21 0.861626 1.514926 861.625982 1514.925989 1 3.85 60 60 1800
22 -6.431315 -2.696570 -6431.314806 -2696.569941 1 1.09 60 60 2700
23 3.636176 6.464493 3636.175863 6464.493290 0 6.40 60 60 2700
24 5.532089 7.591640 5532.089344 7591.639982 1 0.65 60 60 2700
25 -2.954573 -5.812883 -2954.572627 -5812.883202 1 4.29 60 60 1800
26 7.107069 5.987141 7107.069135 5987.141091 1 3.78 60 60 2700
27 4.399329 3.077873 4399.329351 3077.872806 1 4.62 60 60 1800
28 -0.952962 -8.580428 -952.962338 -8580.427939 1 0.57 60 60 2700
29 -9.423429 4.509129 -9423.428803 4509.129381 1 2.67 60 60 3600
30 5.655101 -6.920672 5655.100608 -6920.671802 1 1.54 60 60 2700
31 4.754772 -6.694165 4754.771590 -6694.165222 1 3.53 60 60 2700
32 6.065096 5.093749 6065.095785 5093.749347 1 4.57 60 60 2700
33 8.464741 0.231711 8464.741004 231.711204 1 1.82 60 60 2700
34 -6.573649 -8.878911 -6573.648560 -8878.911130 1 2.64 60 60 3600
35 -6.414542 2.823708 -6414.542129 2823.707573 1 4.89 60 60 2700
36 5.444407 -2.145666 5444.406880 -2145.666387 1 3.51 60 60 1800
37 -7.508393 8.843515 -7508.393187 8843.515495 1 1.89 60 60 3600
38 8.776445 -3.777155 8776.445269 -3777.155323 1 2.76 60 60 3600
39 9.250586 3.454408 9250.586389 3454.407775 1 1.20 60 60 3600
40 -9.295787 7.001543 -9295.786926 7001.542973 1 2.58 60 60 3600
41 -4.642685 6.728288 -4642.685060 6728.287953 1 2.48 60 60 2700
42 -3.037362 8.972368 -3037.362194 8972.368093 1 0.58 60 60 3600
43 8.179112 -6.033359 8179.112128 -6033.358620 1 4.45 60 60 3600
44 1.048526 -8.766997 1048.526265 -8766.996572 0 5.56 60 60 2700
45 1.872322 -1.060397 1872.322246 -1060.396739 1 0.80 60 60 1800
46 5.522879 0.640396 5522.879221 640.396225 1 4.77 60 60 1800
47 1.884022 0.646095 1884.022333 646.095009 1 4.79 60 60 1800
48 6.111343 -2.296822 6111.342710 -2296.821651 1 3.29 60 60 1800
49 -8.884326 -8.947995 -8884.326374 -8947.995398 0 9.19 60 60 3600
50 -0.170002 8.153260 -170.001505 8153.260373 1 0.61 60 60 2700
51 -2.750514 -2.096276 -2750.514350 -2096.276477 1 1.12 60 60 1800
52 -6.973119 7.990860 -6973.118769 7990.860253 1 4.59 60 60 3600
53 6.677280 4.331408 6677.279977 4331.408286 1 0.65 60 60 2700
54 -3.334305 3.507725 -3334.305437 3507.724839 1 1.36 60 60 1800
55 -9.623400 -6.378767 -9623.399725 -6378.766589 1 2.10 60 60 3600
56 -4.462325 8.270126 -4462.325251 8270.126194 1 1.44 60 60 3600
57 -1.814196 8.962640 -1814.196291 8962.640394 1 3.07 60 60 2700
58 8.479122 6.965373 8479.121542 6965.373441 1 3.08 60 60 3600
59 -2.026952 -7.415821 -2026.952265 -7415.821471 0 6.93 60 60 2700
60 5.983424 4.242150 5983.424497 4242.150463 1 4.43 60 60 2700
61 -1.010800 5.330191 -1010.800487 5330.191161 1 0.99 60 60 1800
62 1.584584 9.717832 1584.584369 9717.832488 1 3.64 60 60 3600
63 -9.375819 3.188881 -9375.819007 3188.881189 0 8.53 60 60 3600
64 -5.929403 1.118615 -5929.403345 1118.614694 1 2.69 60 60 1800
65 -1.929609 -5.498118 -1929.609338 -5498.118287 1 0.98 60 60 1800
66 6.141557 8.174711 6141.557410 8174.710852 0 9.51 60 60 3600
67 1.690662 2.743343 1690.661554 2743.342966 1 3.73 60 60 1800
68 -0.202139 -6.990158 -202.138522 -6990.158182 0 6.93 60 60 2700
69 0.865002 -1.345744 865.001616 -1345.743588 1 3.49 60 60 1800
70 3.822602 1.105347 3822.602108 1105.347365 1 0.97 60 60 1800
71 9.406425 9.568833 9406.424566 9568.832957 1 1.80 60 60 3600
72 -7.410584 -3.456939 -7410.584348 -3456.938541 0 5.53 60 60 2700
73 -7.318877 1.244075 -7318.876710 1244.074741 1 4.51 60 60 2700
74 3.624508 -3.050202 3624.508296 -3050.202298 1 4.27 60 60 1800
75 -6.997905 -5.299115 -6997.905320 -5299.114927 0 6.87 60 60 2700
76 2.149661 -3.579316 2149.661071 -3579.316042 1 2.78 60 60 1800
77 3.093073 8.656455 3093.073410 8656.455121 1 2.67 60 60 2700
78 7.680602 -2.791040 7680.601526 -2791.040311 1 4.30 60 60 2700
79 0.588265 0.971033 588.264752 971.033068 1 0.83 60 60 1800
80 4.518728 6.183983 4518.728185 6183.982593 1 2.25 60 60 2700
81 1.353543 -1.735888 1353.542585 -1735.888180 0 5.81 60 60 1800
82 -4.674934 6.120547 -4674.933618 6120.546801 1 2.03 60 60 2700
83 -3.742175 -5.316557 -3742.175371 -5316.556812 0 7.10 60 60 1800
84 9.095978 -4.197990 9095.978238 -4197.989934 1 3.81 60 60 3600
85 7.473436 -8.653392 7473.435850 -8653.392151 1 3.86 60 60 3600
86 -5.083836 -8.432603 -5083.836494 -8432.603145 1 2.31 60 60 3600
87 -2.100504 -2.707246 -2100.504203 -2707.245877 1 3.39 60 60 1800
88 3.859341 8.756089 3859.340940 8756.088536 1 1.64 60 60 3600
89 7.072896 -0.051901 7072.895722 -51.900715 1 3.11 60 60 2700
90 -6.289387 -1.693021 -6289.386591 -1693.020973 1 1.05 60 60 1800
91 -3.364359 -2.810092 -3364.359468 -2810.092060 1 2.29 60 60 1800
92 -6.966897 -9.741071 -6966.896704 -9741.071404 1 2.44 60 60 3600
93 -2.816685 -0.323301 -2816.684997 -323.301117 1 1.58 60 60 1800
94 9.271027 6.252145 9271.027232 6252.144517 1 2.17 60 60 3600
95 -6.792878 -2.166323 -6792.877880 -2166.323253 1 3.80 60 60 2700
96 -1.255789 -9.688815 -1255.789141 -9688.814685 1 2.82 60 60 3600
97 -8.046323 -6.831079 -8046.322682 -6831.079310 1 2.66 60 60 3600
98 3.959176 7.925007 3959.175930 7925.007446 0 7.75 60 60 2700
99 0.446399 -2.794255 446.398611 -2794.254919 1 3.90 60 60 1800
100 1.647699 3.458466 1647.698875 3458.466045 1 1.93 60 60 1800
101 -2.543400 -9.742360 -2543.400258 -9742.360342 1 3.89 60 60 3600
102 -8.483045 -8.330122 -8483.044986 -8330.122185 1 0.90 60 60 3600
103 -2.403634 0.297411 -2403.633933 297.411414 1 1.94 60 60 1800
104 -2.263550 4.692457 -2263.549692 4692.457010 1 1.74 60 60 1800
105 2.397421 3.202356 2397.420893 3202.355986 1 1.93 60 60 1800
106 7.028748 7.978684 7028.748500 7978.683942 1 2.73 60 60 3600
107 -8.179899 8.111952 -8179.899087 8111.952351 1 4.35 60 60 3600
108 5.115293 -8.911183 5115.293349 -8911.183474 1 1.43 60 60 3600
109 -7.771973 -7.467740 -7771.973263 -7467.740346 1 1.38 60 60 3600
110 3.174307 -3.316571 3174.307089 -3316.570945 1 4.22 60 60 1800
111 -8.756270 7.403970 -8756.269901 7403.969681 1 3.38 60 60 3600
112 8.570668 -6.888369 8570.667624 -6888.369123 1 2.32 60 60 3600
113 5.091672 -3.710947 5091.671993 -3710.947244 1 3.97 60 60 1800
114 -0.131167 -9.959444 -131.166594 -9959.443743 1 2.69 60 60 3600
115 3.469414 8.050006 3469.414309 8050.005697 1 2.06 60 60 2700
116 -6.700635 7.312371 -6700.635474 7312.370861 1 0.66 60 60 3600
117 8.632716 7.839493 8632.716246 7839.492673 1 4.49 60 60 3600
118 -1.863865 5.990390 -1863.864566 5990.389927 1 4.34 60 60 1800
119 8.764354 -9.799336 8764.353716 -9799.335719 1 1.41 60 60 3600
120 2.108764 9.985424 2108.764042 9985.423515 1 4.22 60 60 3600
121 4.684783 8.267867 4684.783186 8267.867040 0 7.32 60 60 3600
122 8.387946 -5.041811 8387.945512 -5041.810752 1 0.93 60 60 3600
123 -2.081512 -4.450961 -2081.512059 -4450.960537 1 0.83 60 60 1800
124 -1.945952 -0.930111 -1945.951967 -930.111242 1 2.73 60 60 1800
125 -0.055553 -8.945062 -55.552853 -8945.062064 1 3.19 60 60 2700
126 4.700988 1.033016 4700.987822 1033.016277 1 3.56 60 60 1800
127 -9.417041 -0.628078 -9417.041235 -628.077660 0 7.84 60 60 3600
128 6.807226 8.779128 6807.226358 8779.128034 1 4.93 60 60 3600
129 9.798734 5.861350 9798.734285 5861.350179 1 3.18 60 60 3600
130 -0.102388 0.990279 -102.388251 990.279092 1 4.49 60 60 1800
131 -6.185605 -9.252144 -6185.604506 -9252.144164 1 1.80 60 60 3600
132 8.517986 -8.079000 8517.985713 -8078.999926 0 6.01 60 60 3600
133 -3.671922 -4.363501 -3671.922475 -4363.500982 1 3.23 60 60 1800
134 6.610182 -3.622242 6610.182173 -3622.241645 1 0.75 60 60 2700
135 7.643038 8.500119 7643.037718 8500.119205 1 3.34 60 60 3600
136 6.496276 -1.278065 6496.276052 -1278.065240 1 4.84 60 60 2700
137 7.993499 -1.541282 7993.498958 -1541.282027 1 4.26 60 60 2700
138 6.092604 9.356070 6092.604461 9356.070386 1 2.40 60 60 3600
139 8.303247 -0.882141 8303.247115 -882.140502 1 0.89 60 60 2700
140 -3.102189 8.409911 -3102.189482 8409.910843 1 3.05 60 60 2700
141 6.215822 -4.725955 6215.822427 -4725.955432 1 2.42 60 60 2700
142 1.320446 -7.503165 1320.445756 -7503.165162 1 4.04 60 60 2700
143 6.189460 3.452491 6189.459771 3452.490876 1 1.01 60 60 2700
144 2.888324 -0.332268 2888.323820 -332.267790 0 6.87 60 60 1800
145 5.964524 -0.292716 5964.523559 -292.716285 1 1.38 60 60 1800
146 -7.574871 7.178060 -7574.871231 7178.059756 1 3.04 60 60 3600
147 3.693550 4.762483 3693.549716 4762.483377 1 1.77 60 60 1800
148 -0.774498 -5.053318 -774.498019 -5053.318112 0 5.79 60 60 1800
149 -6.425684 -4.417606 -6425.684255 -4417.606420 1 3.72 60 60 2700
150 -4.672369 1.121165 -4672.369060 1121.165175 0 8.20 60 60 1800
151 2.631209 -5.386138 2631.209115 -5386.137601 0 6.14 60 60 1800
152 -3.541886 9.592502 -3541.886082 9592.502470 1 4.64 60 60 3600
153 9.243389 0.836335 9243.388780 836.335136 1 4.60 60 60 2700
154 -1.640180 0.227823 -1640.179994 227.822733 1 0.77 60 60 1800
155 -9.988577 4.353914 -9988.576539 4353.914067 1 2.15 60 60 3600
156 4.999337 9.824871 4999.337425 9824.870880 0 6.06 60 60 3600
157 5.518713 9.333219 5518.712863 9333.218590 1 0.56 60 60 3600
158 9.683223 -8.436739 9683.223328 -8436.738730 1 0.90 60 60 3600
159 4.062790 5.473147 4062.790209 5473.147002 1 4.77 60 60 2700
160 -8.467721 -1.553630 -8467.721141 -1553.630112 1 2.74 60 60 2700
161 5.848720 2.012310 5848.720254 2012.310193 0 6.50 60 60 1800
162 -6.353413 -5.749506 -6353.413227 -5749.505780 1 0.90 60 60 2700
163 8.028561 7.604303 8028.560695 7604.302694 1 4.80 60 60 3600
164 -5.327176 4.808219 -5327.175803 4808.219046 0 7.81 60 60 2700
165 9.628504 -6.778971 9628.503597 -6778.971065 1 3.75 60 60 3600
166 -2.778946 7.189876 -2778.946404 7189.875609 1 1.66 60 60 2700
167 -4.706317 -1.745101 -4706.316744 -1745.100598 1 1.22 60 60 1800
168 5.115637 5.532557 5115.637380 5532.556727 0 7.53 60 60 2700
169 -3.613119 2.556708 -3613.119293 2556.707513 1 4.19 60 60 1800
170 3.098800 -4.544288 3098.799692 -4544.288033 1 1.15 60 60 1800
171 9.160260 8.984469 9160.259684 8984.468910 1 2.96 60 60 3600
172 0.529060 -8.888160 529.060331 -8888.159857 0 9.18 60 60 2700
173 5.536396 5.809375 5536.396474 5809.375205 1 0.84 60 60 2700
174 4.210157 -0.073772 4210.156735 -73.772002 1 3.32 60 60 1800
175 2.706358 1.392935 2706.357559 1392.934620 1 3.52 60 60 1800
176 3.179326 4.213335 3179.326129 4213.334893 0 5.10 60 60 1800
177 8.211989 2.538667 8211.988737 2538.666693 1 1.32 60 60 2700
178 -8.089827 0.831532 -8089.826995 831.531847 1 4.20 60 60 2700
179 -1.353911 -5.057445 -1353.910758 -5057.445235 1 3.85 60 60 1800
180 2.620262 0.640123 2620.261847 640.122804 1 0.98 60 60 1800
181 1.450650 -9.716335 1450.649872 -9716.335077 0 8.69 60 60 3600
182 0.774728 6.996622 774.727925 6996.621848 1 1.16 60 60 2700
183 2.115232 0.201371 2115.231841 201.370874 1 4.69 60 60 1800
184 9.094318 -7.271011 9094.317552 -7271.010816 1 4.56 60 60 3600
185 -3.442533 0.635844 -3442.533072 635.844295 1 1.72 60 60 1800
186 9.443368 -5.990908 9443.368012 -5990.908402 1 3.87 60 60 3600
187 -5.490964 -9.062904 -5490.963703 -9062.904093 1 0.74 60 60 3600
188 -3.925530 9.983460 -3925.529781 9983.459915 1 4.28 60 60 3600
189 -1.157020 -6.378996 -1157.019769 -6378.996058 1 4.89 60 60 1800
190 7.959438 6.647356 7959.437807 6647.355501 1 2.92 60 60 3600
191 -0.597205 -2.129745 -597.205481 -2129.745235 1 0.63 60 60 1800
192 -4.044902 -9.831526 -4044.902448 -9831.525642 0 9.21 60 60 3600
193 -7.443179 9.384537 -7443.178557 9384.537164 1 4.67 60 60 3600
194 7.016504 -7.423289 7016.503822 -7423.289006 1 2.45 60 60 3600
195 -4.388236 -7.931978 -4388.236017 -7931.978105 1 1.19 60 60 2700
196 -5.031824 -0.598496 -5031.824093 -598.495808 1 4.39 60 60 1800
197 7.307495 2.723991 7307.494858 2723.990535 1 2.76 60 60 2700
198 1.868021 -2.817616 1868.021495 -2817.615596 1 0.61 60 60 1800
199 7.114864 5.210377 7114.864044 5210.377116 1 0.75 60 60 2700
200 0.992921 8.681863 992.920664 8681.862534 0 8.43 60 60 2700
201 -4.042419 0.896574 -4042.418816 896.574232 1 4.83 60 60 1800
202 1.152335 -3.171196 1152.334579 -3171.196247 1 3.08 60 60 1800
203 0.924682 -5.957488 924.682127 -5957.487801 1 4.41 60 60 1800
204 3.876508 3.877178 3876.508486 3877.177660 0 8.77 60 60 1800
205 -0.898092 -0.347975 -898.092044 -347.975159 0 7.43 60 60 1800
206 -1.231308 7.050385 -1231.307601 7050.384857 1 3.00 60 60 2700
207 -4.480398 7.692759 -4480.398399 7692.759246 0 7.73 60 60 2700
208 -6.294711 -0.045507 -6294.711110 -45.506581 1 4.93 60 60 1800
209 -5.375301 6.500284 -5375.300846 6500.284045 1 1.92 60 60 2700
210 9.042287 7.259618 9042.287204 7259.618198 1 2.69 60 60 3600
211 5.700397 -9.778011 5700.397478 -9778.010546 1 2.07 60 60 3600
212 -3.689377 4.160466 -3689.377402 4160.466304 1 2.86 60 60 1800
213 -5.440162 8.095531 -5440.162376 8095.531250 1 1.33 60 60 3600
214 -7.478997 -2.145072 -7478.997065 -2145.071738 1 3.19 60 60 2700
215 0.476930 7.907916 476.930151 7907.915582 0 5.35 60 60 2700
216 -2.897913 -6.991728 -2897.913280 -6991.728052 1 3.76 60 60 2700
217 -5.034196 -3.867563 -5034.196464 -3867.563465 1 1.59 60 60 1800
218 8.488072 3.324066 8488.071968 3324.066352 1 4.53 60 60 2700
219 5.106559 -8.255689 5106.558732 -8255.689380 1 2.44 60 60 3600
220 -2.118747 -2.201556 -2118.746729 -2201.556437 1 0.78 60 60 1800
221 7.610807 7.275473 7610.807123 7275.472818 1 2.20 60 60 3600
222 -1.013634 4.493779 -1013.634098 4493.779187 1 1.83 60 60 1800
223 -9.593370 -7.867584 -9593.370381 -7867.584344 1 2.27 60 60 3600
224 3.023582 -2.689065 3023.582450 -2689.064808 1 3.32 60 60 1800
225 6.832791 -6.442381 6832.791219 -6442.380569 1 4.51 60 60 2700
226 -3.905730 1.606835 -3905.729589 1606.834729 0 9.49 60 60 1800
227 -2.078565 -8.462903 -2078.564503 -8462.903048 1 3.70 60 60 2700
228 2.489562 -6.341138 2489.561796 -6341.138228 0 6.79 60 60 2700
229 2.947917 -7.789271 2947.916832 -7789.271354 1 1.00 60 60 2700
230 -4.944464 -2.671143 -4944.463963 -2671.142811 0 5.63 60 60 1800
231 6.223791 0.288485 6223.790728 288.484576 1 2.74 60 60 1800
232 -1.077418 -2.381163 -1077.417892 -2381.162804 1 4.15 60 60 1800
233 -8.173442 -3.365048 -8173.441874 -3365.047916 1 2.27 60 60 2700
234 6.136528 -7.800232 6136.527647 -7800.231806 0 7.74 60 60 3600
235 3.660266 -6.811134 3660.265919 -6811.133519 1 0.66 60 60 2700
236 1.953435 7.001097 1953.435482 7001.097482 1 4.40 60 60 2700
237 5.056702 -2.516999 5056.702137 -2516.998736 0 7.20 60 60 1800
238 -9.628292 0.470149 -9628.292212 470.148579 0 5.58 60 60 3600
239 0.584114 4.737005 584.114395 4737.004872 1 3.34 60 60 1800
240 2.502565 -1.587518 2502.565486 -1587.518217 1 3.20 60 60 1800
241 -9.186615 -9.906851 -9186.615488 -9906.850795 1 0.96 60 60 3600
242 -3.134749 2.706464 -3134.748801 2706.464413 1 1.02 60 60 1800
243 -0.827660 0.297286 -827.660404 297.285771 1 4.40 60 60 1800
244 8.684428 5.421459 8684.427728 5421.459306 1 2.31 60 60 3600
245 -4.244047 -4.941111 -4244.047339 -4941.110653 1 2.44 60 60 1800
246 -7.618919 -9.102964 -7618.919051 -9102.963505 1 2.13 60 60 3600
247 -5.985572 -5.120899 -5985.571858 -5120.899017 1 4.04 60 60 2700
248 7.754999 4.543704 7754.999041 4543.703528 0 5.11 60 60 2700
249 -4.435090 -1.141746 -4435.090218 -1141.746265 0 6.69 60 60 1800
250 -9.226804 -8.518558 -9226.804370 -8518.557501 0 6.04 60 60 3600
251 -9.076116 0.783982 -9076.115773 783.981601 1 3.09 60 60 2700
252 4.600195 3.587837 4600.195377 3587.837266 1 1.64 60 60 1800
253 -8.551061 -7.742131 -8551.061004 -7742.131200 1 0.73 60 60 3600
254 -0.111158 9.556062 -111.158430 9556.062291 1 4.62 60 60 3600
255 6.692052 4.931346 6692.051642 4931.345829 1 2.81 60 60 2700
256 -5.373779 -1.842578 -5373.778528 -1842.577783 1 0.52 60 60 1800
257 -5.459053 1.554464 -5459.053026 1554.464074 0 8.27 60 60 1800
258 -3.889914 -2.895237 -3889.914222 -2895.237212 1 4.86 60 60 1800
259 9.975340 -1.203401 9975.339718 -1203.401140 1 2.66 60 60 3600
260 0.813964 2.174372 813.964421 2174.371884 0 8.39 60 60 1800
261 1.806697 4.627875 1806.697389 4627.875387 1 0.80 60 60 1800
262 5.925382 -6.340775 5925.381598 -6340.775108 1 1.02 60 60 2700
263 4.024680 1.677808 4024.680281 1677.808173 1 1.27 60 60 1800
264 -3.486511 -3.634036 -3486.510796 -3634.036084 0 8.52 60 60 1800
265 5.106873 3.515295 5106.872718 3515.294609 1 2.50 60 60 1800
266 1.387881 6.025305 1387.880769 6025.305036 1 4.67 60 60 1800
267 1.522379 7.340155 1522.378905 7340.154884 1 1.44 60 60 2700
268 7.296076 -9.970040 7296.075570 -9970.039620 1 0.60 60 60 3600
269 -2.486780 2.972328 -2486.779532 2972.328199 1 1.26 60 60 1800
270 -5.430915 -7.922806 -5430.914545 -7922.805515 1 4.90 60 60 3600
271 5.985355 1.071882 5985.355215 1071.881997 1 2.40 60 60 1800
272 -9.702363 -9.480616 -9702.362607 -9480.616279 1 3.58 60 60 3600
273 8.882586 -8.940362 8882.586335 -8940.361544 0 7.89 60 60 3600
274 -8.434241 5.188210 -8434.240867 5188.210019 1 4.50 60 60 3600
275 -1.807359 -6.837339 -1807.358893 -6837.338800 1 2.24 60 60 2700
276 2.992256 2.873341 2992.256430 2873.340779 1 4.72 60 60 1800
277 -8.776022 2.670482 -8776.022352 2670.482071 1 2.29 60 60 2700
278 0.446969 6.146991 446.969239 6146.991179 0 6.23 60 60 1800
279 -1.534949 1.650888 -1534.948881 1650.888049 1 3.70 60 60 1800
280 7.808661 -6.409642 7808.661287 -6409.641734 1 4.39 60 60 3600
281 1.350507 3.926949 1350.507489 3926.948533 1 0.90 60 60 1800
282 -5.834600 -8.555649 -5834.599752 -8555.648698 1 2.58 60 60 3600
283 -8.970750 -1.892763 -8970.750120 -1892.762837 1 2.69 60 60 2700
284 -3.410666 -4.843204 -3410.666173 -4843.203891 0 5.90 60 60 1800
285 3.796609 -3.876146 3796.608996 -3876.146261 1 1.68 60 60 1800
286 6.154265 -9.030229 6154.265486 -9030.228949 0 8.97 60 60 3600
287 0.244673 8.982674 244.673472 8982.674116 0 9.59 60 60 2700
288 0.108923 -2.323074 108.923053 -2323.073872 1 4.67 60 60 1800
289 -0.787558 -3.422596 -787.557552 -3422.596342 1 4.72 60 60 1800
290 -2.657533 2.145031 -2657.532927 2145.031210 0 6.43 60 60 1800
291 7.596954 -5.052844 7596.953683 -5052.844297 0 9.99 60 60 2700
292 9.930151 -3.869707 9930.150883 -3869.707086 1 3.40 60 60 3600
293 -2.191339 3.672146 -2191.339344 3672.145771 1 1.89 60 60 1800
294 -2.071704 1.359268 -2071.704015 1359.267727 1 3.83 60 60 1800
295 -2.735230 -3.484472 -2735.230120 -3484.471778 1 2.02 60 60 1800
296 5.074579 4.233902 5074.579228 4233.902499 1 0.81 60 60 2700
297 -9.672275 9.562359 -9672.275403 9562.359009 1 2.93 60 60 3600
298 3.828852 3.186959 3828.852118 3186.959495 1 2.73 60 60 1800
299 -6.954418 -2.813688 -6954.418098 -2813.688156 1 1.21 60 60 2700
300 -8.802023 1.952726 -8802.022646 1952.726207 1 2.62 60 60 2700
301 -4.158391 -0.648239 -4158.391469 -648.239315 1 3.37 60 60 1800
302 -8.468250 9.321976 -8468.249502 9321.975902 0 9.50 60 60 3600
303 0.730029 -7.518425 730.028967 -7518.424516 1 0.89 60 60 2700
304 -1.779227 -6.088608 -1779.227310 -6088.607621 0 6.08 60 60 1800
305 -4.969963 -6.480192 -4969.962524 -6480.192268 1 3.51 60 60 2700
306 -6.133886 6.947601 -6133.886053 6947.601332 1 1.76 60 60 2700
307 -5.400641 -1.052895 -5400.640921 -1052.894802 1 2.87 60 60 1800
308 -9.981997 -5.384925 -9981.997293 -5384.924803 1 1.09 60 60 3600
309 9.432419 -4.817956 9432.418994 -4817.955619 1 3.04 60 60 3600
310 -7.145787 5.006121 -7145.786861 5006.120668 1 2.17 60 60 2700
311 -7.432850 -5.977172 -7432.850167 -5977.172240 1 2.22 60 60 3600
312 -3.853818 5.550087 -3853.818460 5550.087248 0 7.02 60 60 2700
313 -8.051451 9.802574 -8051.450644 9802.573732 1 4.50 60 60 3600
314 1.933908 -9.104899 1933.907766 -9104.898550 1 1.94 60 60 2700
315 1.914292 -6.750789 1914.292126 -6750.788636 1 1.45 60 60 2700
316 9.307235 -2.654119 9307.235499 -2654.118770 1 1.00 60 60 3600
317 9.439352 -7.938762 9439.352119 -7938.761627 1 4.71 60 60 3600
318 -1.649405 5.044152 -1649.404908 5044.152241 1 3.37 60 60 1800
319 -1.787260 -3.882870 -1787.260403 -3882.870434 1 2.67 60 60 1800
320 7.794302 0.884474 7794.302281 884.473649 1 2.15 60 60 2700
321 -7.309187 3.724967 -7309.187392 3724.967425 0 6.40 60 60 2700
322 -8.032292 -0.873954 -8032.292393 -873.953698 1 1.73 60 60 2700
323 3.165141 2.357218 3165.140984 2357.217657 0 8.43 60 60 1800
324 9.846037 -1.716195 9846.037051 -1716.194641 0 5.72 60 60 3600
325 2.014696 -4.870039 2014.695639 -4870.039460 1 2.00 60 60 1800
326 5.552421 4.823104 5552.421377 4823.103530 0 6.21 60 60 2700
327 -0.778901 8.635599 -778.900747 8635.599306 1 2.82 60 60 2700
328 0.709483 -0.711553 709.483468 -711.552526 0 9.89 60 60 1800
329 4.477096 -1.225391 4477.096488 -1225.391346 1 1.86 60 60 1800
330 -1.845470 -8.001338 -1845.469758 -8001.337512 1 2.71 60 60 2700
331 9.137191 -0.893241 9137.190503 -893.240528 1 4.25 60 60 2700
332 6.488935 2.541657 6488.935136 2541.657156 1 1.12 60 60 2700
333 -4.092587 9.340051 -4092.586693 9340.050647 0 6.58 60 60 3600
334 0.456256 9.459203 456.255580 9459.202776 0 5.16 60 60 3600
335 0.054531 -1.304615 54.530640 -1304.614855 1 2.45 60 60 1800
336 7.483082 -1.937825 7483.082275 -1937.824959 1 3.93 60 60 2700
337 1.120373 -5.283129 1120.372801 -5283.129051 0 7.95 60 60 1800
338 -4.076901 -7.351178 -4076.901015 -7351.177772 1 0.63 60 60 2700
339 -0.227871 -4.559462 -227.871235 -4559.461763 1 3.31 60 60 1800
340 -0.709147 -9.705646 -709.146856 -9705.645518 0 9.71 60 60 3600
341 1.965251 -9.825524 1965.250690 -9825.524391 1 4.32 60 60 3600
342 7.885853 9.483662 7885.852920 9483.662317 1 3.87 60 60 3600
343 8.342244 -9.179547 8342.243760 -9179.547198 1 4.96 60 60 3600
344 -7.849844 -5.163618 -7849.843643 -5163.618066 1 3.13 60 60 3600
345 9.119140 2.080555 9119.139650 2080.554669 1 4.84 60 60 2700
346 5.464471 8.449324 5464.471131 8449.324317 0 7.61 60 60 3600
347 5.678643 -2.700356 5678.642602 -2700.356219 1 3.19 60 60 1800
348 2.499452 6.598350 2499.451891 6598.349609 1 2.47 60 60 2700
349 6.804448 6.864504 6804.447745 6864.504075 1 2.26 60 60 3600
350 -0.016800 -4.091554 -16.799963 -4091.553988 1 3.17 60 60 1800
351 -8.864443 6.011643 -8864.443142 6011.642652 1 1.55 60 60 3600
352 2.918081 7.648182 2918.081156 7648.181979 1 3.82 60 60 2700
353 8.318612 8.589287 8318.611945 8589.286831 1 0.90 60 60 3600
354 -3.100511 -9.832277 -3100.511151 -9832.276693 0 9.45 60 60 3600
355 4.659746 -4.571426 4659.745740 -4571.426378 1 4.49 60 60 1800
356 7.722521 5.838180 7722.520618 5838.179617 0 9.94 60 60 3600
357 -9.817932 2.779594 -9817.931508 2779.593572 1 2.52 60 60 3600
358 0.138117 2.991466 138.116913 2991.466047 1 2.38 60 60 1800
359 -5.891810 9.027342 -5891.810050 9027.341554 1 3.64 60 60 3600
360 7.787334 -0.115925 7787.333883 -115.925067 1 3.70 60 60 2700
361 -7.105175 6.729595 -7105.175125 6729.594569 1 0.71 60 60 3600
362 9.780868 0.718666 9780.868054 718.666438 0 8.71 60 60 3600
363 -7.337153 2.578522 -7337.152759 2578.521552 1 2.39 60 60 2700
364 8.970574 3.878481 8970.573841 3878.481244 1 4.11 60 60 3600
365 -2.088725 2.181593 -2088.724679 2181.593294 1 4.76 60 60 1800
366 -3.331035 5.567947 -3331.034911 5567.947436 1 2.79 60 60 1800
367 8.279506 -3.836059 8279.506022 -3836.059101 1 1.22 60 60 2700
368 -5.333813 -4.747497 -5333.812900 -4747.496967 1 1.82 60 60 2700
369 -6.609133 9.324660 -6609.132554 9324.659922 0 7.66 60 60 3600
370 6.861829 9.723498 6861.828844 9723.498094 1 4.38 60 60 3600
371 7.555062 -9.483604 7555.062272 -9483.603878 0 9.33 60 60 3600
372 -1.110042 9.890076 -1110.041906 9890.076174 1 3.36 60 60 3600
373 0.266027 -7.326754 266.027400 -7326.753995 1 3.85 60 60 2700
374 7.803906 2.162121 7803.905591 2162.120630 1 2.64 60 60 2700
375 -4.821428 -9.442433 -4821.428339 -9442.433079 1 3.94 60 60 3600
376 -5.383095 5.733318 -5383.095327 5733.317981 0 8.09 60 60 2700
377 -4.547279 2.394431 -4547.279485 2394.431123 1 0.64 60 60 1800
378 -6.578133 1.518342 -6578.132786 1518.342192 1 1.20 60 60 2700
379 4.554852 -9.630130 4554.852381 -9630.130493 0 9.80 60 60 3600
380 -0.041109 -7.764423 -41.108949 -7764.422864 1 3.64 60 60 2700
381 -8.729253 0.245693 -8729.253480 245.692636 0 5.50 60 60 2700
382 6.544891 -5.407214 6544.890648 -5407.214362 1 1.36 60 60 2700
383 3.740586 2.282403 3740.585645 2282.402845 1 0.77 60 60 1800
384 -8.783545 6.662310 -8783.545019 6662.309776 1 1.60 60 60 3600
385 3.634631 -8.889661 3634.631397 -8889.660681 0 8.66 60 60 3600
386 1.185824 -2.385548 1185.824339 -2385.548257 1 0.81 60 60 1800
387 7.423255 -3.819453 7423.255444 -3819.452973 1 1.13 60 60 2700
388 0.381780 -1.826818 381.779893 -1826.818262 1 2.17 60 60 1800
389 3.402662 -6.189210 3402.662047 -6189.210050 1 2.67 60 60 2700
390 1.384605 8.213033 1384.605124 8213.032898 1 1.33 60 60 2700
391 -9.537614 -4.576839 -9537.613848 -4576.838572 1 4.27 60 60 3600
392 8.183775 -2.341025 8183.775291 -2341.024742 1 1.39 60 60 2700
393 8.341478 6.007326 8341.477745 6007.325928 1 0.75 60 60 3600
394 2.934973 6.247551 2934.973193 6247.550630 1 4.18 60 60 2700
395 9.229839 4.951166 9229.838932 4951.165732 1 4.95 60 60 3600
396 2.455635 -9.108752 2455.635437 -9108.752446 1 3.21 60 60 3600
397 4.332090 -5.930603 4332.090083 -5930.603267 1 2.83 60 60 2700
398 -7.998423 -8.537262 -7998.422629 -8537.262052 1 1.83 60 60 3600
399 5.975915 7.175020 5975.914579 7175.020203 1 2.26 60 60 2700
400 -3.485461 -1.254654 -3485.461392 -1254.654438 0 6.10 60 60 1800
401 9.767695 7.559206 9767.694515 7559.206107 1 3.90 60 60 3600
402 -7.573362 -6.644556 -7573.361572 -6644.555667 0 6.65 60 60 3600
403 2.894284 -3.779382 2894.283975 -3779.382100 1 4.47 60 60 1800
404 6.314353 -9.668008 6314.352840 -9668.007747 1 4.48 60 60 3600
405 -1.148053 -9.055091 -1148.052950 -9055.091241 0 9.86 60 60 2700
406 -7.779189 -3.824284 -7779.189351 -3824.283678 0 6.26 60 60 2700
407 1.541601 -8.381352 1541.600831 -8381.352254 1 0.89 60 60 2700
408 -6.197534 7.616218 -6197.533692 7616.217972 1 0.56 60 60 3600
409 -9.667168 -1.431513 -9667.168295 -1431.512508 1 2.13 60 60 3600
410 -4.414820 -3.043669 -4414.819831 -3043.669049 0 8.90 60 60 1800
411 -0.334167 3.780292 -334.166840 3780.291568 1 0.99 60 60 1800
412 6.928628 -8.861309 6928.627572 -8861.309399 1 4.54 60 60 3600
413 9.773052 3.601045 9773.052021 3601.045444 1 3.39 60 60 3600
414 6.209069 6.097528 6209.068673 6097.527510 0 9.50 60 60 2700
415 -2.836029 3.800880 -2836.028553 3800.880322 1 3.61 60 60 1800
416 -1.086838 3.947670 -1086.837959 3947.670415 1 0.85 60 60 1800
417 5.313993 -4.809658 5313.992730 -4809.657836 1 2.12 60 60 2700
418 2.464730 -7.168815 2464.730079 -7168.814643 0 7.80 60 60 2700
419 1.502749 9.138141 1502.748549 9138.141355 0 6.22 60 60 2700
420 -0.882009 -7.031332 -882.008776 -7031.331531 1 3.87 60 60 2700
421 5.739229 6.425039 5739.228565 6425.039403 1 3.72 60 60 2700
422 -6.850424 2.275480 -6850.424485 2275.479893 1 3.78 60 60 2700
423 3.511717 0.582254 3511.716961 582.253513 0 9.86 60 60 1800
424 -5.429893 9.723636 -5429.893261 9723.636291 1 0.90 60 60 3600
425 -5.444416 -2.575804 -5444.415705 -2575.804348 1 4.96 60 60 1800
426 8.749063 -5.389144 8749.063256 -5389.143761 1 4.25 60 60 3600
427 -0.834881 7.436306 -834.880985 7436.305750 1 1.20 60 60 2700
428 -9.956417 -4.259972 -9956.417102 -4259.971501 1 4.46 60 60 3600
429 -6.848477 4.243027 -6848.476560 4243.027077 0 7.26 60 60 2700
430 -1.055519 -4.374629 -1055.518661 -4374.628858 0 8.78 60 60 1800
431 4.225541 -5.068482 4225.541305 -5068.481678 0 8.49 60 60 1800
432 -8.676334 -9.563841 -8676.334399 -9563.840804 1 4.62 60 60 3600
433 -9.348015 9.031834 -9348.014748 9031.833722 1 1.08 60 60 3600
434 -7.635043 -0.239608 -7635.042903 -239.608316 1 1.98 60 60 2700
435 -4.750463 -5.674265 -4750.462806 -5674.264715 1 4.05 60 60 2700
436 4.614391 5.003948 4614.391094 5003.947685 1 3.23 60 60 2700
437 -4.859397 3.893576 -4859.397337 3893.575508 1 0.77 60 60 1800
438 -5.684804 2.991383 -5684.804235 2991.383002 1 0.56 60 60 1800
439 9.646734 4.188899 9646.733755 4188.898534 1 4.62 60 60 3600
440 -0.346890 8.953409 -346.890221 8953.408915 1 4.12 60 60 2700
441 -6.515155 -3.646693 -6515.154670 -3646.693297 1 2.70 60 60 2700
442 -7.223899 0.506142 -7223.898742 506.141603 1 3.66 60 60 2700
443 -3.272597 7.804023 -3272.597233 7804.022961 1 3.79 60 60 2700
444 8.516173 1.934561 8516.173281 1934.560908 1 2.75 60 60 2700
445 7.161689 -4.694235 7161.688697 -4694.234965 1 1.45 60 60 2700
446 2.549022 -8.582043 2549.021824 -8582.043090 1 1.67 60 60 2700
447 3.800437 -9.411885 3800.437110 -9411.885351 1 3.45 60 60 3600
448 -9.500269 -2.733858 -9500.269492 -2733.857911 1 3.69 60 60 3600
449 -0.414600 -2.883646 -414.600158 -2883.645761 1 4.78 60 60 1800
450 -4.152515 -6.114721 -4152.514827 -6114.721176 1 0.85 60 60 2700
451 -7.098373 -7.364458 -7098.372513 -7364.457795 1 1.58 60 60 3600
452 -1.544193 -8.666151 -1544.193048 -8666.151177 1 2.07 60 60 2700
453 3.709053 -7.664112 3709.053359 -7664.112201 1 3.17 60 60 2700
454 -5.660391 -5.798272 -5660.391384 -5798.272479 1 4.68 60 60 2700
455 -6.386340 3.750771 -6386.340488 3750.771020 1 1.18 60 60 2700
456 9.052281 -6.753103 9052.280830 -6753.103277 1 2.95 60 60 3600
457 -2.114647 -0.253094 -2114.647059 -253.094416 1 1.68 60 60 1800
458 -2.508955 5.230964 -2508.954740 5230.963585 1 4.66 60 60 1800
459 -9.553896 5.288387 -9553.895845 5288.387056 1 2.83 60 60 3600
460 -2.654711 -7.512029 -2654.711218 -7512.029177 1 3.27 60 60 2700
461 -9.377891 1.961090 -9377.891327 1961.090380 0 6.30 60 60 3600
462 -6.726236 9.997613 -6726.236470 9997.613182 1 1.68 60 60 3600
463 9.988337 8.595656 9988.337210 8595.655988 1 3.44 60 60 3600
464 -1.355264 8.114141 -1355.264017 8114.141166 1 1.72 60 60 2700
465 -6.963457 -8.177445 -6963.457042 -8177.445155 1 0.64 60 60 3600
466 8.379451 -4.445109 8379.450620 -4445.109171 0 8.26 60 60 3600
467 6.699883 -0.540992 6699.882501 -540.991763 1 3.14 60 60 2700
468 -3.792709 7.307059 -3792.709266 7307.058960 1 1.66 60 60 2700
469 -7.670934 5.284773 -7670.934048 5284.773266 1 3.80 60 60 2700
470 5.651939 -4.080516 5651.938644 -4080.516237 1 3.94 60 60 2700
471 5.599136 -3.516557 5599.136184 -3516.557434 1 3.12 60 60 2700
472 -4.303054 -2.283307 -4303.053711 -2283.307273 0 9.11 60 60 1800
473 4.588335 8.952669 4588.335418 8952.669046 0 5.72 60 60 3600
474 -9.529752 -3.793374 -9529.751800 -3793.373884 1 2.41 60 60 3600
475 -6.304381 -6.356587 -6304.381224 -6356.586867 0 8.00 60 60 2700
476 6.176116 1.631630 6176.116247 1631.629524 1 2.51 60 60 1800
477 3.026553 0.950535 3026.552763 950.534849 1 2.19 60 60 1800
478 -6.914679 3.377031 -6914.679009 3377.030764 1 4.44 60 60 2700
479 -7.957272 -4.667500 -7957.272339 -4667.499643 1 4.12 60 60 2700
480 -9.784666 7.483390 -9784.666474 7483.389558 1 1.85 60 60 3600
481 2.285688 6.074951 2285.688111 6074.951348 1 1.78 60 60 1800
482 0.705931 3.464779 705.930743 3464.779176 1 2.70 60 60 1800
483 -7.375092 8.305845 -7375.091723 8305.844959 1 3.43 60 60 3600
484 7.093349 1.969710 7093.348766 1969.709832 1 1.29 60 60 2700
485 -0.616665 1.758073 -616.665074 1758.073326 0 6.03 60 60 1800
486 -2.862602 -5.139752 -2862.601777 -5139.752449 0 9.52 60 60 1800
487 -0.790863 -7.735817 -790.862696 -7735.816614 0 7.94 60 60 2700
488 4.232508 0.541117 4232.507992 541.117340 1 4.99 60 60 1800
489 -5.655244 -3.646398 -5655.243745 -3646.397893 1 1.84 60 60 2700
490 -0.154982 1.520130 -154.981665 1520.130360 1 2.17 60 60 1800
491 4.519346 2.484283 4519.346099 2484.282828 1 4.55 60 60 1800
492 -5.731963 -0.125626 -5731.962833 -125.625814 0 7.47 60 60 1800
493 -6.545588 0.462359 -6545.588386 462.358718 1 0.67 60 60 1800
494 -2.534031 -6.223878 -2534.031163 -6223.878331 1 3.22 60 60 2700
495 -0.937452 -1.139207 -937.452010 -1139.207472 0 7.56 60 60 1800
496 -0.343967 -0.677328 -343.967199 -677.328401 1 3.02 60 60 1800
497 9.040894 4.430311 9040.893563 4430.311266 0 9.33 60 60 3600
498 7.555043 0.379226 7555.043162 379.225574 0 7.66 60 60 2700
499 2.847033 -0.982761 2847.032741 -982.761310 1 3.42 60 60 1800
500 -7.822538 3.771249 -7822.538257 3771.249032 0 7.27 60 60 2700
