trucks_count 1
drones_count 1
customers 100
depot 0 0
Coordinate X Coordinate Y Dronable Demand
X Y Dronable Demand Drone_service Truck_service Lw
335.470 -1311.094 1 1.00 60 60 3600
-3185.457 945.396 1 1.94 60 60 3600
-4261.548 3018.019 1 0.82 60 60 3600
-3403.762 -283.643 1 1.02 60 60 3600
-4634.223 4800.252 1 1.64 60 60 3600
-3040.513 239.605 1 1.79 60 60 3600
3033.799 -2952.474 1 0.40 60 60 3600
1670.069 2900.515 1 1.56 60 60 3600
668.716 -54.424 1 0.28 60 60 3600
2021.518 -656.821 1 1.06 60 60 3600
-4527.097 -2927.438 1 0.45 60 60 3600
-3590.895 4058.881 1 0.72 60 60 3600
-3953.681 -3712.266 1 0.41 60 60 3600
-1547.682 2147.964 1 1.30 60 60 3600
1555.352 -2918.532 1 1.20 60 60 3600
-2688.830 4126.065 1 0.34 60 60 3600
2670.883 -1435.393 1 0.56 60 60 3600
-3977.500 -2247.295 1 0.35 60 60 3600
870.632 2872.713 1 1.05 60 60 3600
1001.276 -647.983 1 1.34 60 60 3600
-739.561 -1529.080 1 0.77 60 60 3600
4643.899 -4458.923 1 1.70 60 60 3600
1311.856 -3493.890 1 1.96 60 60 3600
-3463.778 1736.625 1 0.97 60 60 3600
-4919.580 -1317.194 1 1.33 60 60 3600
2744.222 -4463.554 1 0.65 60 60 3600
-1652.376 1540.980 1 1.75 60 60 3600
-1789.297 -88.132 1 1.07 60 60 3600
-3283.832 3644.338 1 1.49 60 60 3600
-914.135 1584.262 1 1.04 60 60 3600
2135.409 -2207.331 1 0.44 60 60 3600
-3219.492 -4851.081 1 1.49 60 60 3600
2981.161 -3647.177 1 0.56 60 60 3600
-4104.112 4387.667 1 0.50 60 60 3600
-123.286 -4667.102 1 0.84 60 60 3600
-639.398 -999.142 1 1.05 60 60 3600
4546.659 -2293.919 1 1.63 60 60 3600
-1879.442 4637.090 1 1.61 60 60 3600
-1673.592 -1345.080 1 1.45 60 60 3600
1783.374 -3990.054 1 1.41 60 60 3600
208.983 468.268 1 1.69 60 60 3600
-137.337 862.630 1 0.45 60 60 3600
157.820 -3374.599 1 0.68 60 60 3600
-2176.522 -1398.691 1 0.92 60 60 3600
-2157.410 2325.864 1 1.90 60 60 3600
2150.187 -3518.168 1 0.68 60 60 3600
-2826.909 -515.994 1 0.25 60 60 3600
-3314.989 -4279.386 1 0.88 60 60 3600
1591.487 -277.443 1 1.46 60 60 3600
967.739 -4006.373 1 0.32 60 60 3600
-66.917 -376.952 1 1.79 60 60 3600
-4503.205 -2345.423 1 1.18 60 60 3600
3948.827 -2836.667 1 1.37 60 60 3600
-168.764 -2413.963 1 1.09 60 60 3600
594.700 -4498.797 1 1.00 60 60 3600
-4194.859 3823.942 1 1.10 60 60 3600
1079.365 2136.832 1 1.38 60 60 3600
-248.983 1849.838 1 0.71 60 60 3600
4365.234 -716.545 1 0.60 60 60 3600
523.720 1745.731 1 1.70 60 60 3600
-4167.901 1932.092 1 0.65 60 60 3600
-4755.285 -3903.948 1 1.18 60 60 3600
199.931 1317.417 1 1.79 60 60 3600
4617.283 -2815.027 1 0.21 60 60 3600
-4275.807 217.185 1 0.58 60 60 3600
2637.845 -2625.427 1 0.48 60 60 3600
-1951.160 3913.132 1 1.66 60 60 3600
1904.249 689.238 1 0.52 60 60 3600
-934.327 -359.252 1 1.33 60 60 3600
-4024.932 720.040 1 1.27 60 60 3600
1199.440 3325.028 1 1.48 60 60 3600
-2377.502 4583.378 1 0.41 60 60 3600
255.593 2748.969 1 1.19 60 60 3600
-2694.338 2399.792 1 0.71 60 60 3600
1099.256 706.437 1 0.97 60 60 3600
-4697.576 1222.104 1 0.34 60 60 3600
4138.252 -1482.192 1 0.37 60 60 3600
2118.199 -1528.513 1 1.33 60 60 3600
-2577.963 1407.630 1 1.82 60 60 3600
1909.985 1924.266 1 1.93 60 60 3600
-4144.305 4965.963 1 0.41 60 60 3600
-4956.557 2979.146 1 1.67 60 60 3600
-3157.137 4445.854 1 1.49 60 60 3600
-2415.996 471.373 1 0.69 60 60 3600
-3137.579 -2345.535 1 1.66 60 60 3600
916.660 -2189.163 1 1.73 60 60 3600
-2476.054 -2577.526 1 1.99 60 60 3600
-4125.978 -1573.931 1 0.51 60 60 3600
2755.540 -2013.411 1 0.65 60 60 3600
2533.192 -795.571 1 0.32 60 60 3600
-1156.425 -3010.360 1 1.35 60 60 3600
4046.881 -4142.139 1 1.40 60 60 3600
-1448.943 4015.691 1 0.53 60 60 3600
-2921.893 3277.060 1 0.89 60 60 3600
-850.938 -2555.896 1 1.99 60 60 3600
442.731 -2663.943 1 1.54 60 60 3600
-1092.293 603.900 1 0.71 60 60 3600
2329.136 -4941.216 1 0.39 60 60 3600
-3120.992 -3347.326 1 1.75 60 60 3600
-2820.618 -1098.038 1 1.69 60 60 3600
