trucks_count 1
drones_count 1
customers 100
depot 0 0
Coordinate X Coordinate Y Dronable Demand
X Y Dronable Demand Drone_service Truck_service Lw
406.918 -4251.066 1 1.82 60 60 3600
-2590.341 -1087.084 1 1.70 60 60 3600
-2921.893 3277.060 1 0.82 60 60 3600
-2420.849 3617.711 1 0.28 60 60 3600
1847.656 -837.321 1 0.23 60 60 3600
-1484.267 289.510 1 0.89 60 60 3600
-2642.137 -4200.772 1 1.09 60 60 3600
-4209.523 3318.638 1 0.96 60 60 3600
-4167.901 1932.092 1 0.50 60 60 3600
-4751.627 -4440.043 1 1.42 60 60 3600
-3040.513 239.605 1 0.21 60 60 3600
-1440.868 2399.503 1 1.98 60 60 3600
4899.679 -4446.510 1 0.30 60 60 3600
-1602.596 4478.582 1 0.21 60 60 3600
-663.769 -681.596 1 0.70 60 60 3600
-209.222 -4426.161 1 1.54 60 60 3600
-2555.308 654.428 1 1.23 60 60 3600
-4194.859 3823.942 1 1.86 60 60 3600
2873.765 -4896.577 1 0.58 60 60 3600
-629.214 -3028.104 1 0.46 60 60 3600
679.451 -423.439 1 1.25 60 60 3600
464.784 -1106.087 1 0.39 60 60 3600
1202.828 1970.097 1 0.97 60 60 3600
870.632 2872.713 1 0.29 60 60 3600
-4126.227 4615.127 1 1.82 60 60 3600
-4.640 -2898.244 1 0.52 60 60 3600
-2577.963 1407.630 1 1.68 60 60 3600
1342.056 -2000.888 1 1.21 60 60 3600
-4212.163 -2498.522 1 1.87 60 60 3600
1670.069 2900.515 1 0.48 60 60 3600
-632.903 1567.764 1 0.92 60 60 3600
-2109.341 2953.616 1 0.88 60 60 3600
-3336.834 -3348.105 1 1.50 60 60 3600
-3509.225 -2050.414 1 0.30 60 60 3600
2872.217 -2562.375 1 1.50 60 60 3600
-137.337 862.630 1 0.73 60 60 3600
-277.095 -1386.212 1 1.27 60 60 3600
4702.263 -2011.797 1 1.42 60 60 3600
-4125.978 -1573.931 1 0.88 60 60 3600
-24.838 2395.094 1 1.40 60 60 3600
-4961.680 -2520.485 1 0.92 60 60 3600
-738.106 -2070.697 1 0.69 60 60 3600
2290.289 -2021.326 1 1.46 60 60 3600
1324.139 701.650 1 1.64 60 60 3600
-2615.376 -350.380 1 1.59 60 60 3600
-3540.298 -2747.867 1 0.40 60 60 3600
2525.180 -4036.719 1 0.55 60 60 3600
1904.758 911.388 1 1.22 60 60 3600
599.793 2300.728 1 1.71 60 60 3600
-3938.466 -4039.547 1 0.98 60 60 3600
-4736.600 2201.999 1 1.78 60 60 3600
195.400 -4825.099 1 1.33 60 60 3600
3617.047 -1454.741 1 1.21 60 60 3600
-3173.152 -3898.738 1 0.32 60 60 3600
-4827.825 711.012 1 1.53 60 60 3600
2533.192 -795.571 1 0.64 60 60 3600
4548.703 -2526.641 1 1.04 60 60 3600
2130.857 385.290 1 1.16 60 60 3600
1938.710 -3469.544 1 0.70 60 60 3600
-1950.464 2387.235 1 1.93 60 60 3600
1115.593 -840.188 1 0.37 60 60 3600
-2490.469 4808.824 1 0.54 60 60 3600
-710.972 824.325 1 0.30 60 60 3600
-901.903 2219.487 1 0.28 60 60 3600
-3234.322 1535.793 1 0.39 60 60 3600
-4994.832 -124.489 1 0.68 60 60 3600
-3007.641 4850.491 1 1.18 60 60 3600
-2216.980 -1863.909 1 0.89 60 60 3600
555.666 -2042.254 1 1.45 60 60 3600
-4477.993 -907.035 1 1.54 60 60 3600
-3947.227 -83.791 1 0.37 60 60 3600
-1314.131 -210.517 1 1.69 60 60 3600
-3782.038 2896.602 1 0.51 60 60 3600
389.241 146.887 1 1.66 60 60 3600
-3099.719 2195.731 1 0.27 60 60 3600
-3373.914 -4687.407 1 1.06 60 60 3600
-1175.433 1511.392 1 1.80 60 60 3600
-1856.713 967.293 1 0.46 60 60 3600
442.731 -2663.943 1 1.01 60 60 3600
1555.352 -2918.532 1 0.46 60 60 3600
-3403.762 -283.643 1 1.98 60 60 3600
-1575.482 3816.751 1 1.91 60 60 3600
244.338 1869.408 1 0.74 60 60 3600
3352.838 -3030.431 1 1.67 60 60 3600
-1873.871 -269.539 1 0.68 60 60 3600
2299.507 -2599.656 1 0.83 60 60 3600
2472.677 -3087.104 1 1.68 60 60 3600
1311.856 -3493.890 1 1.51 60 60 3600
-4527.097 -2927.438 1 0.25 60 60 3600
3164.443 -4034.192 1 0.81 60 60 3600
1243.483 2519.172 1 1.24 60 60 3600
3705.130 -4132.443 1 1.22 60 60 3600
4954.406 -3932.513 1 1.04 60 60 3600
-2004.427 1624.660 1 0.54 60 60 3600
1783.374 -3990.054 1 0.83 60 60 3600
-4824.905 4992.680 1 0.62 60 60 3600
1242.247 1238.012 1 0.46 60 60 3600
-4697.576 1222.104 1 0.69 60 60 3600
-4755.285 -3903.948 1 1.31 60 60 3600
-3583.936 4271.226 1 1.43 60 60 3600
