# i j vmax_ij_m_per_s; symmetric values generated with Uniform(0.7,0.95)*15.6
0 1 13.232415
0 2 11.457600
0 3 14.501848
0 4 12.757469
0 5 14.200173
0 6 13.129058
0 7 12.178697
0 8 11.917256
0 9 13.261050
0 10 12.049016
1 0 13.232415
1 2 13.739598
1 3 13.384241
1 4 13.664491
1 5 13.080956
1 6 13.397750
1 7 14.372416
1 8 13.932862
1 9 14.352186
1 10 12.642907
2 0 11.457600
2 1 13.739598
2 3 13.525426
2 4 13.041272
2 5 13.818664
2 6 13.963398
2 7 14.093379
2 8 13.872938
2 9 12.204152
2 10 12.252678
3 0 14.501848
3 1 13.384241
3 2 13.525426
3 4 11.497424
3 5 14.604909
3 6 13.549762
3 7 13.522594
3 8 13.351879
3 9 11.719362
3 10 11.838791
4 0 12.757469
4 1 13.664491
4 2 13.041272
4 3 11.497424
4 5 11.457088
4 6 14.379191
4 7 12.364325
4 8 12.728110
4 9 13.443567
4 10 14.015390
5 0 14.200173
5 1 13.080956
5 2 13.818664
5 3 14.604909
5 4 11.457088
5 6 13.275995
5 7 12.742457
5 8 12.568673
5 9 11.134627
5 10 13.076584
6 0 13.129058
6 1 13.397750
6 2 13.963398
6 3 13.549762
6 4 14.379191
6 5 13.275995
6 7 14.131439
6 8 13.148087
6 9 12.313202
6 10 12.973606
7 0 12.178697
7 1 14.372416
7 2 14.093379
7 3 13.522594
7 4 12.364325
7 5 12.742457
7 6 14.131439
7 8 12.450069
7 9 12.640206
7 10 12.880583
8 0 11.917256
8 1 13.932862
8 2 13.872938
8 3 13.351879
8 4 12.728110
8 5 12.568673
8 6 13.148087
8 7 12.450069
8 9 13.199275
8 10 11.596168
9 0 13.261050
9 1 14.352186
9 2 12.204152
9 3 11.719362
9 4 13.443567
9 5 11.134627
9 6 12.313202
9 7 12.640206
9 8 13.199275
9 10 13.770110
10 0 12.049016
10 1 12.642907
10 2 12.252678
10 3 11.838791
10 4 14.015390
10 5 13.076584
10 6 12.973606
10 7 12.880583
10 8 11.596168
10 9 13.770110
