# i j vmax_ij_m_per_s; symmetric values generated with Uniform(0.7,0.95)*15.6
0 1 11.871981
0 2 13.455798
0 3 12.475169
0 4 11.680259
0 5 14.692896
0 6 11.324729
0 7 12.902066
0 8 11.033658
0 9 12.037247
0 10 11.215976
1 0 11.871981
1 2 12.079453
1 3 13.270551
1 4 13.128043
1 5 13.543511
1 6 14.005221
1 7 11.602772
1 8 10.984169
1 9 13.575083
1 10 14.413501
2 0 13.455798
2 1 12.079453
2 3 11.925945
2 4 13.754896
2 5 12.552132
2 6 13.192315
2 7 11.597974
2 8 13.597972
2 9 13.528075
2 10 12.095465
3 0 12.475169
3 1 13.270551
3 2 11.925945
3 4 12.497429
3 5 14.332065
3 6 11.701716
3 7 10.947445
3 8 13.997847
3 9 11.816928
3 10 13.248080
4 0 11.680259
4 1 13.128043
4 2 13.754896
4 3 12.497429
4 5 12.574955
4 6 13.942174
4 7 13.000341
4 8 13.571918
4 9 11.851020
4 10 12.319975
5 0 14.692896
5 1 13.543511
5 2 12.552132
5 3 14.332065
5 4 12.574955
5 6 12.738013
5 7 13.408993
5 8 12.103091
5 9 11.463757
5 10 11.377151
6 0 11.324729
6 1 14.005221
6 2 13.192315
6 3 11.701716
6 4 13.942174
6 5 12.738013
6 7 13.275966
6 8 14.136938
6 9 14.561645
6 10 12.284957
7 0 12.902066
7 1 11.602772
7 2 11.597974
7 3 10.947445
7 4 13.000341
7 5 13.408993
7 6 13.275966
7 8 11.262318
7 9 11.442781
7 10 13.087734
8 0 11.033658
8 1 10.984169
8 2 13.597972
8 3 13.997847
8 4 13.571918
8 5 12.103091
8 6 14.136938
8 7 11.262318
8 9 12.915282
8 10 12.154893
9 0 12.037247
9 1 13.575083
9 2 13.528075
9 3 11.816928
9 4 11.851020
9 5 11.463757
9 6 14.561645
9 7 11.442781
9 8 12.915282
9 10 12.729627
10 0 11.215976
10 1 14.413501
10 2 12.095465
10 3 13.248080
10 4 12.319975
10 5 11.377151
10 6 12.284957
10 7 13.087734
10 8 12.154893
10 9 12.729627
