# i j vmax_ij_m_per_s; symmetric values generated with Uniform(0.7,0.95)*15.6
0 1 10.949942
0 2 12.586959
0 3 12.974536
0 4 13.389007
0 5 10.986214
0 6 14.337014
0 7 12.853594
0 8 14.174386
0 9 12.277457
0 10 14.756060
1 0 10.949942
1 2 12.787329
1 3 12.587333
1 4 12.474819
1 5 11.235068
1 6 12.795763
1 7 11.375797
1 8 14.093618
1 9 12.148165
1 10 11.697570
2 0 12.586959
2 1 12.787329
2 3 14.272091
2 4 12.568147
2 5 11.439608
2 6 12.935838
2 7 11.820537
2 8 14.684391
2 9 13.787962
2 10 14.614951
3 0 12.974536
3 1 12.587333
3 2 14.272091
3 4 11.297220
3 5 14.051053
3 6 13.356977
3 7 13.105646
3 8 14.580123
3 9 12.187360
3 10 13.343157
4 0 13.389007
4 1 12.474819
4 2 12.568147
4 3 11.297220
4 5 11.593675
4 6 12.622131
4 7 12.232138
4 8 13.173686
4 9 11.617138
4 10 11.240854
5 0 10.986214
5 1 11.235068
5 2 11.439608
5 3 14.051053
5 4 11.593675
5 6 12.167894
5 7 11.657936
5 8 11.088873
5 9 10.942109
5 10 11.722365
6 0 14.337014
6 1 12.795763
6 2 12.935838
6 3 13.356977
6 4 12.622131
6 5 12.167894
6 7 12.568672
6 8 12.121704
6 9 13.731190
6 10 12.282233
7 0 12.853594
7 1 11.375797
7 2 11.820537
7 3 13.105646
7 4 12.232138
7 5 11.657936
7 6 12.568672
7 8 12.083498
7 9 14.394820
7 10 11.885193
8 0 14.174386
8 1 14.093618
8 2 14.684391
8 3 14.580123
8 4 13.173686
8 5 11.088873
8 6 12.121704
8 7 12.083498
8 9 12.251737
8 10 13.980629
9 0 12.277457
9 1 12.148165
9 2 13.787962
9 3 12.187360
9 4 11.617138
9 5 10.942109
9 6 13.731190
9 7 14.394820
9 8 12.251737
9 10 13.156868
10 0 14.756060
10 1 11.697570
10 2 14.614951
10 3 13.343157
10 4 11.240854
10 5 11.722365
10 6 12.282233
10 7 11.885193
10 8 13.980629
10 9 13.156868
