# i j l theta_ijl; 12 hourly segments, theta=round(Uniform(0.9,1.0)*base_L[l],2)
0 1 0 0.72
0 1 1 0.48
0 1 2 0.63
0 1 3 0.76
0 1 4 0.85
0 1 5 0.70
0 1 6 0.64
0 1 7 0.87
0 1 8 0.85
0 1 9 0.69
0 1 10 0.60
0 1 11 0.49
0 2 0 0.76
0 2 1 0.48
0 2 2 0.66
0 2 3 0.73
0 2 4 0.88
0 2 5 0.69
0 2 6 0.68
0 2 7 0.87
0 2 8 0.86
0 2 9 0.63
0 2 10 0.55
0 2 11 0.46
0 3 0 0.77
0 3 1 0.48
0 3 2 0.67
0 3 3 0.79
0 3 4 0.83
0 3 5 0.65
0 3 6 0.68
0 3 7 0.84
0 3 8 0.88
0 3 9 0.64
0 3 10 0.57
0 3 11 0.47
0 4 0 0.73
0 4 1 0.47
0 4 2 0.69
0 4 3 0.79
0 4 4 0.89
0 4 5 0.65
0 4 6 0.67
0 4 7 0.90
0 4 8 0.87
0 4 9 0.64
0 4 10 0.60
0 4 11 0.45
0 5 0 0.80
0 5 1 0.47
0 5 2 0.65
0 5 3 0.75
0 5 4 0.89
0 5 5 0.69
0 5 6 0.67
0 5 7 0.83
0 5 8 0.83
0 5 9 0.68
0 5 10 0.55
0 5 11 0.47
0 6 0 0.72
0 6 1 0.47
0 6 2 0.68
0 6 3 0.75
0 6 4 0.87
0 6 5 0.67
0 6 6 0.63
0 6 7 0.87
0 6 8 0.85
0 6 9 0.65
0 6 10 0.54
0 6 11 0.47
0 7 0 0.76
0 7 1 0.49
0 7 2 0.67
0 7 3 0.74
0 7 4 0.88
0 7 5 0.68
0 7 6 0.69
0 7 7 0.87
0 7 8 0.81
0 7 9 0.64
0 7 10 0.57
0 7 11 0.47
0 8 0 0.77
0 8 1 0.49
0 8 2 0.69
0 8 3 0.73
0 8 4 0.81
0 8 5 0.67
0 8 6 0.68
0 8 7 0.84
0 8 8 0.82
0 8 9 0.65
0 8 10 0.59
0 8 11 0.50
0 9 0 0.73
0 9 1 0.46
0 9 2 0.66
0 9 3 0.78
0 9 4 0.86
0 9 5 0.69
0 9 6 0.64
0 9 7 0.82
0 9 8 0.88
0 9 9 0.66
0 9 10 0.55
0 9 11 0.48
0 10 0 0.79
0 10 1 0.49
0 10 2 0.67
0 10 3 0.76
0 10 4 0.85
0 10 5 0.68
0 10 6 0.65
0 10 7 0.87
0 10 8 0.84
0 10 9 0.65
0 10 10 0.55
0 10 11 0.50
1 0 0 0.79
1 0 1 0.48
1 0 2 0.69
1 0 3 0.75
1 0 4 0.87
1 0 5 0.69
1 0 6 0.69
1 0 7 0.83
1 0 8 0.88
1 0 9 0.69
1 0 10 0.56
1 0 11 0.47
1 2 0 0.74
1 2 1 0.46
1 2 2 0.64
1 2 3 0.79
1 2 4 0.86
1 2 5 0.67
1 2 6 0.66
1 2 7 0.83
1 2 8 0.85
1 2 9 0.67
1 2 10 0.57
1 2 11 0.49
1 3 0 0.80
1 3 1 0.48
1 3 2 0.69
1 3 3 0.74
1 3 4 0.90
1 3 5 0.65
1 3 6 0.65
1 3 7 0.86
1 3 8 0.81
1 3 9 0.69
1 3 10 0.57
1 3 11 0.45
1 4 0 0.76
1 4 1 0.48
1 4 2 0.64
1 4 3 0.80
1 4 4 0.85
1 4 5 0.69
1 4 6 0.70
1 4 7 0.85
1 4 8 0.88
1 4 9 0.65
1 4 10 0.59
1 4 11 0.50
1 5 0 0.78
1 5 1 0.47
1 5 2 0.65
1 5 3 0.76
1 5 4 0.82
1 5 5 0.66
1 5 6 0.67
1 5 7 0.89
1 5 8 0.84
1 5 9 0.69
1 5 10 0.58
1 5 11 0.49
1 6 0 0.76
1 6 1 0.48
1 6 2 0.63
1 6 3 0.75
1 6 4 0.88
1 6 5 0.65
1 6 6 0.68
1 6 7 0.83
1 6 8 0.84
1 6 9 0.69
1 6 10 0.55
1 6 11 0.47
1 7 0 0.78
1 7 1 0.48
1 7 2 0.68
1 7 3 0.74
1 7 4 0.85
1 7 5 0.70
1 7 6 0.69
1 7 7 0.88
1 7 8 0.88
1 7 9 0.65
1 7 10 0.59
1 7 11 0.45
1 8 0 0.77
1 8 1 0.47
1 8 2 0.69
1 8 3 0.75
1 8 4 0.85
1 8 5 0.67
1 8 6 0.68
1 8 7 0.86
1 8 8 0.85
1 8 9 0.67
1 8 10 0.60
1 8 11 0.46
1 9 0 0.77
1 9 1 0.46
1 9 2 0.69
1 9 3 0.73
1 9 4 0.88
1 9 5 0.64
1 9 6 0.70
1 9 7 0.90
1 9 8 0.82
1 9 9 0.70
1 9 10 0.56
1 9 11 0.49
1 10 0 0.80
1 10 1 0.49
1 10 2 0.69
1 10 3 0.77
1 10 4 0.84
1 10 5 0.70
1 10 6 0.68
1 10 7 0.90
1 10 8 0.87
1 10 9 0.64
1 10 10 0.55
1 10 11 0.48
2 0 0 0.74
2 0 1 0.49
2 0 2 0.65
2 0 3 0.74
2 0 4 0.89
2 0 5 0.68
2 0 6 0.64
2 0 7 0.84
2 0 8 0.85
2 0 9 0.63
2 0 10 0.55
2 0 11 0.45
2 1 0 0.76
2 1 1 0.48
2 1 2 0.67
2 1 3 0.77
2 1 4 0.82
2 1 5 0.69
2 1 6 0.67
2 1 7 0.81
2 1 8 0.82
2 1 9 0.65
2 1 10 0.54
2 1 11 0.49
2 3 0 0.79
2 3 1 0.47
2 3 2 0.67
2 3 3 0.78
2 3 4 0.86
2 3 5 0.65
2 3 6 0.67
2 3 7 0.81
2 3 8 0.90
2 3 9 0.67
2 3 10 0.55
2 3 11 0.46
2 4 0 0.79
2 4 1 0.45
2 4 2 0.64
2 4 3 0.77
2 4 4 0.82
2 4 5 0.68
2 4 6 0.65
2 4 7 0.89
2 4 8 0.87
2 4 9 0.69
2 4 10 0.57
2 4 11 0.48
2 5 0 0.76
2 5 1 0.48
2 5 2 0.64
2 5 3 0.73
2 5 4 0.88
2 5 5 0.66
2 5 6 0.64
2 5 7 0.86
2 5 8 0.89
2 5 9 0.68
2 5 10 0.58
2 5 11 0.47
2 6 0 0.79
2 6 1 0.47
2 6 2 0.70
2 6 3 0.76
2 6 4 0.85
2 6 5 0.63
2 6 6 0.65
2 6 7 0.83
2 6 8 0.85
2 6 9 0.68
2 6 10 0.56
2 6 11 0.49
2 7 0 0.79
2 7 1 0.45
2 7 2 0.65
2 7 3 0.77
2 7 4 0.89
2 7 5 0.64
2 7 6 0.69
2 7 7 0.84
2 7 8 0.81
2 7 9 0.64
2 7 10 0.60
2 7 11 0.49
2 8 0 0.72
2 8 1 0.48
2 8 2 0.67
2 8 3 0.74
2 8 4 0.87
2 8 5 0.69
2 8 6 0.65
2 8 7 0.85
2 8 8 0.89
2 8 9 0.64
2 8 10 0.58
2 8 11 0.48
2 9 0 0.76
2 9 1 0.50
2 9 2 0.68
2 9 3 0.76
2 9 4 0.85
2 9 5 0.66
2 9 6 0.65
2 9 7 0.83
2 9 8 0.89
2 9 9 0.65
2 9 10 0.56
2 9 11 0.49
2 10 0 0.75
2 10 1 0.48
2 10 2 0.69
2 10 3 0.72
2 10 4 0.86
2 10 5 0.64
2 10 6 0.64
2 10 7 0.90
2 10 8 0.86
2 10 9 0.66
2 10 10 0.55
2 10 11 0.45
3 0 0 0.78
3 0 1 0.49
3 0 2 0.68
3 0 3 0.75
3 0 4 0.82
3 0 5 0.67
3 0 6 0.68
3 0 7 0.84
3 0 8 0.86
3 0 9 0.67
3 0 10 0.55
3 0 11 0.47
3 1 0 0.74
3 1 1 0.46
3 1 2 0.68
3 1 3 0.78
3 1 4 0.84
3 1 5 0.64
3 1 6 0.63
3 1 7 0.87
3 1 8 0.89
3 1 9 0.63
3 1 10 0.58
3 1 11 0.50
3 2 0 0.74
3 2 1 0.46
3 2 2 0.67
3 2 3 0.75
3 2 4 0.82
3 2 5 0.65
3 2 6 0.68
3 2 7 0.89
3 2 8 0.88
3 2 9 0.67
3 2 10 0.56
3 2 11 0.50
3 4 0 0.75
3 4 1 0.49
3 4 2 0.70
3 4 3 0.77
3 4 4 0.88
3 4 5 0.69
3 4 6 0.64
3 4 7 0.90
3 4 8 0.82
3 4 9 0.66
3 4 10 0.54
3 4 11 0.50
3 5 0 0.77
3 5 1 0.46
3 5 2 0.69
3 5 3 0.79
3 5 4 0.82
3 5 5 0.68
3 5 6 0.66
3 5 7 0.85
3 5 8 0.88
3 5 9 0.64
3 5 10 0.56
3 5 11 0.47
3 6 0 0.73
3 6 1 0.50
3 6 2 0.70
3 6 3 0.75
3 6 4 0.89
3 6 5 0.67
3 6 6 0.69
3 6 7 0.89
3 6 8 0.86
3 6 9 0.69
3 6 10 0.57
3 6 11 0.47
3 7 0 0.74
3 7 1 0.45
3 7 2 0.67
3 7 3 0.77
3 7 4 0.88
3 7 5 0.70
3 7 6 0.66
3 7 7 0.86
3 7 8 0.90
3 7 9 0.67
3 7 10 0.55
3 7 11 0.48
3 8 0 0.76
3 8 1 0.45
3 8 2 0.65
3 8 3 0.76
3 8 4 0.84
3 8 5 0.68
3 8 6 0.65
3 8 7 0.87
3 8 8 0.89
3 8 9 0.64
3 8 10 0.55
3 8 11 0.46
3 9 0 0.79
3 9 1 0.49
3 9 2 0.67
3 9 3 0.77
3 9 4 0.88
3 9 5 0.67
3 9 6 0.63
3 9 7 0.88
3 9 8 0.82
3 9 9 0.69
3 9 10 0.58
3 9 11 0.48
3 10 0 0.73
3 10 1 0.47
3 10 2 0.68
3 10 3 0.80
3 10 4 0.87
3 10 5 0.70
3 10 6 0.68
3 10 7 0.87
3 10 8 0.88
3 10 9 0.67
3 10 10 0.57
3 10 11 0.47
4 0 0 0.75
4 0 1 0.47
4 0 2 0.64
4 0 3 0.79
4 0 4 0.86
4 0 5 0.70
4 0 6 0.67
4 0 7 0.86
4 0 8 0.81
4 0 9 0.65
4 0 10 0.56
4 0 11 0.49
4 1 0 0.79
4 1 1 0.46
4 1 2 0.67
4 1 3 0.72
4 1 4 0.85
4 1 5 0.66
4 1 6 0.66
4 1 7 0.89
4 1 8 0.85
4 1 9 0.66
4 1 10 0.59
4 1 11 0.47
4 2 0 0.78
4 2 1 0.49
4 2 2 0.64
4 2 3 0.72
4 2 4 0.89
4 2 5 0.69
4 2 6 0.68
4 2 7 0.88
4 2 8 0.90
4 2 9 0.65
4 2 10 0.58
4 2 11 0.49
4 3 0 0.80
4 3 1 0.49
4 3 2 0.67
4 3 3 0.78
4 3 4 0.84
4 3 5 0.64
4 3 6 0.69
4 3 7 0.84
4 3 8 0.85
4 3 9 0.64
4 3 10 0.57
4 3 11 0.48
4 5 0 0.77
4 5 1 0.49
4 5 2 0.66
4 5 3 0.75
4 5 4 0.87
4 5 5 0.65
4 5 6 0.66
4 5 7 0.83
4 5 8 0.82
4 5 9 0.65
4 5 10 0.60
4 5 11 0.50
4 6 0 0.78
4 6 1 0.50
4 6 2 0.67
4 6 3 0.76
4 6 4 0.89
4 6 5 0.66
4 6 6 0.67
4 6 7 0.84
4 6 8 0.87
4 6 9 0.66
4 6 10 0.56
4 6 11 0.47
4 7 0 0.79
4 7 1 0.46
4 7 2 0.67
4 7 3 0.74
4 7 4 0.84
4 7 5 0.63
4 7 6 0.64
4 7 7 0.83
4 7 8 0.85
4 7 9 0.69
4 7 10 0.56
4 7 11 0.46
4 8 0 0.75
4 8 1 0.49
4 8 2 0.64
4 8 3 0.75
4 8 4 0.87
4 8 5 0.64
4 8 6 0.65
4 8 7 0.83
4 8 8 0.83
4 8 9 0.66
4 8 10 0.54
4 8 11 0.48
4 9 0 0.77
4 9 1 0.47
4 9 2 0.67
4 9 3 0.74
4 9 4 0.88
4 9 5 0.68
4 9 6 0.69
4 9 7 0.81
4 9 8 0.86
4 9 9 0.63
4 9 10 0.59
4 9 11 0.50
4 10 0 0.76
4 10 1 0.46
4 10 2 0.66
4 10 3 0.76
4 10 4 0.87
4 10 5 0.69
4 10 6 0.65
4 10 7 0.86
4 10 8 0.82
4 10 9 0.66
4 10 10 0.57
4 10 11 0.45
5 0 0 0.75
5 0 1 0.46
5 0 2 0.70
5 0 3 0.78
5 0 4 0.83
5 0 5 0.68
5 0 6 0.68
5 0 7 0.83
5 0 8 0.83
5 0 9 0.65
5 0 10 0.58
5 0 11 0.46
5 1 0 0.76
5 1 1 0.50
5 1 2 0.64
5 1 3 0.76
5 1 4 0.83
5 1 5 0.65
5 1 6 0.70
5 1 7 0.88
5 1 8 0.87
5 1 9 0.68
5 1 10 0.54
5 1 11 0.49
5 2 0 0.72
5 2 1 0.48
5 2 2 0.65
5 2 3 0.74
5 2 4 0.84
5 2 5 0.66
5 2 6 0.65
5 2 7 0.82
5 2 8 0.84
5 2 9 0.65
5 2 10 0.59
5 2 11 0.47
5 3 0 0.72
5 3 1 0.46
5 3 2 0.70
5 3 3 0.72
5 3 4 0.89
5 3 5 0.67
5 3 6 0.69
5 3 7 0.83
5 3 8 0.83
5 3 9 0.67
5 3 10 0.60
5 3 11 0.46
5 4 0 0.73
5 4 1 0.49
5 4 2 0.64
5 4 3 0.77
5 4 4 0.83
5 4 5 0.68
5 4 6 0.68
5 4 7 0.85
5 4 8 0.84
5 4 9 0.64
5 4 10 0.58
5 4 11 0.49
5 6 0 0.77
5 6 1 0.49
5 6 2 0.66
5 6 3 0.76
5 6 4 0.82
5 6 5 0.63
5 6 6 0.65
5 6 7 0.85
5 6 8 0.85
5 6 9 0.65
5 6 10 0.57
5 6 11 0.49
5 7 0 0.76
5 7 1 0.50
5 7 2 0.68
5 7 3 0.77
5 7 4 0.89
5 7 5 0.65
5 7 6 0.65
5 7 7 0.84
5 7 8 0.84
5 7 9 0.65
5 7 10 0.59
5 7 11 0.48
5 8 0 0.80
5 8 1 0.46
5 8 2 0.67
5 8 3 0.72
5 8 4 0.86
5 8 5 0.64
5 8 6 0.67
5 8 7 0.88
5 8 8 0.83
5 8 9 0.68
5 8 10 0.55
5 8 11 0.50
5 9 0 0.77
5 9 1 0.48
5 9 2 0.69
5 9 3 0.76
5 9 4 0.83
5 9 5 0.63
5 9 6 0.66
5 9 7 0.89
5 9 8 0.86
5 9 9 0.67
5 9 10 0.56
5 9 11 0.46
5 10 0 0.80
5 10 1 0.49
5 10 2 0.68
5 10 3 0.74
5 10 4 0.90
5 10 5 0.66
5 10 6 0.69
5 10 7 0.82
5 10 8 0.90
5 10 9 0.70
5 10 10 0.56
5 10 11 0.47
6 0 0 0.73
6 0 1 0.49
6 0 2 0.65
6 0 3 0.74
6 0 4 0.89
6 0 5 0.67
6 0 6 0.70
6 0 7 0.87
6 0 8 0.89
6 0 9 0.66
6 0 10 0.59
6 0 11 0.45
6 1 0 0.75
6 1 1 0.49
6 1 2 0.66
6 1 3 0.75
6 1 4 0.89
6 1 5 0.67
6 1 6 0.67
6 1 7 0.88
6 1 8 0.84
6 1 9 0.67
6 1 10 0.55
6 1 11 0.49
6 2 0 0.75
6 2 1 0.47
6 2 2 0.66
6 2 3 0.78
6 2 4 0.84
6 2 5 0.70
6 2 6 0.68
6 2 7 0.83
6 2 8 0.89
6 2 9 0.69
6 2 10 0.56
6 2 11 0.48
6 3 0 0.74
6 3 1 0.48
6 3 2 0.64
6 3 3 0.79
6 3 4 0.87
6 3 5 0.67
6 3 6 0.64
6 3 7 0.85
6 3 8 0.88
6 3 9 0.68
6 3 10 0.55
6 3 11 0.50
6 4 0 0.73
6 4 1 0.48
6 4 2 0.64
6 4 3 0.76
6 4 4 0.83
6 4 5 0.67
6 4 6 0.68
6 4 7 0.81
6 4 8 0.87
6 4 9 0.67
6 4 10 0.55
6 4 11 0.48
6 5 0 0.72
6 5 1 0.46
6 5 2 0.63
6 5 3 0.78
6 5 4 0.83
6 5 5 0.70
6 5 6 0.68
6 5 7 0.88
6 5 8 0.83
6 5 9 0.69
6 5 10 0.58
6 5 11 0.48
6 7 0 0.72
6 7 1 0.46
6 7 2 0.65
6 7 3 0.78
6 7 4 0.85
6 7 5 0.67
6 7 6 0.67
6 7 7 0.85
6 7 8 0.89
6 7 9 0.69
6 7 10 0.57
6 7 11 0.47
6 8 0 0.80
6 8 1 0.49
6 8 2 0.63
6 8 3 0.72
6 8 4 0.82
6 8 5 0.65
6 8 6 0.65
6 8 7 0.89
6 8 8 0.83
6 8 9 0.64
6 8 10 0.55
6 8 11 0.47
6 9 0 0.73
6 9 1 0.46
6 9 2 0.66
6 9 3 0.75
6 9 4 0.89
6 9 5 0.67
6 9 6 0.68
6 9 7 0.89
6 9 8 0.90
6 9 9 0.66
6 9 10 0.55
6 9 11 0.48
6 10 0 0.79
6 10 1 0.47
6 10 2 0.69
6 10 3 0.72
6 10 4 0.87
6 10 5 0.67
6 10 6 0.66
6 10 7 0.82
6 10 8 0.87
6 10 9 0.66
6 10 10 0.57
6 10 11 0.45
7 0 0 0.73
7 0 1 0.50
7 0 2 0.65
7 0 3 0.78
7 0 4 0.89
7 0 5 0.65
7 0 6 0.68
7 0 7 0.83
7 0 8 0.87
7 0 9 0.67
7 0 10 0.59
7 0 11 0.48
7 1 0 0.75
7 1 1 0.46
7 1 2 0.64
7 1 3 0.76
7 1 4 0.85
7 1 5 0.64
7 1 6 0.68
7 1 7 0.88
7 1 8 0.82
7 1 9 0.66
7 1 10 0.56
7 1 11 0.46
7 2 0 0.76
7 2 1 0.49
7 2 2 0.69
7 2 3 0.76
7 2 4 0.89
7 2 5 0.70
7 2 6 0.66
7 2 7 0.83
7 2 8 0.84
7 2 9 0.64
7 2 10 0.56
7 2 11 0.47
7 3 0 0.74
7 3 1 0.50
7 3 2 0.68
7 3 3 0.75
7 3 4 0.87
7 3 5 0.69
7 3 6 0.64
7 3 7 0.84
7 3 8 0.81
7 3 9 0.69
7 3 10 0.59
7 3 11 0.45
7 4 0 0.77
7 4 1 0.46
7 4 2 0.69
7 4 3 0.77
7 4 4 0.84
7 4 5 0.69
7 4 6 0.69
7 4 7 0.82
7 4 8 0.81
7 4 9 0.70
7 4 10 0.54
7 4 11 0.47
7 5 0 0.73
7 5 1 0.48
7 5 2 0.64
7 5 3 0.77
7 5 4 0.85
7 5 5 0.69
7 5 6 0.69
7 5 7 0.87
7 5 8 0.83
7 5 9 0.68
7 5 10 0.59
7 5 11 0.49
7 6 0 0.75
7 6 1 0.50
7 6 2 0.68
7 6 3 0.76
7 6 4 0.82
7 6 5 0.69
7 6 6 0.69
7 6 7 0.85
7 6 8 0.89
7 6 9 0.66
7 6 10 0.59
7 6 11 0.45
7 8 0 0.75
7 8 1 0.46
7 8 2 0.68
7 8 3 0.74
7 8 4 0.89
7 8 5 0.67
7 8 6 0.69
7 8 7 0.90
7 8 8 0.87
7 8 9 0.69
7 8 10 0.59
7 8 11 0.46
7 9 0 0.77
7 9 1 0.45
7 9 2 0.63
7 9 3 0.77
7 9 4 0.85
7 9 5 0.66
7 9 6 0.69
7 9 7 0.82
7 9 8 0.82
7 9 9 0.63
7 9 10 0.59
7 9 11 0.48
7 10 0 0.79
7 10 1 0.46
7 10 2 0.65
7 10 3 0.73
7 10 4 0.87
7 10 5 0.67
7 10 6 0.69
7 10 7 0.87
7 10 8 0.82
7 10 9 0.68
7 10 10 0.56
7 10 11 0.49
8 0 0 0.79
8 0 1 0.47
8 0 2 0.66
8 0 3 0.74
8 0 4 0.88
8 0 5 0.67
8 0 6 0.67
8 0 7 0.81
8 0 8 0.89
8 0 9 0.66
8 0 10 0.57
8 0 11 0.50
8 1 0 0.72
8 1 1 0.50
8 1 2 0.67
8 1 3 0.79
8 1 4 0.85
8 1 5 0.70
8 1 6 0.69
8 1 7 0.82
8 1 8 0.89
8 1 9 0.66
8 1 10 0.58
8 1 11 0.49
8 2 0 0.76
8 2 1 0.49
8 2 2 0.67
8 2 3 0.76
8 2 4 0.88
8 2 5 0.68
8 2 6 0.68
8 2 7 0.83
8 2 8 0.86
8 2 9 0.65
8 2 10 0.60
8 2 11 0.45
8 3 0 0.79
8 3 1 0.48
8 3 2 0.65
8 3 3 0.75
8 3 4 0.90
8 3 5 0.67
8 3 6 0.68
8 3 7 0.89
8 3 8 0.83
8 3 9 0.67
8 3 10 0.55
8 3 11 0.49
8 4 0 0.75
8 4 1 0.47
8 4 2 0.67
8 4 3 0.73
8 4 4 0.86
8 4 5 0.69
8 4 6 0.64
8 4 7 0.88
8 4 8 0.82
8 4 9 0.68
8 4 10 0.60
8 4 11 0.48
8 5 0 0.79
8 5 1 0.49
8 5 2 0.65
8 5 3 0.74
8 5 4 0.88
8 5 5 0.70
8 5 6 0.67
8 5 7 0.84
8 5 8 0.86
8 5 9 0.64
8 5 10 0.59
8 5 11 0.48
8 6 0 0.72
8 6 1 0.45
8 6 2 0.68
8 6 3 0.77
8 6 4 0.83
8 6 5 0.67
8 6 6 0.68
8 6 7 0.82
8 6 8 0.82
8 6 9 0.64
8 6 10 0.58
8 6 11 0.48
8 7 0 0.77
8 7 1 0.47
8 7 2 0.67
8 7 3 0.78
8 7 4 0.87
8 7 5 0.66
8 7 6 0.66
8 7 7 0.89
8 7 8 0.87
8 7 9 0.67
8 7 10 0.54
8 7 11 0.49
8 9 0 0.73
8 9 1 0.48
8 9 2 0.69
8 9 3 0.75
8 9 4 0.84
8 9 5 0.66
8 9 6 0.70
8 9 7 0.89
8 9 8 0.88
8 9 9 0.69
8 9 10 0.57
8 9 11 0.46
8 10 0 0.76
8 10 1 0.46
8 10 2 0.65
8 10 3 0.79
8 10 4 0.86
8 10 5 0.70
8 10 6 0.64
8 10 7 0.89
8 10 8 0.83
8 10 9 0.66
8 10 10 0.59
8 10 11 0.50
9 0 0 0.74
9 0 1 0.47
9 0 2 0.66
9 0 3 0.75
9 0 4 0.89
9 0 5 0.63
9 0 6 0.69
9 0 7 0.90
9 0 8 0.85
9 0 9 0.66
9 0 10 0.59
9 0 11 0.49
9 1 0 0.74
9 1 1 0.47
9 1 2 0.64
9 1 3 0.75
9 1 4 0.84
9 1 5 0.70
9 1 6 0.65
9 1 7 0.89
9 1 8 0.90
9 1 9 0.63
9 1 10 0.57
9 1 11 0.49
9 2 0 0.74
9 2 1 0.47
9 2 2 0.66
9 2 3 0.75
9 2 4 0.86
9 2 5 0.69
9 2 6 0.64
9 2 7 0.88
9 2 8 0.81
9 2 9 0.66
9 2 10 0.57
9 2 11 0.49
9 3 0 0.75
9 3 1 0.49
9 3 2 0.63
9 3 3 0.73
9 3 4 0.83
9 3 5 0.67
9 3 6 0.67
9 3 7 0.88
9 3 8 0.87
9 3 9 0.63
9 3 10 0.60
9 3 11 0.47
9 4 0 0.77
9 4 1 0.49
9 4 2 0.69
9 4 3 0.78
9 4 4 0.86
9 4 5 0.67
9 4 6 0.67
9 4 7 0.84
9 4 8 0.86
9 4 9 0.66
9 4 10 0.56
9 4 11 0.46
9 5 0 0.79
9 5 1 0.48
9 5 2 0.64
9 5 3 0.76
9 5 4 0.87
9 5 5 0.68
9 5 6 0.66
9 5 7 0.84
9 5 8 0.82
9 5 9 0.64
9 5 10 0.58
9 5 11 0.46
9 6 0 0.73
9 6 1 0.48
9 6 2 0.69
9 6 3 0.75
9 6 4 0.88
9 6 5 0.69
9 6 6 0.70
9 6 7 0.84
9 6 8 0.85
9 6 9 0.65
9 6 10 0.55
9 6 11 0.48
9 7 0 0.76
9 7 1 0.46
9 7 2 0.67
9 7 3 0.76
9 7 4 0.84
9 7 5 0.67
9 7 6 0.67
9 7 7 0.83
9 7 8 0.85
9 7 9 0.65
9 7 10 0.58
9 7 11 0.47
9 8 0 0.76
9 8 1 0.46
9 8 2 0.65
9 8 3 0.73
9 8 4 0.85
9 8 5 0.65
9 8 6 0.64
9 8 7 0.84
9 8 8 0.82
9 8 9 0.65
9 8 10 0.58
9 8 11 0.46
9 10 0 0.73
9 10 1 0.48
9 10 2 0.65
9 10 3 0.73
9 10 4 0.90
9 10 5 0.69
9 10 6 0.63
9 10 7 0.85
9 10 8 0.85
9 10 9 0.69
9 10 10 0.56
9 10 11 0.49
10 0 0 0.77
10 0 1 0.48
10 0 2 0.63
10 0 3 0.75
10 0 4 0.82
10 0 5 0.70
10 0 6 0.69
10 0 7 0.90
10 0 8 0.87
10 0 9 0.68
10 0 10 0.58
10 0 11 0.48
10 1 0 0.73
10 1 1 0.49
10 1 2 0.67
10 1 3 0.78
10 1 4 0.82
10 1 5 0.69
10 1 6 0.66
10 1 7 0.86
10 1 8 0.83
10 1 9 0.70
10 1 10 0.57
10 1 11 0.46
10 2 0 0.76
10 2 1 0.48
10 2 2 0.67
10 2 3 0.76
10 2 4 0.82
10 2 5 0.69
10 2 6 0.65
10 2 7 0.90
10 2 8 0.90
10 2 9 0.64
10 2 10 0.58
10 2 11 0.46
10 3 0 0.76
10 3 1 0.47
10 3 2 0.66
10 3 3 0.80
10 3 4 0.89
10 3 5 0.67
10 3 6 0.69
10 3 7 0.82
10 3 8 0.85
10 3 9 0.64
10 3 10 0.58
10 3 11 0.45
10 4 0 0.73
10 4 1 0.45
10 4 2 0.69
10 4 3 0.78
10 4 4 0.86
10 4 5 0.65
10 4 6 0.65
10 4 7 0.85
10 4 8 0.89
10 4 9 0.68
10 4 10 0.57
10 4 11 0.49
10 5 0 0.79
10 5 1 0.50
10 5 2 0.63
10 5 3 0.74
10 5 4 0.90
10 5 5 0.69
10 5 6 0.67
10 5 7 0.90
10 5 8 0.88
10 5 9 0.68
10 5 10 0.59
10 5 11 0.50
10 6 0 0.76
10 6 1 0.45
10 6 2 0.65
10 6 3 0.77
10 6 4 0.89
10 6 5 0.69
10 6 6 0.69
10 6 7 0.84
10 6 8 0.81
10 6 9 0.68
10 6 10 0.60
10 6 11 0.45
10 7 0 0.72
10 7 1 0.46
10 7 2 0.68
10 7 3 0.73
10 7 4 0.86
10 7 5 0.68
10 7 6 0.69
10 7 7 0.83
10 7 8 0.89
10 7 9 0.70
10 7 10 0.54
10 7 11 0.49
10 8 0 0.78
10 8 1 0.47
10 8 2 0.64
10 8 3 0.76
10 8 4 0.82
10 8 5 0.67
10 8 6 0.64
10 8 7 0.89
10 8 8 0.87
10 8 9 0.67
10 8 10 0.56
10 8 11 0.49
10 9 0 0.79
10 9 1 0.47
10 9 2 0.64
10 9 3 0.74
10 9 4 0.82
10 9 5 0.66
10 9 6 0.70
10 9 7 0.82
10 9 8 0.89
10 9 9 0.66
10 9 10 0.59
10 9 11 0.46
