# i j vmax_ij_m_per_s; symmetric values generated with Uniform(0.7,0.95)*15.6
0 1 11.991286
0 2 13.847714
0 3 11.682555
0 4 14.158033
0 5 13.903163
0 6 12.644320
0 7 12.286549
0 8 13.880224
0 9 12.178241
0 10 14.435289
1 0 11.991286
1 2 14.031651
1 3 12.469512
1 4 14.335723
1 5 13.775644
1 6 11.547267
1 7 14.052282
1 8 11.692582
1 9 12.885351
1 10 13.047742
2 0 13.847714
2 1 14.031651
2 3 14.217415
2 4 13.973227
2 5 11.989109
2 6 11.351724
2 7 12.236237
2 8 13.152861
2 9 13.355633
2 10 13.099744
3 0 11.682555
3 1 12.469512
3 2 14.217415
3 4 11.667338
3 5 13.612232
3 6 12.168870
3 7 14.696383
3 8 13.611971
3 9 12.131170
3 10 13.004137
4 0 14.158033
4 1 14.335723
4 2 13.973227
4 3 11.667338
4 5 14.704119
4 6 11.682741
4 7 11.817535
4 8 11.705372
4 9 14.782258
4 10 14.281548
5 0 13.903163
5 1 13.775644
5 2 11.989109
5 3 13.612232
5 4 14.704119
5 6 11.048562
5 7 13.315801
5 8 11.432917
5 9 13.769749
5 10 12.788269
6 0 12.644320
6 1 11.547267
6 2 11.351724
6 3 12.168870
6 4 11.682741
6 5 11.048562
6 7 13.217926
6 8 11.740237
6 9 14.570717
6 10 11.231658
7 0 12.286549
7 1 14.052282
7 2 12.236237
7 3 14.696383
7 4 11.817535
7 5 13.315801
7 6 13.217926
7 8 11.444227
7 9 14.027566
7 10 11.620552
8 0 13.880224
8 1 11.692582
8 2 13.152861
8 3 13.611971
8 4 11.705372
8 5 11.432917
8 6 11.740237
8 7 11.444227
8 9 12.216439
8 10 12.391809
9 0 12.178241
9 1 12.885351
9 2 13.355633
9 3 12.131170
9 4 14.782258
9 5 13.769749
9 6 14.570717
9 7 14.027566
9 8 12.216439
9 10 14.200961
10 0 14.435289
10 1 13.047742
10 2 13.099744
10 3 13.004137
10 4 14.281548
10 5 12.788269
10 6 11.231658
10 7 11.620552
10 8 12.391809
10 9 14.200961
