# i j vmax_ij_m_per_s; symmetric values generated with Uniform(0.7,0.95)*15.6
0 1 14.118614
0 2 14.543964
0 3 12.235374
0 4 11.537936
0 5 14.624572
0 6 12.124651
0 7 13.814710
0 8 11.956255
0 9 12.966339
0 10 14.195709
1 0 14.118614
1 2 13.363868
1 3 14.110975
1 4 11.331422
1 5 12.273706
1 6 12.878496
1 7 14.223442
1 8 11.833166
1 9 11.965904
1 10 13.535787
2 0 14.543964
2 1 13.363868
2 3 13.493270
2 4 11.160790
2 5 12.523991
2 6 13.995920
2 7 13.901059
2 8 11.166830
2 9 14.789355
2 10 13.987094
3 0 12.235374
3 1 14.110975
3 2 13.493270
3 4 11.023743
3 5 14.526336
3 6 13.473516
3 7 12.064966
3 8 11.213754
3 9 11.602314
3 10 13.851933
4 0 11.537936
4 1 11.331422
4 2 11.160790
4 3 11.023743
4 5 12.083289
4 6 11.796500
4 7 13.279472
4 8 13.270755
4 9 13.279628
4 10 12.921123
5 0 14.624572
5 1 12.273706
5 2 12.523991
5 3 14.526336
5 4 12.083289
5 6 11.141610
5 7 11.033795
5 8 12.664698
5 9 12.184488
5 10 11.002767
6 0 12.124651
6 1 12.878496
6 2 13.995920
6 3 13.473516
6 4 11.796500
6 5 11.141610
6 7 12.797751
6 8 11.447030
6 9 13.926358
6 10 13.306175
7 0 13.814710
7 1 14.223442
7 2 13.901059
7 3 12.064966
7 4 13.279472
7 5 11.033795
7 6 12.797751
7 8 13.468916
7 9 11.569087
7 10 13.366730
8 0 11.956255
8 1 11.833166
8 2 11.166830
8 3 11.213754
8 4 13.270755
8 5 12.664698
8 6 11.447030
8 7 13.468916
8 9 11.499636
8 10 14.130944
9 0 12.966339
9 1 11.965904
9 2 14.789355
9 3 11.602314
9 4 13.279628
9 5 12.184488
9 6 13.926358
9 7 11.569087
9 8 11.499636
9 10 11.101881
10 0 14.195709
10 1 13.535787
10 2 13.987094
10 3 13.851933
10 4 12.921123
10 5 11.002767
10 6 13.306175
10 7 13.366730
10 8 14.130944
10 9 11.101881
