# i j vmax_ij_m_per_s; symmetric values generated with Uniform(0.7,0.95)*15.6
0 1 13.810052
0 2 10.938274
0 3 12.896589
0 4 14.445009
0 5 11.162368
0 6 12.253519
0 7 13.406188
0 8 13.253281
0 9 12.929641
0 10 13.568236
1 0 13.810052
1 2 14.517851
1 3 11.763263
1 4 12.881318
1 5 12.596020
1 6 12.535186
1 7 13.910536
1 8 11.543975
1 9 13.823727
1 10 13.580022
2 0 10.938274
2 1 14.517851
2 3 14.816851
2 4 10.953805
2 5 11.592026
2 6 14.445667
2 7 12.300369
2 8 11.239607
2 9 12.411746
2 10 13.650648
3 0 12.896589
3 1 11.763263
3 2 14.816851
3 4 13.308895
3 5 12.637016
3 6 13.969469
3 7 11.522025
3 8 14.118643
3 9 14.398257
3 10 12.534535
4 0 14.445009
4 1 12.881318
4 2 10.953805
4 3 13.308895
4 5 13.556573
4 6 13.564106
4 7 11.582882
4 8 12.483001
4 9 13.202891
4 10 12.579227
5 0 11.162368
5 1 12.596020
5 2 11.592026
5 3 12.637016
5 4 13.556573
5 6 14.510317
5 7 11.854619
5 8 13.968404
5 9 13.007164
5 10 13.854936
6 0 12.253519
6 1 12.535186
6 2 14.445667
6 3 13.969469
6 4 13.564106
6 5 14.510317
6 7 13.067838
6 8 12.149045
6 9 14.703986
6 10 12.591751
7 0 13.406188
7 1 13.910536
7 2 12.300369
7 3 11.522025
7 4 11.582882
7 5 11.854619
7 6 13.067838
7 8 12.231335
7 9 14.184570
7 10 11.581708
8 0 13.253281
8 1 11.543975
8 2 11.239607
8 3 14.118643
8 4 12.483001
8 5 13.968404
8 6 12.149045
8 7 12.231335
8 9 11.449345
8 10 12.163560
9 0 12.929641
9 1 13.823727
9 2 12.411746
9 3 14.398257
9 4 13.202891
9 5 13.007164
9 6 14.703986
9 7 14.184570
9 8 11.449345
9 10 11.148366
10 0 13.568236
10 1 13.580022
10 2 13.650648
10 3 12.534535
10 4 12.579227
10 5 13.854936
10 6 12.591751
10 7 11.581708
10 8 12.163560
10 9 11.148366
