# i j vmax_ij_m_per_s; symmetric values generated with Uniform(0.7,0.95)*15.6
0 1 14.808537
0 2 11.302405
0 3 11.472172
0 4 14.258574
0 5 11.552020
0 6 11.472722
0 7 14.409841
0 8 14.776911
0 9 13.470377
0 10 11.788445
1 0 14.808537
1 2 11.324958
1 3 11.681630
1 4 14.075147
1 5 12.146355
1 6 12.486583
1 7 12.528719
1 8 13.766319
1 9 12.456817
1 10 13.119319
2 0 11.302405
2 1 11.324958
2 3 12.891422
2 4 14.470972
2 5 11.456786
2 6 11.487626
2 7 14.142226
2 8 14.238437
2 9 12.525910
2 10 12.033380
3 0 11.472172
3 1 11.681630
3 2 12.891422
3 4 11.268592
3 5 10.937496
3 6 11.319243
3 7 13.803729
3 8 14.053713
3 9 11.407302
3 10 12.347432
4 0 14.258574
4 1 14.075147
4 2 14.470972
4 3 11.268592
4 5 11.484943
4 6 14.030361
4 7 14.028321
4 8 14.162910
4 9 14.704700
4 10 11.970381
5 0 11.552020
5 1 12.146355
5 2 11.456786
5 3 10.937496
5 4 11.484943
5 6 11.787366
5 7 14.040620
5 8 10.936333
5 9 14.169150
5 10 13.830784
6 0 11.472722
6 1 12.486583
6 2 11.487626
6 3 11.319243
6 4 14.030361
6 5 11.787366
6 7 13.341692
6 8 14.526333
6 9 11.664028
6 10 11.813083
7 0 14.409841
7 1 12.528719
7 2 14.142226
7 3 13.803729
7 4 14.028321
7 5 14.040620
7 6 13.341692
7 8 14.567312
7 9 11.031502
7 10 12.416623
8 0 14.776911
8 1 13.766319
8 2 14.238437
8 3 14.053713
8 4 14.162910
8 5 10.936333
8 6 14.526333
8 7 14.567312
8 9 14.788851
8 10 13.809454
9 0 13.470377
9 1 12.456817
9 2 12.525910
9 3 11.407302
9 4 14.704700
9 5 14.169150
9 6 11.664028
9 7 11.031502
9 8 14.788851
9 10 14.236829
10 0 11.788445
10 1 13.119319
10 2 12.033380
10 3 12.347432
10 4 11.970381
10 5 13.830784
10 6 11.813083
10 7 12.416623
10 8 13.809454
10 9 14.236829
