# i j vmax_ij_m_per_s; symmetric values generated with Uniform(0.7,0.95)*15.6
0 1 13.941855
0 2 14.703117
0 3 12.595027
0 4 14.605046
0 5 12.352369
0 6 12.554394
0 7 11.649296
0 8 11.299384
0 9 13.252974
0 10 11.043716
1 0 13.941855
1 2 13.130530
1 3 11.107791
1 4 12.242308
1 5 14.689021
1 6 14.262275
1 7 11.916420
1 8 12.594402
1 9 13.013667
1 10 11.559986
2 0 14.703117
2 1 13.130530
2 3 13.236190
2 4 12.557271
2 5 13.847589
2 6 14.087977
2 7 12.149209
2 8 12.658638
2 9 13.103374
2 10 13.971615
3 0 12.595027
3 1 11.107791
3 2 13.236190
3 4 11.885895
3 5 12.225700
3 6 14.448964
3 7 11.676168
3 8 12.915686
3 9 14.814127
3 10 13.211587
4 0 14.605046
4 1 12.242308
4 2 12.557271
4 3 11.885895
4 5 14.563800
4 6 13.880192
4 7 11.119484
4 8 11.578939
4 9 13.591077
4 10 11.497943
5 0 12.352369
5 1 14.689021
5 2 13.847589
5 3 12.225700
5 4 14.563800
5 6 13.033724
5 7 14.294336
5 8 11.303108
5 9 12.876873
5 10 12.973579
6 0 12.554394
6 1 14.262275
6 2 14.087977
6 3 14.448964
6 4 13.880192
6 5 13.033724
6 7 11.526443
6 8 13.727299
6 9 13.793094
6 10 13.317550
7 0 11.649296
7 1 11.916420
7 2 12.149209
7 3 11.676168
7 4 11.119484
7 5 14.294336
7 6 11.526443
7 8 12.563315
7 9 11.638012
7 10 14.499621
8 0 11.299384
8 1 12.594402
8 2 12.658638
8 3 12.915686
8 4 11.578939
8 5 11.303108
8 6 13.727299
8 7 12.563315
8 9 13.243966
8 10 12.619104
9 0 13.252974
9 1 13.013667
9 2 13.103374
9 3 14.814127
9 4 13.591077
9 5 12.876873
9 6 13.793094
9 7 11.638012
9 8 13.243966
9 10 13.151570
10 0 11.043716
10 1 11.559986
10 2 13.971615
10 3 13.211587
10 4 11.497943
10 5 12.973579
10 6 13.317550
10 7 14.499621
10 8 12.619104
10 9 13.151570
