# i j vmax_ij_m_per_s; symmetric values generated with Uniform(0.7,0.95)*15.6
0 1 14.330943
0 2 12.688321
0 3 13.604479
0 4 11.484899
0 5 11.339595
0 6 14.228121
0 7 12.201931
0 8 14.293897
0 9 12.877457
0 10 11.427533
1 0 14.330943
1 2 14.661151
1 3 13.242322
1 4 12.795334
1 5 12.889010
1 6 13.328227
1 7 14.425630
1 8 14.090119
1 9 14.485744
1 10 12.362690
2 0 12.688321
2 1 14.661151
2 3 12.897843
2 4 13.094237
2 5 11.054784
2 6 11.201053
2 7 14.662338
2 8 12.705363
2 9 13.927222
2 10 12.471054
3 0 13.604479
3 1 13.242322
3 2 12.897843
3 4 14.530386
3 5 12.989763
3 6 14.591880
3 7 11.085390
3 8 14.589094
3 9 13.725065
3 10 11.898066
4 0 11.484899
4 1 12.795334
4 2 13.094237
4 3 14.530386
4 5 13.514208
4 6 10.926569
4 7 13.101375
4 8 14.598694
4 9 13.879517
4 10 11.267390
5 0 11.339595
5 1 12.889010
5 2 11.054784
5 3 12.989763
5 4 13.514208
5 6 10.980590
5 7 11.968987
5 8 13.074964
5 9 14.460502
5 10 12.086242
6 0 14.228121
6 1 13.328227
6 2 11.201053
6 3 14.591880
6 4 10.926569
6 5 10.980590
6 7 13.027706
6 8 12.475397
6 9 11.680316
6 10 13.820731
7 0 12.201931
7 1 14.425630
7 2 14.662338
7 3 11.085390
7 4 13.101375
7 5 11.968987
7 6 13.027706
7 8 13.582383
7 9 12.580328
7 10 12.946293
8 0 14.293897
8 1 14.090119
8 2 12.705363
8 3 14.589094
8 4 14.598694
8 5 13.074964
8 6 12.475397
8 7 13.582383
8 9 14.131721
8 10 14.668091
9 0 12.877457
9 1 14.485744
9 2 13.927222
9 3 13.725065
9 4 13.879517
9 5 14.460502
9 6 11.680316
9 7 12.580328
9 8 14.131721
9 10 13.727510
10 0 11.427533
10 1 12.362690
10 2 12.471054
10 3 11.898066
10 4 11.267390
10 5 12.086242
10 6 13.820731
10 7 12.946293
10 8 14.668091
10 9 13.727510
