# i j vmax_ij_m_per_s; symmetric values generated with Uniform(0.7,0.95)*15.6
0 1 14.052869
0 2 12.933455
0 3 10.961796
0 4 12.343054
0 5 11.891722
0 6 13.667103
0 7 13.321943
0 8 14.521787
0 9 13.588431
0 10 14.000624
1 0 14.052869
1 2 13.233192
1 3 13.052192
1 4 13.552582
1 5 12.697585
1 6 13.981538
1 7 11.220664
1 8 13.699803
1 9 12.980552
1 10 13.762280
2 0 12.933455
2 1 13.233192
2 3 11.424814
2 4 11.879897
2 5 13.683010
2 6 12.507097
2 7 13.856351
2 8 13.813479
2 9 13.677216
2 10 14.755448
3 0 10.961796
3 1 13.052192
3 2 11.424814
3 4 14.752589
3 5 12.590478
3 6 11.712997
3 7 14.286955
3 8 13.858399
3 9 12.552099
3 10 13.415614
4 0 12.343054
4 1 13.552582
4 2 11.879897
4 3 14.752589
4 5 14.734647
4 6 12.785496
4 7 14.545390
4 8 12.356480
4 9 11.405067
4 10 10.955638
5 0 11.891722
5 1 12.697585
5 2 13.683010
5 3 12.590478
5 4 14.734647
5 6 13.361212
5 7 10.991865
5 8 14.666840
5 9 11.536658
5 10 12.801564
6 0 13.667103
6 1 13.981538
6 2 12.507097
6 3 11.712997
6 4 12.785496
6 5 13.361212
6 7 14.427932
6 8 13.248865
6 9 13.284700
6 10 11.723610
7 0 13.321943
7 1 11.220664
7 2 13.856351
7 3 14.286955
7 4 14.545390
7 5 10.991865
7 6 14.427932
7 8 14.046039
7 9 12.116135
7 10 11.852221
8 0 14.521787
8 1 13.699803
8 2 13.813479
8 3 13.858399
8 4 12.356480
8 5 14.666840
8 6 13.248865
8 7 14.046039
8 9 14.692062
8 10 11.770003
9 0 13.588431
9 1 12.980552
9 2 13.677216
9 3 12.552099
9 4 11.405067
9 5 11.536658
9 6 13.284700
9 7 12.116135
9 8 14.692062
9 10 13.823504
10 0 14.000624
10 1 13.762280
10 2 14.755448
10 3 13.415614
10 4 10.955638
10 5 12.801564
10 6 11.723610
10 7 11.852221
10 8 11.770003
10 9 13.823504
