# i j vmax_ij_m_per_s; symmetric values generated with Uniform(0.7,0.95)*15.6
0 1 14.282979
0 2 14.680302
0 3 11.939781
0 4 13.831802
0 5 12.297346
0 6 12.126053
0 7 11.845611
0 8 14.187472
0 9 13.293806
0 10 12.711280
1 0 14.282979
1 2 13.389249
1 3 13.535917
1 4 11.858965
1 5 12.340768
1 6 13.394459
1 7 12.909369
1 8 13.138677
1 9 12.355388
1 10 12.758227
2 0 14.680302
2 1 13.389249
2 3 12.310195
2 4 12.904283
2 5 14.426225
2 6 11.176201
2 7 11.350622
2 8 12.813608
2 9 14.715393
2 10 14.653858
3 0 11.939781
3 1 13.535917
3 2 12.310195
3 4 12.565655
3 5 11.205375
3 6 11.850897
3 7 11.466408
3 8 14.208533
3 9 13.449349
3 10 14.334606
4 0 13.831802
4 1 11.858965
4 2 12.904283
4 3 12.565655
4 5 13.455186
4 6 14.308011
4 7 12.408755
4 8 11.051799
4 9 14.053040
4 10 11.404838
5 0 12.297346
5 1 12.340768
5 2 14.426225
5 3 11.205375
5 4 13.455186
5 6 12.146102
5 7 13.304395
5 8 14.308635
5 9 13.873673
5 10 11.459407
6 0 12.126053
6 1 13.394459
6 2 11.176201
6 3 11.850897
6 4 14.308011
6 5 12.146102
6 7 11.057663
6 8 13.229851
6 9 12.905614
6 10 12.324487
7 0 11.845611
7 1 12.909369
7 2 11.350622
7 3 11.466408
7 4 12.408755
7 5 13.304395
7 6 11.057663
7 8 12.806196
7 9 12.455573
7 10 11.657708
8 0 14.187472
8 1 13.138677
8 2 12.813608
8 3 14.208533
8 4 11.051799
8 5 14.308635
8 6 13.229851
8 7 12.806196
8 9 10.999408
8 10 11.945659
9 0 13.293806
9 1 12.355388
9 2 14.715393
9 3 13.449349
9 4 14.053040
9 5 13.873673
9 6 12.905614
9 7 12.455573
9 8 10.999408
9 10 13.440619
10 0 12.711280
10 1 12.758227
10 2 14.653858
10 3 14.334606
10 4 11.404838
10 5 11.459407
10 6 12.324487
10 7 11.657708
10 8 11.945659
10 9 13.440619
