# i j vmax_ij_m_per_s; symmetric values generated with Uniform(0.7,0.95)*15.6
0 1 13.893596
0 2 12.425058
0 3 14.400034
0 4 13.436054
0 5 11.895307
0 6 12.753200
0 7 14.400573
0 8 14.181436
0 9 10.991736
0 10 14.620748
1 0 13.893596
1 2 13.283120
1 3 13.762794
1 4 13.358483
1 5 11.690277
1 6 12.771538
1 7 11.460760
1 8 13.081682
1 9 11.714446
1 10 11.022206
2 0 12.425058
2 1 13.283120
2 3 13.420443
2 4 12.573386
2 5 11.542637
2 6 13.413223
2 7 10.986121
2 8 12.042582
2 9 13.636038
2 10 13.385662
3 0 14.400034
3 1 13.762794
3 2 13.420443
3 4 13.086391
3 5 13.316012
3 6 11.719608
3 7 12.930151
3 8 13.801680
3 9 12.786728
3 10 14.396522
4 0 13.436054
4 1 13.358483
4 2 12.573386
4 3 13.086391
4 5 12.212371
4 6 13.464085
4 7 12.968541
4 8 14.732520
4 9 11.356859
4 10 12.971722
5 0 11.895307
5 1 11.690277
5 2 11.542637
5 3 13.316012
5 4 12.212371
5 6 13.592579
5 7 12.543909
5 8 11.038877
5 9 12.304191
5 10 12.298644
6 0 12.753200
6 1 12.771538
6 2 13.413223
6 3 11.719608
6 4 13.464085
6 5 13.592579
6 7 12.659903
6 8 12.211449
6 9 11.986342
6 10 14.423767
7 0 14.400573
7 1 11.460760
7 2 10.986121
7 3 12.930151
7 4 12.968541
7 5 12.543909
7 6 12.659903
7 8 12.554195
7 9 12.916417
7 10 14.123491
8 0 14.181436
8 1 13.081682
8 2 12.042582
8 3 13.801680
8 4 14.732520
8 5 11.038877
8 6 12.211449
8 7 12.554195
8 9 11.293823
8 10 12.269081
9 0 10.991736
9 1 11.714446
9 2 13.636038
9 3 12.786728
9 4 11.356859
9 5 12.304191
9 6 11.986342
9 7 12.916417
9 8 11.293823
9 10 13.974179
10 0 14.620748
10 1 11.022206
10 2 13.385662
10 3 14.396522
10 4 12.971722
10 5 12.298644
10 6 14.423767
10 7 14.123491
10 8 12.269081
10 9 13.974179
