trucks_count 4
drones_count 4
customers 100
depot 0 0
Coordinate X         Coordinate Y         Dronable Demand
X	Y	Dronable	Demand	Drone_service	Truck_service	Lw
7367.79691526602	-11585.3961501934	1	0.615612688140614	60	60	2700
-12475.9380525319	9974.38332116044	1	1.07772350337759	60	60	1800
-1819.59629104005	11117.5565523351	1	0.178236278286629	60	60	3600
1225.5267873086	-11655.3398018163	1	0.571088754544343	60	60	2700
12190.3390667072	11328.4073529647	1	0.153848691421214	60	60	3600
-10045.4232201756	9691.97117894777	1	1.02371567012391	60	60	1800
-11873.4770103898	10007.9885710886	1	0.838454020152844	60	60	1800
-5580.24340571558	12412.4834504202	1	0.404158112031731	60	60	1800
484.706260631303	1710.65895208999	1	1.56833992521632	60	60	3600
10467.7714678263	15435.6950826119	1	0.112269449244474	60	60	2700
1999.58206835959	-5916.77728342513	1	1.7039717305614	60	60	1800
10884.7308195096	-7394.10149150696	1	0.880555883153028	60	60	3600
5489.11174194595	-13652.3729087294	1	1.69330085140721	60	60	2700
12092.7057422336	12253.0912795509	1	1.720889373865	60	60	2700
-9450.74501194067	-14031.8425855998	1	0.631586225840343	60	60	3600
6325.3456195339	-11212.3895559351	1	0.497632268960846	60	60	2700
-12651.2192479985	9816.55334483579	1	1.56790821251282	60	60	3600
6341.391080621	10539.4650965953	1	0.756102469118746	60	60	2700
-6849.43723697651	-7991.62537955541	1	0.259080910890616	60	60	1800
7166.41151414215	-4779.16350874184	1	0.046361556486676	60	60	3600
-3218.37730358804	11432.6324608101	1	0.0276210625126614	60	60	2700
-732.190130332161	7380.92482368139	1	0.705854359482617	60	60	1800
8079.32477257769	4758.21386069048	1	0.845742487175988	60	60	1800
14680.8265645375	5325.00847705877	1	0.244442678174345	60	60	3600
-2612.19680888817	5581.72757934497	1	0.281168249409739	60	60	3600
2529.18114829176	13905.4993935929	1	0.49991168103447	60	60	1800
12280.2015195762	-4966.72035254804	1	0.904734051384966	60	60	3600
14353.4866598598	-10447.7441896515	1	0.631838398370168	60	60	2700
6432.61766532065	2169.82230480162	1	1.11198338849574	60	60	3600
-3204.32778780584	3801.74009758152	1	0.907996303523054	60	60	2700
-14213.259015785	6181.18395067683	1	0.823613099532182	60	60	1800
10013.9504181942	-4401.12065858873	1	1.98692217636914	60	60	2700
-9166.34235156713	5150.60795281122	1	0.116054676737012	60	60	1800
-7650.83504719905	-7780.98431053015	1	0.637815792333358	60	60	3600
-10926.3764628765	12609.1301992009	1	0.868411891135463	60	60	2700
2270.85222718962	803.611535516385	1	1.626273245486	60	60	1800
-14939.1204269428	8664.20669174463	1	0.249850208264642	60	60	2700
9843.66278178801	3648.48481094374	1	0.0167955594165983	60	60	1800
-12433.49818542	9276.92802048894	1	0.30840894678623	60	60	3600
-8284.9392136254	15628.0555264585	1	0.755963709052489	60	60	3600
-3572.22942143264	6880.43129802207	1	0.372721021447925	60	60	3600
-2679.24531189489	9251.75940722334	1	1.11683472154061	60	60	3600
-13421.5579692706	-5805.9548062585	1	0.496541619971535	60	60	2700
-9201.81277205445	3697.52199507108	1	0.116059028303575	60	60	2700
3548.2129938365	1453.17984659048	1	0.234260680679567	60	60	1800
-10745.2815582775	10664.6516989924	1	0.353155522230841	60	60	1800
9964.36169078719	-11238.7034234425	1	1.13265008954893	60	60	3600
-3893.7555052999	-11449.5627462343	1	1.06431872592577	60	60	1800
-321.150822171698	-9507.43154589684	1	0.061971012676235	60	60	3600
8731.88045025556	-3311.78977377608	1	0.205776477929428	60	60	3600
2960.47018010797	15490.1678468594	1	0.482362105418247	60	60	2700
1495.451979857	9134.95443187207	1	0.48593720828014	60	60	3600
479.939283923266	-12665.0044000779	1	0.986123769176588	60	60	3600
-13647.9799618609	14268.0370501601	1	0.941299121640066	60	60	2700
-2829.90144007085	-15180.4233020056	1	0.118609357617585	60	60	2700
3809.98854629679	4519.73107079731	1	0.159809759482444	60	60	1800
101.325137549789	-11355.851183591	1	0.0649287652094024	60	60	2700
1626.41934740431	15800.497384534	1	0.117518639767134	60	60	1800
6613.73895366944	-10074.5335490051	1	0.0110247844900665	60	60	1800
-14911.7039164834	-2032.8873022899	1	1.01184133576361	60	60	2700
-11752.7158401734	4496.7405589353	1	1.79143580929012	60	60	1800
-6077.62986885645	13848.0065479795	1	0.437847886771631	60	60	1800
-7195.32542123553	-4360.95856339842	1	0.405930963550991	60	60	1800
-16088.2704744768	-15087.1152724735	1	1.50625141045518	60	60	3600
12126.8903637512	5612.38596556034	1	0.640276135670903	60	60	2700
-10974.8805461126	12181.2112641661	1	0.441005242328464	60	60	3600
11504.0112155053	-268.566644416436	1	0.858089914559043	60	60	2700
14494.5569268191	-8438.77637126861	1	0.457610910702744	60	60	2700
9702.06731488224	-3058.1882850886	1	0.673166613811787	60	60	1800
-11632.9291541921	-13264.1464410506	1	0.344396184252933	60	60	2700
10072.906036104	6735.40269413092	1	0.383143917697469	60	60	3600
10542.7069585687	-1679.77399008478	1	0.0134650489269835	60	60	3600
9689.14192949953	8399.20293676602	1	0.348964880155519	60	60	1800
-12367.1698807176	-3048.68394451233	1	0.928578382873814	60	60	3600
-375.00356810026	-8668.51545307588	1	1.66086667859123	60	60	1800
3095.4645443745	1665.82593887042	1	0.0153981991185875	60	60	1800
6297.69599270564	-13354.7125440945	1	1.78135018035005	60	60	1800
12086.3013634561	-7030.93622462529	1	0.565720544970878	60	60	1800
6523.22572117131	-3860.84297486196	1	1.04635078539963	60	60	3600
1267.9163143367	5219.89977481703	1	1.73235703731121	60	60	1800
7602.11851400512	-9743.84622791562	1	0.932324238529506	60	60	2700
-8407.56952111137	10707.1606230483	1	0.0308849312375725	60	60	3600
12435.2683754698	-6235.14017242921	1	0.97407357157302	60	60	3600
10415.9441987231	-11677.2455630189	1	0.493973584914355	60	60	3600
-16041.9475545189	-3738.39458597046	1	0.164955374852809	60	60	1800
6415.79601247607	-1578.92146075004	1	0.921383623308142	60	60	3600
-4398.6493123045	12002.23731519	1	0.0336511611640368	60	60	2700
10696.3640437154	-3059.39681369789	1	0.285083777881757	60	60	2700
-9948.45680330946	10069.2519072796	1	1.13386299912898	60	60	2700
-13527.7462324743	-1046.20954944659	1	1.83979239652478	60	60	1800
-7152.52376547807	-8897.57688436835	1	0.902550936700506	60	60	1800
8676.01764259333	-13240.1713195409	1	0.924506111783578	60	60	2700
-6127.71561011944	12065.7351568128	1	0.988467554759629	60	60	2700
6665.02199941607	-4341.04794902141	1	0.672873633737161	60	60	1800
5316.64342322013	756.960742012624	1	0.68480026533862	60	60	2700
-15037.5863740392	13923.826347715	1	0.36052795825652	60	60	3600
8066.76061571717	14482.891484273	1	1.01038699012318	60	60	2700
3487.02038641039	-14733.8378961532	1	0.649254886728707	60	60	2700
-10680.9355245149	-3970.04145261431	1	0.0422455718520644	60	60	3600
11443.7092972718	-15164.158730851	1	0.851778860366449	60	60	1800
