# i j vmax_ij_m_per_s; symmetric values generated with Uniform(0.7,0.95)*15.6
0 1 13.001849
0 2 12.042091
0 3 11.155160
0 4 12.682726
0 5 11.093947
0 6 14.684907
0 7 14.725482
0 8 11.365518
0 9 11.083921
0 10 12.223396
0 11 14.152015
0 12 13.827343
1 0 13.001849
1 2 13.073012
1 3 12.097940
1 4 14.138722
1 5 11.906103
1 6 14.170179
1 7 12.022949
1 8 11.988273
1 9 12.786393
1 10 10.953858
1 11 11.452786
1 12 12.244107
2 0 12.042091
2 1 13.073012
2 3 11.796783
2 4 12.374348
2 5 12.070090
2 6 11.866725
2 7 11.766624
2 8 12.596828
2 9 12.486578
2 10 11.530191
2 11 11.814418
2 12 11.798651
3 0 11.155160
3 1 12.097940
3 2 11.796783
3 4 12.835738
3 5 14.415885
3 6 14.597668
3 7 12.441298
3 8 14.740814
3 9 13.718430
3 10 13.842961
3 11 14.050080
3 12 11.041545
4 0 12.682726
4 1 14.138722
4 2 12.374348
4 3 12.835738
4 5 12.458034
4 6 12.719378
4 7 11.318849
4 8 11.187484
4 9 12.956568
4 10 14.573037
4 11 12.244976
4 12 14.224205
5 0 11.093947
5 1 11.906103
5 2 12.070090
5 3 14.415885
5 4 12.458034
5 6 13.789071
5 7 13.631263
5 8 11.960630
5 9 13.633811
5 10 14.466604
5 11 11.055998
5 12 13.401408
6 0 14.684907
6 1 14.170179
6 2 11.866725
6 3 14.597668
6 4 12.719378
6 5 13.789071
6 7 12.520553
6 8 13.846893
6 9 11.402431
6 10 13.787966
6 11 11.273182
6 12 12.274198
7 0 14.725482
7 1 12.022949
7 2 11.766624
7 3 12.441298
7 4 11.318849
7 5 13.631263
7 6 12.520553
7 8 13.497546
7 9 12.759627
7 10 11.187255
7 11 13.727233
7 12 13.937403
8 0 11.365518
8 1 11.988273
8 2 12.596828
8 3 14.740814
8 4 11.187484
8 5 11.960630
8 6 13.846893
8 7 13.497546
8 9 12.628009
8 10 13.621058
8 11 12.048276
8 12 14.418420
9 0 11.083921
9 1 12.786393
9 2 12.486578
9 3 13.718430
9 4 12.956568
9 5 13.633811
9 6 11.402431
9 7 12.759627
9 8 12.628009
9 10 12.213682
9 11 12.018813
9 12 11.123474
10 0 12.223396
10 1 10.953858
10 2 11.530191
10 3 13.842961
10 4 14.573037
10 5 14.466604
10 6 13.787966
10 7 11.187255
10 8 13.621058
10 9 12.213682
10 11 12.392586
10 12 13.932433
11 0 14.152015
11 1 11.452786
11 2 11.814418
11 3 14.050080
11 4 12.244976
11 5 11.055998
11 6 11.273182
11 7 13.727233
11 8 12.048276
11 9 12.018813
11 10 12.392586
11 12 13.006773
12 0 13.827343
12 1 12.244107
12 2 11.798651
12 3 11.041545
12 4 14.224205
12 5 13.401408
12 6 12.274198
12 7 13.937403
12 8 14.418420
12 9 11.123474
12 10 13.932433
12 11 13.006773
