# i j vmax_ij_m_per_s; symmetric values generated with Uniform(0.7,0.95)*15.6
0 1 11.238182
0 2 12.922131
0 3 14.432686
0 4 11.591957
0 5 14.743796
0 6 12.602609
0 7 13.246891
0 8 12.915305
0 9 13.034530
0 10 11.909535
0 11 14.454927
0 12 13.752002
1 0 11.238182
1 2 11.871021
1 3 10.997693
1 4 12.765554
1 5 14.009183
1 6 12.742355
1 7 12.934816
1 8 11.158654
1 9 12.644780
1 10 12.210899
1 11 12.385825
1 12 12.027924
2 0 12.922131
2 1 11.871021
2 3 13.234866
2 4 14.556694
2 5 12.104451
2 6 14.744776
2 7 13.841794
2 8 11.376286
2 9 13.378370
2 10 10.972602
2 11 11.700554
2 12 13.984745
3 0 14.432686
3 1 10.997693
3 2 13.234866
3 4 13.301436
3 5 14.267576
3 6 13.057947
3 7 12.748857
3 8 12.759241
3 9 12.486053
3 10 13.733869
3 11 12.347082
3 12 14.335853
4 0 11.591957
4 1 12.765554
4 2 14.556694
4 3 13.301436
4 5 14.031470
4 6 14.111286
4 7 11.483764
4 8 11.775793
4 9 14.169015
4 10 13.890705
4 11 13.680243
4 12 14.035212
5 0 14.743796
5 1 14.009183
5 2 12.104451
5 3 14.267576
5 4 14.031470
5 6 13.438267
5 7 12.419386
5 8 11.487713
5 9 11.246845
5 10 12.790816
5 11 14.342420
5 12 12.940950
6 0 12.602609
6 1 12.742355
6 2 14.744776
6 3 13.057947
6 4 14.111286
6 5 13.438267
6 7 10.952807
6 8 13.003107
6 9 11.897295
6 10 11.847995
6 11 12.145357
6 12 11.163628
7 0 13.246891
7 1 12.934816
7 2 13.841794
7 3 12.748857
7 4 11.483764
7 5 12.419386
7 6 10.952807
7 8 13.768848
7 9 12.395832
7 10 14.020159
7 11 12.878651
7 12 13.476478
8 0 12.915305
8 1 11.158654
8 2 11.376286
8 3 12.759241
8 4 11.775793
8 5 11.487713
8 6 13.003107
8 7 13.768848
8 9 12.000776
8 10 11.484901
8 11 12.271779
8 12 12.908984
9 0 13.034530
9 1 12.644780
9 2 13.378370
9 3 12.486053
9 4 14.169015
9 5 11.246845
9 6 11.897295
9 7 12.395832
9 8 12.000776
9 10 11.787999
9 11 13.934068
9 12 11.277306
10 0 11.909535
10 1 12.210899
10 2 10.972602
10 3 13.733869
10 4 13.890705
10 5 12.790816
10 6 11.847995
10 7 14.020159
10 8 11.484901
10 9 11.787999
10 11 12.814361
10 12 12.738496
11 0 14.454927
11 1 12.385825
11 2 11.700554
11 3 12.347082
11 4 13.680243
11 5 14.342420
11 6 12.145357
11 7 12.878651
11 8 12.271779
11 9 13.934068
11 10 12.814361
11 12 12.115148
12 0 13.752002
12 1 12.027924
12 2 13.984745
12 3 14.335853
12 4 14.035212
12 5 12.940950
12 6 11.163628
12 7 13.476478
12 8 12.908984
12 9 11.277306
12 10 12.738496
12 11 12.115148
