# i j vmax_ij_m_per_s; symmetric values generated with Uniform(0.7,0.95)*15.6
0 1 13.941855
0 2 14.703117
0 3 12.595027
0 4 14.605046
0 5 12.352369
0 6 12.554394
0 7 11.649296
0 8 11.299384
0 9 13.252974
0 10 11.043716
0 11 13.130530
0 12 11.107791
1 0 13.941855
1 2 12.242308
1 3 14.689021
1 4 14.262275
1 5 11.916420
1 6 12.594402
1 7 13.013667
1 8 11.559986
1 9 13.236190
1 10 12.557271
1 11 13.847589
1 12 14.087977
2 0 14.703117
2 1 12.242308
2 3 12.149209
2 4 12.658638
2 5 13.103374
2 6 13.971615
2 7 11.885895
2 8 12.225700
2 9 14.448964
2 10 11.676168
2 11 12.915686
2 12 14.814127
3 0 12.595027
3 1 14.689021
3 2 12.149209
3 4 13.211587
3 5 14.563800
3 6 13.880192
3 7 11.119484
3 8 11.578939
3 9 13.591077
3 10 11.497943
3 11 13.033724
3 12 14.294336
4 0 14.605046
4 1 14.262275
4 2 12.658638
4 3 13.211587
4 5 11.303108
4 6 12.876873
4 7 12.973579
4 8 11.526443
4 9 13.727299
4 10 13.793094
4 11 13.317550
4 12 12.563315
5 0 12.352369
5 1 11.916420
5 2 13.103374
5 3 14.563800
5 4 11.303108
5 6 11.638012
5 7 14.499621
5 8 13.243966
5 9 12.619104
5 10 13.151570
5 11 13.886756
5 12 14.703258
6 0 12.554394
6 1 12.594402
6 2 13.971615
6 3 13.880192
6 4 12.876873
6 5 11.638012
6 7 13.528624
6 8 13.165124
6 9 12.648822
6 10 13.917076
6 11 12.316384
6 12 12.371485
7 0 11.649296
7 1 13.013667
7 2 11.885895
7 3 11.119484
7 4 12.973579
7 5 14.499621
7 6 13.528624
7 8 12.482381
7 9 14.116048
7 10 13.338870
7 11 13.562857
7 12 11.540201
8 0 11.299384
8 1 11.559986
8 2 12.225700
8 3 11.578939
8 4 11.526443
8 5 13.243966
8 6 13.165124
8 7 12.482381
8 9 11.874580
8 10 11.272023
8 11 12.670127
8 12 14.469129
9 0 13.252974
9 1 13.236190
9 2 14.448964
9 3 13.591077
9 4 13.727299
9 5 12.619104
9 6 12.648822
9 7 14.116048
9 8 11.874580
9 10 12.706146
9 11 12.763427
9 12 13.675471
10 0 11.043716
10 1 12.557271
10 2 11.676168
10 3 11.497943
10 4 13.793094
10 5 13.151570
10 6 13.917076
10 7 13.338870
10 8 11.272023
10 9 12.706146
10 11 11.223423
10 12 10.982654
11 0 13.130530
11 1 13.847589
11 2 12.915686
11 3 13.033724
11 4 13.317550
11 5 13.886756
11 6 12.316384
11 7 13.562857
11 8 12.670127
11 9 12.763427
11 10 11.223423
11 12 10.950590
12 0 11.107791
12 1 14.087977
12 2 14.814127
12 3 14.294336
12 4 12.563315
12 5 14.703258
12 6 12.371485
12 7 11.540201
12 8 14.469129
12 9 13.675471
12 10 10.982654
12 11 10.950590
