# i j l theta_ijl; 12 hourly segments, theta=round(Uniform(0.9,1.0)*base_L[l],2)
0 1 0 0.79
0 1 1 0.48
0 1 2 0.63
0 1 3 0.73
0 1 4 0.87
0 1 5 0.68
0 1 6 0.66
0 1 7 0.83
0 1 8 0.87
0 1 9 0.63
0 1 10 0.57
0 1 11 0.46
0 2 0 0.76
0 2 1 0.49
0 2 2 0.67
0 2 3 0.80
0 2 4 0.87
0 2 5 0.68
0 2 6 0.68
0 2 7 0.84
0 2 8 0.84
0 2 9 0.70
0 2 10 0.60
0 2 11 0.50
0 3 0 0.79
0 3 1 0.48
0 3 2 0.68
0 3 3 0.73
0 3 4 0.81
0 3 5 0.67
0 3 6 0.65
0 3 7 0.83
0 3 8 0.83
0 3 9 0.68
0 3 10 0.55
0 3 11 0.48
0 4 0 0.73
0 4 1 0.45
0 4 2 0.70
0 4 3 0.80
0 4 4 0.86
0 4 5 0.67
0 4 6 0.68
0 4 7 0.88
0 4 8 0.85
0 4 9 0.65
0 4 10 0.57
0 4 11 0.49
0 5 0 0.73
0 5 1 0.49
0 5 2 0.66
0 5 3 0.76
0 5 4 0.85
0 5 5 0.66
0 5 6 0.65
0 5 7 0.88
0 5 8 0.83
0 5 9 0.68
0 5 10 0.59
0 5 11 0.49
0 6 0 0.78
0 6 1 0.49
0 6 2 0.65
0 6 3 0.78
0 6 4 0.88
0 6 5 0.63
0 6 6 0.64
0 6 7 0.83
0 6 8 0.81
0 6 9 0.66
0 6 10 0.54
0 6 11 0.48
0 7 0 0.75
0 7 1 0.46
0 7 2 0.67
0 7 3 0.79
0 7 4 0.89
0 7 5 0.64
0 7 6 0.69
0 7 7 0.82
0 7 8 0.82
0 7 9 0.69
0 7 10 0.54
0 7 11 0.47
0 8 0 0.74
0 8 1 0.49
0 8 2 0.63
0 8 3 0.75
0 8 4 0.86
0 8 5 0.67
0 8 6 0.63
0 8 7 0.82
0 8 8 0.82
0 8 9 0.67
0 8 10 0.56
0 8 11 0.46
0 9 0 0.76
0 9 1 0.49
0 9 2 0.67
0 9 3 0.80
0 9 4 0.88
0 9 5 0.67
0 9 6 0.65
0 9 7 0.84
0 9 8 0.83
0 9 9 0.63
0 9 10 0.55
0 9 11 0.48
0 10 0 0.79
0 10 1 0.46
0 10 2 0.69
0 10 3 0.79
0 10 4 0.89
0 10 5 0.64
0 10 6 0.64
0 10 7 0.84
0 10 8 0.84
0 10 9 0.68
0 10 10 0.57
0 10 11 0.46
0 11 0 0.73
0 11 1 0.47
0 11 2 0.67
0 11 3 0.75
0 11 4 0.84
0 11 5 0.64
0 11 6 0.68
0 11 7 0.81
0 11 8 0.86
0 11 9 0.64
0 11 10 0.58
0 11 11 0.45
0 12 0 0.75
0 12 1 0.47
0 12 2 0.66
0 12 3 0.72
0 12 4 0.89
0 12 5 0.68
0 12 6 0.67
0 12 7 0.90
0 12 8 0.86
0 12 9 0.67
0 12 10 0.60
0 12 11 0.46
1 0 0 0.76
1 0 1 0.46
1 0 2 0.66
1 0 3 0.77
1 0 4 0.82
1 0 5 0.64
1 0 6 0.63
1 0 7 0.86
1 0 8 0.86
1 0 9 0.64
1 0 10 0.55
1 0 11 0.47
1 2 0 0.75
1 2 1 0.46
1 2 2 0.63
1 2 3 0.78
1 2 4 0.86
1 2 5 0.68
1 2 6 0.69
1 2 7 0.83
1 2 8 0.83
1 2 9 0.69
1 2 10 0.54
1 2 11 0.48
1 3 0 0.77
1 3 1 0.46
1 3 2 0.70
1 3 3 0.76
1 3 4 0.81
1 3 5 0.69
1 3 6 0.66
1 3 7 0.83
1 3 8 0.84
1 3 9 0.64
1 3 10 0.56
1 3 11 0.48
1 4 0 0.74
1 4 1 0.48
1 4 2 0.68
1 4 3 0.73
1 4 4 0.87
1 4 5 0.64
1 4 6 0.64
1 4 7 0.87
1 4 8 0.82
1 4 9 0.65
1 4 10 0.60
1 4 11 0.49
1 5 0 0.80
1 5 1 0.48
1 5 2 0.66
1 5 3 0.76
1 5 4 0.90
1 5 5 0.66
1 5 6 0.65
1 5 7 0.84
1 5 8 0.84
1 5 9 0.66
1 5 10 0.58
1 5 11 0.45
1 6 0 0.73
1 6 1 0.50
1 6 2 0.70
1 6 3 0.74
1 6 4 0.85
1 6 5 0.64
1 6 6 0.63
1 6 7 0.87
1 6 8 0.87
1 6 9 0.68
1 6 10 0.56
1 6 11 0.46
1 7 0 0.73
1 7 1 0.47
1 7 2 0.68
1 7 3 0.77
1 7 4 0.90
1 7 5 0.67
1 7 6 0.69
1 7 7 0.87
1 7 8 0.83
1 7 9 0.69
1 7 10 0.59
1 7 11 0.47
1 8 0 0.76
1 8 1 0.47
1 8 2 0.64
1 8 3 0.76
1 8 4 0.82
1 8 5 0.68
1 8 6 0.65
1 8 7 0.85
1 8 8 0.89
1 8 9 0.67
1 8 10 0.55
1 8 11 0.48
1 9 0 0.74
1 9 1 0.50
1 9 2 0.67
1 9 3 0.72
1 9 4 0.84
1 9 5 0.68
1 9 6 0.68
1 9 7 0.82
1 9 8 0.83
1 9 9 0.66
1 9 10 0.55
1 9 11 0.50
1 10 0 0.78
1 10 1 0.50
1 10 2 0.67
1 10 3 0.72
1 10 4 0.83
1 10 5 0.68
1 10 6 0.63
1 10 7 0.89
1 10 8 0.83
1 10 9 0.70
1 10 10 0.58
1 10 11 0.49
1 11 0 0.79
1 11 1 0.50
1 11 2 0.70
1 11 3 0.76
1 11 4 0.82
1 11 5 0.70
1 11 6 0.66
1 11 7 0.89
1 11 8 0.85
1 11 9 0.68
1 11 10 0.57
1 11 11 0.48
1 12 0 0.79
1 12 1 0.46
1 12 2 0.68
1 12 3 0.78
1 12 4 0.86
1 12 5 0.66
1 12 6 0.70
1 12 7 0.85
1 12 8 0.83
1 12 9 0.65
1 12 10 0.54
1 12 11 0.45
2 0 0 0.73
2 0 1 0.49
2 0 2 0.70
2 0 3 0.73
2 0 4 0.84
2 0 5 0.66
2 0 6 0.69
2 0 7 0.90
2 0 8 0.89
2 0 9 0.64
2 0 10 0.54
2 0 11 0.45
2 1 0 0.74
2 1 1 0.45
2 1 2 0.65
2 1 3 0.78
2 1 4 0.81
2 1 5 0.68
2 1 6 0.67
2 1 7 0.83
2 1 8 0.81
2 1 9 0.67
2 1 10 0.57
2 1 11 0.46
2 3 0 0.76
2 3 1 0.49
2 3 2 0.65
2 3 3 0.73
2 3 4 0.86
2 3 5 0.63
2 3 6 0.64
2 3 7 0.86
2 3 8 0.87
2 3 9 0.65
2 3 10 0.57
2 3 11 0.46
2 4 0 0.76
2 4 1 0.46
2 4 2 0.69
2 4 3 0.74
2 4 4 0.81
2 4 5 0.69
2 4 6 0.66
2 4 7 0.87
2 4 8 0.89
2 4 9 0.65
2 4 10 0.55
2 4 11 0.46
2 5 0 0.75
2 5 1 0.47
2 5 2 0.64
2 5 3 0.73
2 5 4 0.86
2 5 5 0.64
2 5 6 0.70
2 5 7 0.82
2 5 8 0.85
2 5 9 0.66
2 5 10 0.57
2 5 11 0.47
2 6 0 0.79
2 6 1 0.47
2 6 2 0.68
2 6 3 0.73
2 6 4 0.85
2 6 5 0.64
2 6 6 0.68
2 6 7 0.87
2 6 8 0.88
2 6 9 0.63
2 6 10 0.58
2 6 11 0.45
2 7 0 0.77
2 7 1 0.47
2 7 2 0.68
2 7 3 0.76
2 7 4 0.84
2 7 5 0.63
2 7 6 0.67
2 7 7 0.89
2 7 8 0.89
2 7 9 0.64
2 7 10 0.55
2 7 11 0.47
2 8 0 0.77
2 8 1 0.49
2 8 2 0.63
2 8 3 0.80
2 8 4 0.81
2 8 5 0.64
2 8 6 0.70
2 8 7 0.89
2 8 8 0.90
2 8 9 0.68
2 8 10 0.57
2 8 11 0.47
2 9 0 0.79
2 9 1 0.48
2 9 2 0.68
2 9 3 0.72
2 9 4 0.87
2 9 5 0.63
2 9 6 0.66
2 9 7 0.86
2 9 8 0.84
2 9 9 0.66
2 9 10 0.55
2 9 11 0.45
2 10 0 0.77
2 10 1 0.48
2 10 2 0.70
2 10 3 0.72
2 10 4 0.86
2 10 5 0.67
2 10 6 0.66
2 10 7 0.83
2 10 8 0.87
2 10 9 0.69
2 10 10 0.54
2 10 11 0.46
2 11 0 0.77
2 11 1 0.49
2 11 2 0.65
2 11 3 0.79
2 11 4 0.89
2 11 5 0.68
2 11 6 0.63
2 11 7 0.90
2 11 8 0.87
2 11 9 0.65
2 11 10 0.59
2 11 11 0.47
2 12 0 0.78
2 12 1 0.46
2 12 2 0.66
2 12 3 0.73
2 12 4 0.84
2 12 5 0.68
2 12 6 0.69
2 12 7 0.83
2 12 8 0.82
2 12 9 0.68
2 12 10 0.58
2 12 11 0.45
3 0 0 0.76
3 0 1 0.49
3 0 2 0.67
3 0 3 0.79
3 0 4 0.90
3 0 5 0.68
3 0 6 0.68
3 0 7 0.87
3 0 8 0.84
3 0 9 0.68
3 0 10 0.59
3 0 11 0.48
3 1 0 0.76
3 1 1 0.48
3 1 2 0.65
3 1 3 0.79
3 1 4 0.89
3 1 5 0.68
3 1 6 0.66
3 1 7 0.87
3 1 8 0.85
3 1 9 0.68
3 1 10 0.56
3 1 11 0.47
3 2 0 0.78
3 2 1 0.49
3 2 2 0.69
3 2 3 0.77
3 2 4 0.86
3 2 5 0.68
3 2 6 0.65
3 2 7 0.87
3 2 8 0.81
3 2 9 0.69
3 2 10 0.56
3 2 11 0.48
3 4 0 0.75
3 4 1 0.50
3 4 2 0.65
3 4 3 0.74
3 4 4 0.82
3 4 5 0.69
3 4 6 0.67
3 4 7 0.89
3 4 8 0.87
3 4 9 0.66
3 4 10 0.55
3 4 11 0.48
3 5 0 0.76
3 5 1 0.48
3 5 2 0.64
3 5 3 0.73
3 5 4 0.84
3 5 5 0.65
3 5 6 0.67
3 5 7 0.87
3 5 8 0.85
3 5 9 0.69
3 5 10 0.58
3 5 11 0.49
3 6 0 0.73
3 6 1 0.45
3 6 2 0.63
3 6 3 0.76
3 6 4 0.87
3 6 5 0.66
3 6 6 0.66
3 6 7 0.87
3 6 8 0.82
3 6 9 0.64
3 6 10 0.55
3 6 11 0.50
3 7 0 0.79
3 7 1 0.47
3 7 2 0.66
3 7 3 0.74
3 7 4 0.89
3 7 5 0.66
3 7 6 0.68
3 7 7 0.88
3 7 8 0.88
3 7 9 0.64
3 7 10 0.56
3 7 11 0.50
3 8 0 0.73
3 8 1 0.50
3 8 2 0.70
3 8 3 0.76
3 8 4 0.88
3 8 5 0.68
3 8 6 0.63
3 8 7 0.86
3 8 8 0.89
3 8 9 0.65
3 8 10 0.54
3 8 11 0.46
3 9 0 0.73
3 9 1 0.50
3 9 2 0.68
3 9 3 0.78
3 9 4 0.89
3 9 5 0.69
3 9 6 0.66
3 9 7 0.85
3 9 8 0.89
3 9 9 0.65
3 9 10 0.59
3 9 11 0.47
3 10 0 0.73
3 10 1 0.45
3 10 2 0.67
3 10 3 0.76
3 10 4 0.87
3 10 5 0.68
3 10 6 0.64
3 10 7 0.86
3 10 8 0.86
3 10 9 0.67
3 10 10 0.55
3 10 11 0.45
3 11 0 0.79
3 11 1 0.46
3 11 2 0.66
3 11 3 0.73
3 11 4 0.87
3 11 5 0.69
3 11 6 0.64
3 11 7 0.85
3 11 8 0.86
3 11 9 0.67
3 11 10 0.58
3 11 11 0.47
3 12 0 0.80
3 12 1 0.49
3 12 2 0.67
3 12 3 0.75
3 12 4 0.88
3 12 5 0.65
3 12 6 0.69
3 12 7 0.86
3 12 8 0.89
3 12 9 0.69
3 12 10 0.60
3 12 11 0.46
4 0 0 0.73
4 0 1 0.50
4 0 2 0.69
4 0 3 0.73
4 0 4 0.83
4 0 5 0.66
4 0 6 0.65
4 0 7 0.87
4 0 8 0.83
4 0 9 0.70
4 0 10 0.56
4 0 11 0.49
4 1 0 0.75
4 1 1 0.49
4 1 2 0.68
4 1 3 0.74
4 1 4 0.82
4 1 5 0.69
4 1 6 0.69
4 1 7 0.82
4 1 8 0.86
4 1 9 0.67
4 1 10 0.55
4 1 11 0.46
4 2 0 0.77
4 2 1 0.48
4 2 2 0.65
4 2 3 0.77
4 2 4 0.84
4 2 5 0.65
4 2 6 0.64
4 2 7 0.82
4 2 8 0.87
4 2 9 0.65
4 2 10 0.56
4 2 11 0.49
4 3 0 0.79
4 3 1 0.49
4 3 2 0.68
4 3 3 0.76
4 3 4 0.83
4 3 5 0.67
4 3 6 0.63
4 3 7 0.82
4 3 8 0.83
4 3 9 0.63
4 3 10 0.55
4 3 11 0.46
4 5 0 0.79
4 5 1 0.47
4 5 2 0.64
4 5 3 0.76
4 5 4 0.81
4 5 5 0.65
4 5 6 0.69
4 5 7 0.88
4 5 8 0.85
4 5 9 0.69
4 5 10 0.57
4 5 11 0.48
4 6 0 0.76
4 6 1 0.47
4 6 2 0.68
4 6 3 0.76
4 6 4 0.83
4 6 5 0.68
4 6 6 0.65
4 6 7 0.87
4 6 8 0.84
4 6 9 0.67
4 6 10 0.57
4 6 11 0.45
4 7 0 0.76
4 7 1 0.49
4 7 2 0.65
4 7 3 0.79
4 7 4 0.87
4 7 5 0.70
4 7 6 0.67
4 7 7 0.88
4 7 8 0.82
4 7 9 0.64
4 7 10 0.58
4 7 11 0.46
4 8 0 0.77
4 8 1 0.48
4 8 2 0.66
4 8 3 0.76
4 8 4 0.88
4 8 5 0.68
4 8 6 0.65
4 8 7 0.88
4 8 8 0.86
4 8 9 0.65
4 8 10 0.57
4 8 11 0.48
4 9 0 0.78
4 9 1 0.47
4 9 2 0.69
4 9 3 0.79
4 9 4 0.90
4 9 5 0.68
4 9 6 0.65
4 9 7 0.89
4 9 8 0.83
4 9 9 0.70
4 9 10 0.58
4 9 11 0.47
4 10 0 0.73
4 10 1 0.47
4 10 2 0.69
4 10 3 0.75
4 10 4 0.85
4 10 5 0.64
4 10 6 0.65
4 10 7 0.86
4 10 8 0.84
4 10 9 0.66
4 10 10 0.57
4 10 11 0.48
4 11 0 0.74
4 11 1 0.46
4 11 2 0.68
4 11 3 0.75
4 11 4 0.88
4 11 5 0.69
4 11 6 0.69
4 11 7 0.83
4 11 8 0.90
4 11 9 0.64
4 11 10 0.57
4 11 11 0.48
4 12 0 0.75
4 12 1 0.49
4 12 2 0.68
4 12 3 0.78
4 12 4 0.82
4 12 5 0.67
4 12 6 0.68
4 12 7 0.88
4 12 8 0.86
4 12 9 0.64
4 12 10 0.60
4 12 11 0.46
5 0 0 0.80
5 0 1 0.47
5 0 2 0.69
5 0 3 0.78
5 0 4 0.82
5 0 5 0.69
5 0 6 0.69
5 0 7 0.83
5 0 8 0.86
5 0 9 0.64
5 0 10 0.57
5 0 11 0.48
5 1 0 0.76
5 1 1 0.46
5 1 2 0.65
5 1 3 0.78
5 1 4 0.88
5 1 5 0.66
5 1 6 0.65
5 1 7 0.88
5 1 8 0.86
5 1 9 0.64
5 1 10 0.57
5 1 11 0.46
5 2 0 0.74
5 2 1 0.46
5 2 2 0.64
5 2 3 0.76
5 2 4 0.82
5 2 5 0.66
5 2 6 0.70
5 2 7 0.85
5 2 8 0.85
5 2 9 0.65
5 2 10 0.55
5 2 11 0.46
5 3 0 0.79
5 3 1 0.49
5 3 2 0.64
5 3 3 0.79
5 3 4 0.84
5 3 5 0.66
5 3 6 0.68
5 3 7 0.83
5 3 8 0.88
5 3 9 0.66
5 3 10 0.55
5 3 11 0.47
5 4 0 0.74
5 4 1 0.49
5 4 2 0.63
5 4 3 0.77
5 4 4 0.85
5 4 5 0.68
5 4 6 0.69
5 4 7 0.85
5 4 8 0.87
5 4 9 0.69
5 4 10 0.60
5 4 11 0.47
5 6 0 0.72
5 6 1 0.48
5 6 2 0.67
5 6 3 0.76
5 6 4 0.82
5 6 5 0.70
5 6 6 0.68
5 6 7 0.89
5 6 8 0.82
5 6 9 0.70
5 6 10 0.57
5 6 11 0.50
5 7 0 0.74
5 7 1 0.46
5 7 2 0.64
5 7 3 0.78
5 7 4 0.88
5 7 5 0.69
5 7 6 0.64
5 7 7 0.90
5 7 8 0.86
5 7 9 0.66
5 7 10 0.59
5 7 11 0.45
5 8 0 0.78
5 8 1 0.45
5 8 2 0.66
5 8 3 0.77
5 8 4 0.85
5 8 5 0.67
5 8 6 0.66
5 8 7 0.87
5 8 8 0.89
5 8 9 0.64
5 8 10 0.58
5 8 11 0.47
5 9 0 0.74
5 9 1 0.48
5 9 2 0.69
5 9 3 0.74
5 9 4 0.82
5 9 5 0.65
5 9 6 0.64
5 9 7 0.81
5 9 8 0.87
5 9 9 0.64
5 9 10 0.60
5 9 11 0.48
5 10 0 0.74
5 10 1 0.47
5 10 2 0.67
5 10 3 0.75
5 10 4 0.89
5 10 5 0.67
5 10 6 0.65
5 10 7 0.87
5 10 8 0.86
5 10 9 0.65
5 10 10 0.56
5 10 11 0.50
5 11 0 0.78
5 11 1 0.49
5 11 2 0.68
5 11 3 0.77
5 11 4 0.82
5 11 5 0.63
5 11 6 0.65
5 11 7 0.86
5 11 8 0.87
5 11 9 0.67
5 11 10 0.59
5 11 11 0.47
5 12 0 0.72
5 12 1 0.47
5 12 2 0.69
5 12 3 0.76
5 12 4 0.89
5 12 5 0.65
5 12 6 0.65
5 12 7 0.84
5 12 8 0.87
5 12 9 0.67
5 12 10 0.56
5 12 11 0.46
6 0 0 0.73
6 0 1 0.48
6 0 2 0.65
6 0 3 0.74
6 0 4 0.84
6 0 5 0.64
6 0 6 0.63
6 0 7 0.88
6 0 8 0.82
6 0 9 0.64
6 0 10 0.58
6 0 11 0.46
6 1 0 0.76
6 1 1 0.48
6 1 2 0.68
6 1 3 0.74
6 1 4 0.88
6 1 5 0.66
6 1 6 0.66
6 1 7 0.89
6 1 8 0.88
6 1 9 0.68
6 1 10 0.57
6 1 11 0.46
6 2 0 0.76
6 2 1 0.47
6 2 2 0.68
6 2 3 0.74
6 2 4 0.84
6 2 5 0.69
6 2 6 0.66
6 2 7 0.86
6 2 8 0.88
6 2 9 0.63
6 2 10 0.54
6 2 11 0.49
6 3 0 0.72
6 3 1 0.49
6 3 2 0.64
6 3 3 0.75
6 3 4 0.85
6 3 5 0.66
6 3 6 0.63
6 3 7 0.84
6 3 8 0.86
6 3 9 0.66
6 3 10 0.60
6 3 11 0.49
6 4 0 0.73
6 4 1 0.47
6 4 2 0.68
6 4 3 0.79
6 4 4 0.84
6 4 5 0.69
6 4 6 0.67
6 4 7 0.89
6 4 8 0.88
6 4 9 0.66
6 4 10 0.57
6 4 11 0.48
6 5 0 0.75
6 5 1 0.47
6 5 2 0.63
6 5 3 0.73
6 5 4 0.84
6 5 5 0.65
6 5 6 0.70
6 5 7 0.86
6 5 8 0.82
6 5 9 0.66
6 5 10 0.56
6 5 11 0.47
6 7 0 0.73
6 7 1 0.48
6 7 2 0.69
6 7 3 0.73
6 7 4 0.89
6 7 5 0.65
6 7 6 0.65
6 7 7 0.85
6 7 8 0.83
6 7 9 0.64
6 7 10 0.58
6 7 11 0.45
6 8 0 0.78
6 8 1 0.49
6 8 2 0.68
6 8 3 0.73
6 8 4 0.86
6 8 5 0.68
6 8 6 0.67
6 8 7 0.86
6 8 8 0.86
6 8 9 0.64
6 8 10 0.60
6 8 11 0.47
6 9 0 0.75
6 9 1 0.49
6 9 2 0.65
6 9 3 0.74
6 9 4 0.84
6 9 5 0.67
6 9 6 0.69
6 9 7 0.83
6 9 8 0.84
6 9 9 0.68
6 9 10 0.59
6 9 11 0.47
6 10 0 0.73
6 10 1 0.46
6 10 2 0.69
6 10 3 0.74
6 10 4 0.81
6 10 5 0.66
6 10 6 0.66
6 10 7 0.82
6 10 8 0.89
6 10 9 0.67
6 10 10 0.55
6 10 11 0.50
6 11 0 0.74
6 11 1 0.45
6 11 2 0.68
6 11 3 0.78
6 11 4 0.82
6 11 5 0.67
6 11 6 0.64
6 11 7 0.85
6 11 8 0.83
6 11 9 0.68
6 11 10 0.58
6 11 11 0.48
6 12 0 0.77
6 12 1 0.49
6 12 2 0.70
6 12 3 0.80
6 12 4 0.86
6 12 5 0.68
6 12 6 0.63
6 12 7 0.89
6 12 8 0.89
6 12 9 0.64
6 12 10 0.54
6 12 11 0.49
7 0 0 0.74
7 0 1 0.49
7 0 2 0.65
7 0 3 0.73
7 0 4 0.82
7 0 5 0.68
7 0 6 0.68
7 0 7 0.82
7 0 8 0.82
7 0 9 0.67
7 0 10 0.55
7 0 11 0.49
7 1 0 0.73
7 1 1 0.45
7 1 2 0.64
7 1 3 0.72
7 1 4 0.88
7 1 5 0.67
7 1 6 0.70
7 1 7 0.84
7 1 8 0.86
7 1 9 0.68
7 1 10 0.57
7 1 11 0.48
7 2 0 0.76
7 2 1 0.46
7 2 2 0.64
7 2 3 0.76
7 2 4 0.87
7 2 5 0.69
7 2 6 0.66
7 2 7 0.88
7 2 8 0.88
7 2 9 0.69
7 2 10 0.56
7 2 11 0.49
7 3 0 0.80
7 3 1 0.47
7 3 2 0.69
7 3 3 0.76
7 3 4 0.88
7 3 5 0.67
7 3 6 0.69
7 3 7 0.82
7 3 8 0.83
7 3 9 0.67
7 3 10 0.54
7 3 11 0.46
7 4 0 0.75
7 4 1 0.47
7 4 2 0.64
7 4 3 0.75
7 4 4 0.83
7 4 5 0.67
7 4 6 0.67
7 4 7 0.85
7 4 8 0.84
7 4 9 0.64
7 4 10 0.57
7 4 11 0.50
7 5 0 0.79
7 5 1 0.50
7 5 2 0.70
7 5 3 0.72
7 5 4 0.85
7 5 5 0.65
7 5 6 0.65
7 5 7 0.87
7 5 8 0.90
7 5 9 0.67
7 5 10 0.56
7 5 11 0.45
7 6 0 0.76
7 6 1 0.50
7 6 2 0.64
7 6 3 0.79
7 6 4 0.85
7 6 5 0.63
7 6 6 0.66
7 6 7 0.87
7 6 8 0.88
7 6 9 0.64
7 6 10 0.60
7 6 11 0.49
7 8 0 0.72
7 8 1 0.45
7 8 2 0.70
7 8 3 0.78
7 8 4 0.83
7 8 5 0.65
7 8 6 0.65
7 8 7 0.83
7 8 8 0.86
7 8 9 0.70
7 8 10 0.56
7 8 11 0.45
7 9 0 0.80
7 9 1 0.46
7 9 2 0.67
7 9 3 0.73
7 9 4 0.87
7 9 5 0.63
7 9 6 0.68
7 9 7 0.87
7 9 8 0.90
7 9 9 0.65
7 9 10 0.58
7 9 11 0.48
7 10 0 0.75
7 10 1 0.45
7 10 2 0.65
7 10 3 0.77
7 10 4 0.82
7 10 5 0.64
7 10 6 0.65
7 10 7 0.83
7 10 8 0.83
7 10 9 0.64
7 10 10 0.56
7 10 11 0.48
7 11 0 0.74
7 11 1 0.48
7 11 2 0.68
7 11 3 0.72
7 11 4 0.82
7 11 5 0.69
7 11 6 0.63
7 11 7 0.88
7 11 8 0.87
7 11 9 0.65
7 11 10 0.58
7 11 11 0.49
7 12 0 0.73
7 12 1 0.49
7 12 2 0.68
7 12 3 0.78
7 12 4 0.83
7 12 5 0.67
7 12 6 0.64
7 12 7 0.88
7 12 8 0.86
7 12 9 0.68
7 12 10 0.56
7 12 11 0.47
8 0 0 0.74
8 0 1 0.47
8 0 2 0.63
8 0 3 0.78
8 0 4 0.85
8 0 5 0.69
8 0 6 0.68
8 0 7 0.88
8 0 8 0.85
8 0 9 0.68
8 0 10 0.60
8 0 11 0.45
8 1 0 0.77
8 1 1 0.46
8 1 2 0.68
8 1 3 0.75
8 1 4 0.85
8 1 5 0.66
8 1 6 0.70
8 1 7 0.82
8 1 8 0.82
8 1 9 0.67
8 1 10 0.60
8 1 11 0.49
8 2 0 0.77
8 2 1 0.46
8 2 2 0.66
8 2 3 0.72
8 2 4 0.90
8 2 5 0.69
8 2 6 0.65
8 2 7 0.90
8 2 8 0.82
8 2 9 0.65
8 2 10 0.59
8 2 11 0.49
8 3 0 0.79
8 3 1 0.46
8 3 2 0.63
8 3 3 0.77
8 3 4 0.83
8 3 5 0.67
8 3 6 0.67
8 3 7 0.85
8 3 8 0.83
8 3 9 0.64
8 3 10 0.55
8 3 11 0.47
8 4 0 0.74
8 4 1 0.50
8 4 2 0.66
8 4 3 0.73
8 4 4 0.85
8 4 5 0.64
8 4 6 0.66
8 4 7 0.89
8 4 8 0.88
8 4 9 0.63
8 4 10 0.55
8 4 11 0.47
8 5 0 0.77
8 5 1 0.45
8 5 2 0.63
8 5 3 0.77
8 5 4 0.89
8 5 5 0.69
8 5 6 0.64
8 5 7 0.83
8 5 8 0.88
8 5 9 0.68
8 5 10 0.59
8 5 11 0.46
8 6 0 0.73
8 6 1 0.50
8 6 2 0.63
8 6 3 0.74
8 6 4 0.86
8 6 5 0.69
8 6 6 0.67
8 6 7 0.83
8 6 8 0.88
8 6 9 0.65
8 6 10 0.59
8 6 11 0.48
8 7 0 0.74
8 7 1 0.47
8 7 2 0.65
8 7 3 0.79
8 7 4 0.83
8 7 5 0.66
8 7 6 0.66
8 7 7 0.88
8 7 8 0.82
8 7 9 0.63
8 7 10 0.55
8 7 11 0.46
8 9 0 0.79
8 9 1 0.47
8 9 2 0.63
8 9 3 0.76
8 9 4 0.82
8 9 5 0.67
8 9 6 0.69
8 9 7 0.83
8 9 8 0.88
8 9 9 0.66
8 9 10 0.58
8 9 11 0.48
8 10 0 0.73
8 10 1 0.45
8 10 2 0.67
8 10 3 0.73
8 10 4 0.90
8 10 5 0.69
8 10 6 0.66
8 10 7 0.86
8 10 8 0.83
8 10 9 0.70
8 10 10 0.55
8 10 11 0.47
8 11 0 0.74
8 11 1 0.46
8 11 2 0.69
8 11 3 0.78
8 11 4 0.89
8 11 5 0.67
8 11 6 0.64
8 11 7 0.89
8 11 8 0.90
8 11 9 0.65
8 11 10 0.55
8 11 11 0.45
8 12 0 0.74
8 12 1 0.48
8 12 2 0.64
8 12 3 0.78
8 12 4 0.86
8 12 5 0.67
8 12 6 0.64
8 12 7 0.89
8 12 8 0.83
8 12 9 0.64
8 12 10 0.57
8 12 11 0.46
9 0 0 0.79
9 0 1 0.49
9 0 2 0.69
9 0 3 0.73
9 0 4 0.90
9 0 5 0.64
9 0 6 0.63
9 0 7 0.87
9 0 8 0.84
9 0 9 0.66
9 0 10 0.60
9 0 11 0.46
9 1 0 0.75
9 1 1 0.49
9 1 2 0.66
9 1 3 0.77
9 1 4 0.84
9 1 5 0.66
9 1 6 0.64
9 1 7 0.82
9 1 8 0.82
9 1 9 0.69
9 1 10 0.57
9 1 11 0.49
9 2 0 0.77
9 2 1 0.49
9 2 2 0.63
9 2 3 0.74
9 2 4 0.81
9 2 5 0.66
9 2 6 0.65
9 2 7 0.81
9 2 8 0.89
9 2 9 0.70
9 2 10 0.57
9 2 11 0.47
9 3 0 0.74
9 3 1 0.47
9 3 2 0.68
9 3 3 0.74
9 3 4 0.88
9 3 5 0.70
9 3 6 0.64
9 3 7 0.83
9 3 8 0.85
9 3 9 0.70
9 3 10 0.59
9 3 11 0.49
9 4 0 0.75
9 4 1 0.50
9 4 2 0.66
9 4 3 0.80
9 4 4 0.87
9 4 5 0.63
9 4 6 0.66
9 4 7 0.89
9 4 8 0.89
9 4 9 0.63
9 4 10 0.58
9 4 11 0.50
9 5 0 0.80
9 5 1 0.47
9 5 2 0.69
9 5 3 0.75
9 5 4 0.84
9 5 5 0.67
9 5 6 0.63
9 5 7 0.89
9 5 8 0.87
9 5 9 0.65
9 5 10 0.56
9 5 11 0.45
9 6 0 0.79
9 6 1 0.47
9 6 2 0.68
9 6 3 0.79
9 6 4 0.87
9 6 5 0.64
9 6 6 0.66
9 6 7 0.85
9 6 8 0.82
9 6 9 0.65
9 6 10 0.57
9 6 11 0.48
9 7 0 0.72
9 7 1 0.46
9 7 2 0.65
9 7 3 0.76
9 7 4 0.90
9 7 5 0.65
9 7 6 0.70
9 7 7 0.86
9 7 8 0.87
9 7 9 0.69
9 7 10 0.58
9 7 11 0.46
9 8 0 0.74
9 8 1 0.45
9 8 2 0.67
9 8 3 0.72
9 8 4 0.83
9 8 5 0.63
9 8 6 0.65
9 8 7 0.87
9 8 8 0.83
9 8 9 0.63
9 8 10 0.59
9 8 11 0.46
9 10 0 0.76
9 10 1 0.45
9 10 2 0.66
9 10 3 0.74
9 10 4 0.82
9 10 5 0.67
9 10 6 0.65
9 10 7 0.83
9 10 8 0.89
9 10 9 0.64
9 10 10 0.55
9 10 11 0.47
9 11 0 0.74
9 11 1 0.46
9 11 2 0.64
9 11 3 0.72
9 11 4 0.82
9 11 5 0.69
9 11 6 0.70
9 11 7 0.90
9 11 8 0.85
9 11 9 0.65
9 11 10 0.55
9 11 11 0.49
9 12 0 0.77
9 12 1 0.46
9 12 2 0.65
9 12 3 0.77
9 12 4 0.85
9 12 5 0.68
9 12 6 0.65
9 12 7 0.87
9 12 8 0.81
9 12 9 0.63
9 12 10 0.55
9 12 11 0.50
10 0 0 0.72
10 0 1 0.46
10 0 2 0.65
10 0 3 0.75
10 0 4 0.88
10 0 5 0.64
10 0 6 0.65
10 0 7 0.84
10 0 8 0.85
10 0 9 0.66
10 0 10 0.58
10 0 11 0.47
10 1 0 0.74
10 1 1 0.48
10 1 2 0.63
10 1 3 0.75
10 1 4 0.83
10 1 5 0.68
10 1 6 0.70
10 1 7 0.88
10 1 8 0.85
10 1 9 0.68
10 1 10 0.54
10 1 11 0.49
10 2 0 0.79
10 2 1 0.45
10 2 2 0.67
10 2 3 0.76
10 2 4 0.88
10 2 5 0.66
10 2 6 0.68
10 2 7 0.84
10 2 8 0.85
10 2 9 0.68
10 2 10 0.55
10 2 11 0.46
10 3 0 0.73
10 3 1 0.49
10 3 2 0.63
10 3 3 0.73
10 3 4 0.88
10 3 5 0.66
10 3 6 0.69
10 3 7 0.84
10 3 8 0.90
10 3 9 0.64
10 3 10 0.56
10 3 11 0.46
10 4 0 0.76
10 4 1 0.47
10 4 2 0.69
10 4 3 0.74
10 4 4 0.87
10 4 5 0.66
10 4 6 0.65
10 4 7 0.83
10 4 8 0.87
10 4 9 0.69
10 4 10 0.58
10 4 11 0.50
10 5 0 0.76
10 5 1 0.48
10 5 2 0.68
10 5 3 0.79
10 5 4 0.83
10 5 5 0.68
10 5 6 0.67
10 5 7 0.86
10 5 8 0.89
10 5 9 0.64
10 5 10 0.56
10 5 11 0.47
10 6 0 0.79
10 6 1 0.47
10 6 2 0.63
10 6 3 0.75
10 6 4 0.89
10 6 5 0.67
10 6 6 0.63
10 6 7 0.81
10 6 8 0.87
10 6 9 0.67
10 6 10 0.59
10 6 11 0.46
10 7 0 0.76
10 7 1 0.47
10 7 2 0.65
10 7 3 0.73
10 7 4 0.88
10 7 5 0.67
10 7 6 0.67
10 7 7 0.88
10 7 8 0.87
10 7 9 0.67
10 7 10 0.59
10 7 11 0.46
10 8 0 0.76
10 8 1 0.48
10 8 2 0.69
10 8 3 0.78
10 8 4 0.88
10 8 5 0.66
10 8 6 0.67
10 8 7 0.82
10 8 8 0.82
10 8 9 0.65
10 8 10 0.60
10 8 11 0.48
10 9 0 0.72
10 9 1 0.48
10 9 2 0.67
10 9 3 0.78
10 9 4 0.88
10 9 5 0.68
10 9 6 0.67
10 9 7 0.86
10 9 8 0.90
10 9 9 0.66
10 9 10 0.57
10 9 11 0.47
10 11 0 0.78
10 11 1 0.47
10 11 2 0.67
10 11 3 0.72
10 11 4 0.82
10 11 5 0.64
10 11 6 0.65
10 11 7 0.88
10 11 8 0.82
10 11 9 0.63
10 11 10 0.58
10 11 11 0.49
10 12 0 0.75
10 12 1 0.48
10 12 2 0.64
10 12 3 0.76
10 12 4 0.87
10 12 5 0.66
10 12 6 0.69
10 12 7 0.87
10 12 8 0.88
10 12 9 0.68
10 12 10 0.58
10 12 11 0.46
11 0 0 0.79
11 0 1 0.46
11 0 2 0.69
11 0 3 0.76
11 0 4 0.82
11 0 5 0.69
11 0 6 0.64
11 0 7 0.89
11 0 8 0.86
11 0 9 0.64
11 0 10 0.59
11 0 11 0.45
11 1 0 0.77
11 1 1 0.49
11 1 2 0.69
11 1 3 0.79
11 1 4 0.87
11 1 5 0.69
11 1 6 0.70
11 1 7 0.85
11 1 8 0.82
11 1 9 0.65
11 1 10 0.57
11 1 11 0.47
11 2 0 0.73
11 2 1 0.47
11 2 2 0.64
11 2 3 0.72
11 2 4 0.86
11 2 5 0.66
11 2 6 0.67
11 2 7 0.83
11 2 8 0.84
11 2 9 0.69
11 2 10 0.57
11 2 11 0.48
11 3 0 0.75
11 3 1 0.47
11 3 2 0.67
11 3 3 0.76
11 3 4 0.86
11 3 5 0.67
11 3 6 0.67
11 3 7 0.83
11 3 8 0.84
11 3 9 0.65
11 3 10 0.54
11 3 11 0.49
11 4 0 0.79
11 4 1 0.49
11 4 2 0.69
11 4 3 0.74
11 4 4 0.90
11 4 5 0.67
11 4 6 0.68
11 4 7 0.88
11 4 8 0.86
11 4 9 0.68
11 4 10 0.59
11 4 11 0.48
11 5 0 0.76
11 5 1 0.48
11 5 2 0.69
11 5 3 0.75
11 5 4 0.85
11 5 5 0.65
11 5 6 0.69
11 5 7 0.86
11 5 8 0.87
11 5 9 0.67
11 5 10 0.59
11 5 11 0.49
11 6 0 0.76
11 6 1 0.49
11 6 2 0.63
11 6 3 0.75
11 6 4 0.82
11 6 5 0.68
11 6 6 0.68
11 6 7 0.83
11 6 8 0.84
11 6 9 0.66
11 6 10 0.55
11 6 11 0.48
11 7 0 0.78
11 7 1 0.49
11 7 2 0.65
11 7 3 0.76
11 7 4 0.88
11 7 5 0.64
11 7 6 0.66
11 7 7 0.85
11 7 8 0.85
11 7 9 0.69
11 7 10 0.57
11 7 11 0.49
11 8 0 0.75
11 8 1 0.50
11 8 2 0.68
11 8 3 0.77
11 8 4 0.81
11 8 5 0.70
11 8 6 0.64
11 8 7 0.84
11 8 8 0.83
11 8 9 0.70
11 8 10 0.57
11 8 11 0.48
11 9 0 0.79
11 9 1 0.45
11 9 2 0.70
11 9 3 0.73
11 9 4 0.85
11 9 5 0.68
11 9 6 0.67
11 9 7 0.84
11 9 8 0.86
11 9 9 0.69
11 9 10 0.54
11 9 11 0.48
11 10 0 0.77
11 10 1 0.48
11 10 2 0.64
11 10 3 0.75
11 10 4 0.87
11 10 5 0.69
11 10 6 0.64
11 10 7 0.86
11 10 8 0.88
11 10 9 0.65
11 10 10 0.57
11 10 11 0.49
11 12 0 0.76
11 12 1 0.46
11 12 2 0.64
11 12 3 0.77
11 12 4 0.86
11 12 5 0.69
11 12 6 0.66
11 12 7 0.87
11 12 8 0.83
11 12 9 0.67
11 12 10 0.56
11 12 11 0.45
12 0 0 0.73
12 0 1 0.46
12 0 2 0.69
12 0 3 0.79
12 0 4 0.84
12 0 5 0.64
12 0 6 0.64
12 0 7 0.88
12 0 8 0.87
12 0 9 0.69
12 0 10 0.59
12 0 11 0.48
12 1 0 0.74
12 1 1 0.49
12 1 2 0.65
12 1 3 0.77
12 1 4 0.86
12 1 5 0.67
12 1 6 0.64
12 1 7 0.83
12 1 8 0.83
12 1 9 0.65
12 1 10 0.58
12 1 11 0.48
12 2 0 0.76
12 2 1 0.49
12 2 2 0.63
12 2 3 0.80
12 2 4 0.84
12 2 5 0.69
12 2 6 0.69
12 2 7 0.89
12 2 8 0.82
12 2 9 0.69
12 2 10 0.60
12 2 11 0.47
12 3 0 0.79
12 3 1 0.50
12 3 2 0.64
12 3 3 0.74
12 3 4 0.83
12 3 5 0.67
12 3 6 0.66
12 3 7 0.82
12 3 8 0.82
12 3 9 0.68
12 3 10 0.55
12 3 11 0.50
12 4 0 0.80
12 4 1 0.46
12 4 2 0.69
12 4 3 0.78
12 4 4 0.85
12 4 5 0.67
12 4 6 0.67
12 4 7 0.82
12 4 8 0.85
12 4 9 0.67
12 4 10 0.58
12 4 11 0.50
12 5 0 0.78
12 5 1 0.48
12 5 2 0.67
12 5 3 0.74
12 5 4 0.85
12 5 5 0.67
12 5 6 0.64
12 5 7 0.81
12 5 8 0.86
12 5 9 0.63
12 5 10 0.56
12 5 11 0.47
12 6 0 0.77
12 6 1 0.46
12 6 2 0.66
12 6 3 0.78
12 6 4 0.87
12 6 5 0.66
12 6 6 0.66
12 6 7 0.89
12 6 8 0.87
12 6 9 0.68
12 6 10 0.56
12 6 11 0.49
12 7 0 0.72
12 7 1 0.46
12 7 2 0.69
12 7 3 0.72
12 7 4 0.88
12 7 5 0.63
12 7 6 0.68
12 7 7 0.83
12 7 8 0.89
12 7 9 0.68
12 7 10 0.56
12 7 11 0.47
12 8 0 0.73
12 8 1 0.47
12 8 2 0.67
12 8 3 0.74
12 8 4 0.87
12 8 5 0.67
12 8 6 0.66
12 8 7 0.86
12 8 8 0.87
12 8 9 0.64
12 8 10 0.54
12 8 11 0.47
12 9 0 0.73
12 9 1 0.47
12 9 2 0.63
12 9 3 0.72
12 9 4 0.87
12 9 5 0.70
12 9 6 0.64
12 9 7 0.87
12 9 8 0.88
12 9 9 0.68
12 9 10 0.60
12 9 11 0.49
12 10 0 0.74
12 10 1 0.50
12 10 2 0.64
12 10 3 0.80
12 10 4 0.85
12 10 5 0.69
12 10 6 0.66
12 10 7 0.86
12 10 8 0.88
12 10 9 0.69
12 10 10 0.60
12 10 11 0.46
12 11 0 0.76
12 11 1 0.47
12 11 2 0.67
12 11 3 0.80
12 11 4 0.88
12 11 5 0.65
12 11 6 0.69
12 11 7 0.82
12 11 8 0.82
12 11 9 0.67
12 11 10 0.60
12 11 11 0.50
