# i j vmax_ij_m_per_s; symmetric values generated with Uniform(0.7,0.95)*15.6
0 1 14.558110
0 2 12.928926
0 3 12.487457
0 4 13.139196
0 5 12.161692
0 6 14.318291
0 7 13.645209
0 8 14.784661
0 9 11.636753
0 10 12.315473
0 11 13.771833
0 12 12.320885
1 0 14.558110
1 2 14.321333
1 3 11.414989
1 4 11.613899
1 5 11.007684
1 6 14.589770
1 7 13.860888
1 8 11.918378
1 9 12.705664
1 10 10.963692
1 11 14.566906
1 12 14.025585
2 0 12.928926
2 1 14.321333
2 3 13.024375
2 4 11.710127
2 5 14.696623
2 6 13.305704
2 7 13.954250
2 8 12.259290
2 9 13.872492
2 10 13.061509
2 11 13.700588
2 12 14.116873
3 0 12.487457
3 1 11.414989
3 2 13.024375
3 4 13.129265
3 5 11.658194
3 6 11.676246
3 7 13.178290
3 8 13.228179
3 9 11.948649
3 10 11.322418
3 11 10.952304
3 12 14.801874
4 0 13.139196
4 1 11.613899
4 2 11.710127
4 3 13.129265
4 5 13.868008
4 6 14.035957
4 7 13.974962
4 8 12.991067
4 9 12.571206
4 10 14.164879
4 11 13.505891
4 12 14.436324
5 0 12.161692
5 1 11.007684
5 2 14.696623
5 3 11.658194
5 4 13.868008
5 6 12.512674
5 7 12.296915
5 8 11.862820
5 9 12.413878
5 10 13.476695
5 11 14.203350
5 12 11.299953
6 0 14.318291
6 1 14.589770
6 2 13.305704
6 3 11.676246
6 4 14.035957
6 5 12.512674
6 7 12.919740
6 8 11.995515
6 9 13.546716
6 10 14.469913
6 11 12.236435
6 12 11.946235
7 0 13.645209
7 1 13.860888
7 2 13.954250
7 3 13.178290
7 4 13.974962
7 5 12.296915
7 6 12.919740
7 8 13.335807
7 9 13.521037
7 10 14.120305
7 11 11.342975
7 12 13.811906
8 0 14.784661
8 1 11.918378
8 2 12.259290
8 3 13.228179
8 4 12.991067
8 5 11.862820
8 6 11.995515
8 7 13.335807
8 9 13.570193
8 10 14.636476
8 11 13.773360
8 12 14.157523
9 0 11.636753
9 1 12.705664
9 2 13.872492
9 3 11.948649
9 4 12.571206
9 5 12.413878
9 6 13.546716
9 7 13.521037
9 8 13.570193
9 10 11.421979
9 11 11.534320
9 12 11.260737
10 0 12.315473
10 1 10.963692
10 2 13.061509
10 3 11.322418
10 4 14.164879
10 5 13.476695
10 6 14.469913
10 7 14.120305
10 8 14.636476
10 9 11.421979
10 11 11.262436
10 12 12.467738
11 0 13.771833
11 1 14.566906
11 2 13.700588
11 3 10.952304
11 4 13.505891
11 5 14.203350
11 6 12.236435
11 7 11.342975
11 8 13.773360
11 9 11.534320
11 10 11.262436
11 12 13.343749
12 0 12.320885
12 1 14.025585
12 2 14.116873
12 3 14.801874
12 4 14.436324
12 5 11.299953
12 6 11.946235
12 7 13.811906
12 8 14.157523
12 9 11.260737
12 10 12.467738
12 11 13.343749
