# i j vmax_ij_m_per_s; symmetric values generated with Uniform(0.7,0.95)*15.6
0 1 12.110480
0 2 11.021109
0 3 11.114088
0 4 11.734509
0 5 13.538677
0 6 11.232324
0 7 14.220765
0 8 14.432991
0 9 14.403655
0 10 12.305499
0 11 12.953364
0 12 11.949023
1 0 12.110480
1 2 14.438883
1 3 10.929716
1 4 13.463139
1 5 14.189132
1 6 13.347030
1 7 11.939227
1 8 13.338125
1 9 13.842658
1 10 12.270993
1 11 14.570861
1 12 13.121567
2 0 11.021109
2 1 14.438883
2 3 13.385369
2 4 14.320083
2 5 14.001150
2 6 12.968262
2 7 12.646908
2 8 14.348251
2 9 12.887532
2 10 12.600765
2 11 12.794101
2 12 12.333676
3 0 11.114088
3 1 10.929716
3 2 13.385369
3 4 14.009625
3 5 11.201889
3 6 11.292717
3 7 13.000491
3 8 12.541607
3 9 12.678475
3 10 11.235642
3 11 14.306669
3 12 11.419390
4 0 11.734509
4 1 13.463139
4 2 14.320083
4 3 14.009625
4 5 11.608081
4 6 12.845585
4 7 12.766570
4 8 14.060552
4 9 13.444656
4 10 12.635610
4 11 11.989819
4 12 14.108070
5 0 13.538677
5 1 14.189132
5 2 14.001150
5 3 11.201889
5 4 11.608081
5 6 11.945603
5 7 14.456845
5 8 13.385492
5 9 11.096855
5 10 13.275849
5 11 14.496500
5 12 11.359552
6 0 11.232324
6 1 13.347030
6 2 12.968262
6 3 11.292717
6 4 12.845585
6 5 11.945603
6 7 13.360762
6 8 11.224290
6 9 12.161302
6 10 13.900008
6 11 12.268577
6 12 12.339637
7 0 14.220765
7 1 11.939227
7 2 12.646908
7 3 13.000491
7 4 12.766570
7 5 14.456845
7 6 13.360762
7 8 12.733299
7 9 13.086116
7 10 11.025427
7 11 13.547800
7 12 12.501039
8 0 14.432991
8 1 13.338125
8 2 14.348251
8 3 12.541607
8 4 14.060552
8 5 13.385492
8 6 11.224290
8 7 12.733299
8 9 14.346311
8 10 12.888530
8 11 12.745846
8 12 14.259494
9 0 14.403655
9 1 13.842658
9 2 12.887532
9 3 12.678475
9 4 13.444656
9 5 11.096855
9 6 12.161302
9 7 13.086116
9 8 14.346311
9 10 13.823839
9 11 14.338717
9 12 13.230973
10 0 12.305499
10 1 12.270993
10 2 12.600765
10 3 11.235642
10 4 12.635610
10 5 13.275849
10 6 13.900008
10 7 11.025427
10 8 12.888530
10 9 13.823839
10 11 13.358877
10 12 13.290677
11 0 12.953364
11 1 14.570861
11 2 12.794101
11 3 14.306669
11 4 11.989819
11 5 14.496500
11 6 12.268577
11 7 13.547800
11 8 12.745846
11 9 14.338717
11 10 13.358877
11 12 13.640802
12 0 11.949023
12 1 13.121567
12 2 12.333676
12 3 11.419390
12 4 14.108070
12 5 11.359552
12 6 12.339637
12 7 12.501039
12 8 14.259494
12 9 13.230973
12 10 13.290677
12 11 13.640802
