# i j vmax_ij_m_per_s; symmetric values generated with Uniform(0.7,0.95)*15.6
0 1 13.418506
0 2 12.592831
0 3 13.444832
0 4 14.216483
0 5 13.791583
0 6 13.573296
0 7 11.777895
0 8 13.133034
0 9 14.698907
0 10 12.338858
0 11 13.297087
0 12 13.395559
1 0 13.418506
1 2 13.184082
1 3 14.171166
1 4 12.276428
1 5 12.409627
1 6 13.826223
1 7 11.090027
1 8 12.322527
1 9 14.764177
1 10 12.780168
1 11 11.264072
1 12 11.778143
2 0 12.592831
2 1 13.184082
2 3 11.372313
2 4 11.494880
2 5 14.324817
2 6 14.237858
2 7 14.615256
2 8 14.193858
2 9 12.144822
2 10 14.017945
2 11 11.378365
2 12 12.399733
3 0 13.444832
3 1 14.171166
3 2 11.372313
3 4 11.453917
3 5 11.020164
3 6 12.175452
3 7 13.848666
3 8 12.408148
3 9 11.516333
3 10 13.074328
3 11 14.135010
3 12 14.049537
4 0 14.216483
4 1 12.276428
4 2 11.494880
4 3 11.453917
4 5 12.680961
4 6 12.881030
4 7 12.290428
4 8 12.384991
4 9 13.929634
4 10 12.825529
4 11 11.746513
4 12 14.506369
5 0 13.791583
5 1 12.409627
5 2 14.324817
5 3 11.020164
5 4 12.680961
5 6 14.098987
5 7 14.010090
5 8 12.318389
5 9 11.758245
5 10 13.293093
5 11 13.238561
5 12 11.137028
6 0 13.573296
6 1 13.826223
6 2 14.237858
6 3 12.175452
6 4 12.881030
6 5 14.098987
6 7 13.225358
6 8 12.427004
6 9 14.267747
6 10 11.176819
6 11 13.736051
6 12 11.033217
7 0 11.777895
7 1 11.090027
7 2 14.615256
7 3 13.848666
7 4 12.290428
7 5 14.010090
7 6 13.225358
7 8 13.208255
7 9 11.557262
7 10 14.351507
7 11 14.204784
7 12 11.919707
8 0 13.133034
8 1 12.322527
8 2 14.193858
8 3 12.408148
8 4 12.384991
8 5 12.318389
8 6 12.427004
8 7 13.208255
8 9 14.200073
8 10 12.805849
8 11 13.590901
8 12 14.545111
9 0 14.698907
9 1 14.764177
9 2 12.144822
9 3 11.516333
9 4 13.929634
9 5 11.758245
9 6 14.267747
9 7 11.557262
9 8 14.200073
9 10 14.266302
9 11 12.347921
9 12 12.492535
10 0 12.338858
10 1 12.780168
10 2 14.017945
10 3 13.074328
10 4 12.825529
10 5 13.293093
10 6 11.176819
10 7 14.351507
10 8 12.805849
10 9 14.266302
10 11 12.356515
10 12 12.281563
11 0 13.297087
11 1 11.264072
11 2 11.378365
11 3 14.135010
11 4 11.746513
11 5 13.238561
11 6 13.736051
11 7 14.204784
11 8 13.590901
11 9 12.347921
11 10 12.356515
11 12 13.951044
12 0 13.395559
12 1 11.778143
12 2 12.399733
12 3 14.049537
12 4 14.506369
12 5 11.137028
12 6 11.033217
12 7 11.919707
12 8 14.545111
12 9 12.492535
12 10 12.281563
12 11 13.951044
