# i j vmax_ij_m_per_s; symmetric values generated with Uniform(0.7,0.95)*15.6
0 1 14.093454
0 2 12.542372
0 3 12.739461
0 4 14.546906
0 5 13.499926
0 6 12.649647
0 7 13.560522
0 8 14.171956
0 9 13.590172
0 10 11.674501
0 11 13.749848
0 12 10.932206
1 0 14.093454
1 2 13.834551
1 3 12.033082
1 4 14.381594
1 5 14.763775
1 6 14.139100
1 7 13.770629
1 8 11.637160
1 9 11.089350
1 10 14.787814
1 11 12.582262
1 12 11.322100
2 0 12.542372
2 1 13.834551
2 3 11.702796
2 4 11.063833
2 5 14.088550
2 6 14.476285
2 7 13.614587
2 8 11.380646
2 9 13.703818
2 10 13.174237
2 11 13.300429
2 12 12.831365
3 0 12.739461
3 1 12.033082
3 2 11.702796
3 4 11.602499
3 5 11.929318
3 6 14.056807
3 7 13.350380
3 8 10.953878
3 9 13.567148
3 10 11.101559
3 11 13.274810
3 12 11.096623
4 0 14.546906
4 1 14.381594
4 2 11.063833
4 3 11.602499
4 5 12.741398
4 6 12.748351
4 7 11.563806
4 8 11.000237
4 9 12.516055
4 10 13.205052
4 11 12.075148
4 12 12.532457
5 0 13.499926
5 1 14.763775
5 2 14.088550
5 3 11.929318
5 4 12.741398
5 6 12.118659
5 7 13.104528
5 8 13.252137
5 9 12.513248
5 10 13.395755
5 11 13.595721
5 12 14.754028
6 0 12.649647
6 1 14.139100
6 2 14.476285
6 3 14.056807
6 4 12.748351
6 5 12.118659
6 7 12.655227
6 8 12.254662
6 9 11.401247
6 10 11.286847
6 11 14.447525
6 12 11.029142
7 0 13.560522
7 1 13.770629
7 2 13.614587
7 3 13.350380
7 4 11.563806
7 5 13.104528
7 6 12.655227
7 8 11.281153
7 9 13.913878
7 10 12.638621
7 11 14.429150
7 12 12.625432
8 0 14.171956
8 1 11.637160
8 2 11.380646
8 3 10.953878
8 4 11.000237
8 5 13.252137
8 6 12.254662
8 7 11.281153
8 9 14.269996
8 10 12.008057
8 11 13.590365
8 12 12.715648
9 0 13.590172
9 1 11.089350
9 2 13.703818
9 3 13.567148
9 4 12.516055
9 5 12.513248
9 6 11.401247
9 7 13.913878
9 8 14.269996
9 10 13.225272
9 11 14.394704
9 12 11.390322
10 0 11.674501
10 1 14.787814
10 2 13.174237
10 3 11.101559
10 4 13.205052
10 5 13.395755
10 6 11.286847
10 7 12.638621
10 8 12.008057
10 9 13.225272
10 11 12.318355
10 12 13.544340
11 0 13.749848
11 1 12.582262
11 2 13.300429
11 3 13.274810
11 4 12.075148
11 5 13.595721
11 6 14.447525
11 7 14.429150
11 8 13.590365
11 9 14.394704
11 10 12.318355
11 12 11.323141
12 0 10.932206
12 1 11.322100
12 2 12.831365
12 3 11.096623
12 4 12.532457
12 5 14.754028
12 6 11.029142
12 7 12.625432
12 8 12.715648
12 9 11.390322
12 10 13.544340
12 11 11.323141
