# i j vmax_ij_m_per_s; symmetric values generated with Uniform(0.7,0.95)*15.6
0 1 12.205535
0 2 13.765215
0 3 12.061343
0 4 14.779569
0 5 11.814661
0 6 14.474823
0 7 11.855270
0 8 11.351717
0 9 12.002204
0 10 12.524849
0 11 13.851976
0 12 12.703460
1 0 12.205535
1 2 13.582777
1 3 13.124249
1 4 11.150330
1 5 14.228653
1 6 13.371120
1 7 11.029785
1 8 12.121558
1 9 11.031160
1 10 11.419049
1 11 12.483752
1 12 12.254769
2 0 13.765215
2 1 13.582777
2 3 11.889993
2 4 12.226096
2 5 12.959486
2 6 12.630165
2 7 10.942288
2 8 11.661582
2 9 11.131141
2 10 12.142410
2 11 14.458885
2 12 11.895907
3 0 12.061343
3 1 13.124249
3 2 11.889993
3 4 12.105637
3 5 12.057734
3 6 12.243559
3 7 14.535252
3 8 14.428645
3 9 11.155864
3 10 12.260822
3 11 14.589534
3 12 13.887492
4 0 14.779569
4 1 11.150330
4 2 12.226096
4 3 12.105637
4 5 12.641742
4 6 11.768501
4 7 13.618802
4 8 11.197815
4 9 14.069441
4 10 12.159142
4 11 12.991854
4 12 11.683700
5 0 11.814661
5 1 14.228653
5 2 12.959486
5 3 12.057734
5 4 12.641742
5 6 12.284449
5 7 12.428954
5 8 14.240965
5 9 12.822122
5 10 14.324594
5 11 12.693161
5 12 14.020312
6 0 14.474823
6 1 13.371120
6 2 12.630165
6 3 12.243559
6 4 11.768501
6 5 12.284449
6 7 12.545298
6 8 11.876335
6 9 11.042191
6 10 12.104745
6 11 12.056944
6 12 14.026810
7 0 11.855270
7 1 11.029785
7 2 10.942288
7 3 14.535252
7 4 13.618802
7 5 12.428954
7 6 12.545298
7 8 13.418852
7 9 13.283811
7 10 13.758684
7 11 11.644033
7 12 12.768038
8 0 11.351717
8 1 12.121558
8 2 11.661582
8 3 14.428645
8 4 11.197815
8 5 14.240965
8 6 11.876335
8 7 13.418852
8 9 11.205710
8 10 11.596677
8 11 12.938027
8 12 11.300110
9 0 12.002204
9 1 11.031160
9 2 11.131141
9 3 11.155864
9 4 14.069441
9 5 12.822122
9 6 11.042191
9 7 13.283811
9 8 11.205710
9 10 13.234427
9 11 14.645447
9 12 13.514917
10 0 12.524849
10 1 11.419049
10 2 12.142410
10 3 12.260822
10 4 12.159142
10 5 14.324594
10 6 12.104745
10 7 13.758684
10 8 11.596677
10 9 13.234427
10 11 13.963609
10 12 11.363601
11 0 13.851976
11 1 12.483752
11 2 14.458885
11 3 14.589534
11 4 12.991854
11 5 12.693161
11 6 12.056944
11 7 11.644033
11 8 12.938027
11 9 14.645447
11 10 13.963609
11 12 12.218977
12 0 12.703460
12 1 12.254769
12 2 11.895907
12 3 13.887492
12 4 11.683700
12 5 14.020312
12 6 14.026810
12 7 12.768038
12 8 11.300110
12 9 13.514917
12 10 11.363601
12 11 12.218977
