# i j vmax_ij_m_per_s; symmetric values generated with Uniform(0.7,0.95)*15.6
0 1 12.846058
0 2 11.783742
0 3 11.277144
0 4 11.256552
0 5 14.770148
0 6 12.222757
0 7 12.447589
0 8 12.743650
0 9 13.316184
0 10 13.235576
0 11 12.060447
0 12 11.437480
1 0 12.846058
1 2 13.259907
1 3 14.773692
1 4 12.936111
1 5 11.692932
1 6 10.977232
1 7 11.255232
1 8 11.157592
1 9 12.525932
1 10 13.549307
1 11 11.687278
1 12 13.301303
2 0 11.783742
2 1 13.259907
2 3 11.820488
2 4 12.133431
2 5 13.597493
2 6 11.523409
2 7 12.650679
2 8 12.488087
2 9 12.665275
2 10 12.257160
2 11 12.918849
2 12 12.954065
3 0 11.277144
3 1 14.773692
3 2 11.820488
3 4 13.094648
3 5 12.222693
3 6 12.003586
3 7 14.267257
3 8 11.206054
3 9 14.707911
3 10 10.955595
3 11 11.178810
3 12 12.248691
4 0 11.256552
4 1 12.936111
4 2 12.133431
4 3 13.094648
4 5 11.890551
4 6 11.515740
4 7 11.473579
4 8 12.624011
4 9 13.068751
4 10 11.441887
4 11 11.063717
4 12 13.962920
5 0 14.770148
5 1 11.692932
5 2 13.597493
5 3 12.222693
5 4 11.890551
5 6 13.263654
5 7 12.496545
5 8 12.415311
5 9 11.183682
5 10 14.737875
5 11 13.666373
5 12 12.360504
6 0 12.222757
6 1 10.977232
6 2 11.523409
6 3 12.003586
6 4 11.515740
6 5 13.263654
6 7 12.899111
6 8 14.477471
6 9 14.444279
6 10 14.344985
6 11 12.849037
6 12 14.143135
7 0 12.447589
7 1 11.255232
7 2 12.650679
7 3 14.267257
7 4 11.473579
7 5 12.496545
7 6 12.899111
7 8 13.629843
7 9 12.646614
7 10 12.363545
7 11 14.456430
7 12 14.448167
8 0 12.743650
8 1 11.157592
8 2 12.488087
8 3 11.206054
8 4 12.624011
8 5 12.415311
8 6 14.477471
8 7 13.629843
8 9 13.904221
8 10 13.365589
8 11 14.326192
8 12 12.585823
9 0 13.316184
9 1 12.525932
9 2 12.665275
9 3 14.707911
9 4 13.068751
9 5 11.183682
9 6 14.444279
9 7 12.646614
9 8 13.904221
9 10 12.239560
9 11 13.102073
9 12 11.615558
10 0 13.235576
10 1 13.549307
10 2 12.257160
10 3 10.955595
10 4 11.441887
10 5 14.737875
10 6 14.344985
10 7 12.363545
10 8 13.365589
10 9 12.239560
10 11 14.757400
10 12 12.323416
11 0 12.060447
11 1 11.687278
11 2 12.918849
11 3 11.178810
11 4 11.063717
11 5 13.666373
11 6 12.849037
11 7 14.456430
11 8 14.326192
11 9 13.102073
11 10 14.757400
11 12 13.205177
12 0 11.437480
12 1 13.301303
12 2 12.954065
12 3 12.248691
12 4 13.962920
12 5 12.360504
12 6 14.143135
12 7 14.448167
12 8 12.585823
12 9 11.615558
12 10 12.323416
12 11 13.205177
