# i j vmax_ij_m_per_s; symmetric values generated with Uniform(0.7,0.95)*15.6
0 1 14.170001
0 2 14.085634
0 3 12.281931
0 4 14.070322
0 5 11.567155
0 6 11.901076
0 7 13.644213
0 8 12.704496
0 9 13.939618
0 10 12.806926
0 11 13.481094
0 12 14.383148
1 0 14.170001
1 2 11.972133
1 3 14.536866
1 4 13.217180
1 5 14.198999
1 6 11.422150
1 7 13.911270
1 8 14.099516
1 9 11.572273
1 10 14.333675
1 11 12.283670
1 12 13.597696
2 0 14.085634
2 1 11.972133
2 3 14.702584
2 4 13.452840
2 5 11.823402
2 6 11.643316
2 7 11.324978
2 8 11.001028
2 9 11.069470
2 10 12.193672
2 11 11.288859
2 12 13.793690
3 0 12.281931
3 1 14.536866
3 2 14.702584
3 4 11.763247
3 5 13.894400
3 6 13.795562
3 7 11.267114
3 8 14.804709
3 9 12.522366
3 10 11.933355
3 11 13.326938
3 12 13.091245
4 0 14.070322
4 1 13.217180
4 2 13.452840
4 3 11.763247
4 5 11.309774
4 6 13.420667
4 7 14.324364
4 8 14.815197
4 9 13.867629
4 10 12.718345
4 11 13.013713
4 12 13.854104
5 0 11.567155
5 1 14.198999
5 2 11.823402
5 3 13.894400
5 4 11.309774
5 6 11.813724
5 7 11.226018
5 8 11.575456
5 9 11.200498
5 10 14.066337
5 11 12.529593
5 12 13.029424
6 0 11.901076
6 1 11.422150
6 2 11.643316
6 3 13.795562
6 4 13.420667
6 5 11.813724
6 7 13.464434
6 8 14.139918
6 9 14.480284
6 10 12.527743
6 11 14.774450
6 12 12.295907
7 0 13.644213
7 1 13.911270
7 2 11.324978
7 3 11.267114
7 4 14.324364
7 5 11.226018
7 6 13.464434
7 8 12.593617
7 9 13.348248
7 10 12.168647
7 11 11.292024
7 12 11.922253
8 0 12.704496
8 1 14.099516
8 2 11.001028
8 3 14.804709
8 4 14.815197
8 5 11.575456
8 6 14.139918
8 7 12.593617
8 9 12.572700
8 10 11.260240
8 11 12.505336
8 12 12.113335
9 0 13.939618
9 1 11.572273
9 2 11.069470
9 3 12.522366
9 4 13.867629
9 5 11.200498
9 6 14.480284
9 7 13.348248
9 8 12.572700
9 10 14.192346
9 11 13.783957
9 12 14.191537
10 0 12.806926
10 1 14.333675
10 2 12.193672
10 3 11.933355
10 4 12.718345
10 5 14.066337
10 6 12.527743
10 7 12.168647
10 8 11.260240
10 9 14.192346
10 11 14.477801
10 12 12.708608
11 0 13.481094
11 1 12.283670
11 2 11.288859
11 3 13.326938
11 4 13.013713
11 5 12.529593
11 6 14.774450
11 7 11.292024
11 8 12.505336
11 9 13.783957
11 10 14.477801
11 12 13.421206
12 0 14.383148
12 1 13.597696
12 2 13.793690
12 3 13.091245
12 4 13.854104
12 5 13.029424
12 6 12.295907
12 7 11.922253
12 8 12.113335
12 9 14.191537
12 10 12.708608
12 11 13.421206
