# i j vmax_ij_m_per_s; symmetric values generated with Uniform(0.7,0.95)*15.6
0 1 12.844036
0 2 13.590217
0 3 13.513288
0 4 13.952296
0 5 11.771665
0 6 12.413186
0 7 14.348638
0 8 13.508746
0 9 13.457676
0 10 13.577645
0 11 13.624732
0 12 13.232795
1 0 12.844036
1 2 12.316533
1 3 12.857398
1 4 14.207972
1 5 13.455952
1 6 13.445154
1 7 11.938565
1 8 11.469735
1 9 13.533917
1 10 12.597474
1 11 11.935107
1 12 12.249045
2 0 13.590217
2 1 12.316533
2 3 11.947923
2 4 11.462140
2 5 13.826366
2 6 14.393599
2 7 12.618995
2 8 11.127667
2 9 12.518927
2 10 11.137070
2 11 12.212046
2 12 13.596091
3 0 13.513288
3 1 12.857398
3 2 11.947923
3 4 14.497804
3 5 12.695583
3 6 13.242899
3 7 11.116085
3 8 11.360400
3 9 11.240415
3 10 12.696574
3 11 11.754116
3 12 12.407758
4 0 13.952296
4 1 14.207972
4 2 11.462140
4 3 14.497804
4 5 13.314942
4 6 14.174858
4 7 14.787333
4 8 14.431586
4 9 14.623122
4 10 14.291053
4 11 11.301677
4 12 11.366183
5 0 11.771665
5 1 13.455952
5 2 13.826366
5 3 12.695583
5 4 13.314942
5 6 12.981554
5 7 13.219084
5 8 11.944262
5 9 12.567674
5 10 12.073000
5 11 11.338997
5 12 14.537131
6 0 12.413186
6 1 13.445154
6 2 14.393599
6 3 13.242899
6 4 14.174858
6 5 12.981554
6 7 11.864333
6 8 14.533319
6 9 13.880797
6 10 14.661701
6 11 11.142107
6 12 12.442530
7 0 14.348638
7 1 11.938565
7 2 12.618995
7 3 11.116085
7 4 14.787333
7 5 13.219084
7 6 11.864333
7 8 12.006470
7 9 11.513932
7 10 14.189164
7 11 14.712422
7 12 11.637812
8 0 13.508746
8 1 11.469735
8 2 11.127667
8 3 11.360400
8 4 14.431586
8 5 11.944262
8 6 14.533319
8 7 12.006470
8 9 13.881033
8 10 11.994838
8 11 11.056202
8 12 11.532693
9 0 13.457676
9 1 13.533917
9 2 12.518927
9 3 11.240415
9 4 14.623122
9 5 12.567674
9 6 13.880797
9 7 11.513932
9 8 13.881033
9 10 12.683519
9 11 14.448413
9 12 14.019418
10 0 13.577645
10 1 12.597474
10 2 11.137070
10 3 12.696574
10 4 14.291053
10 5 12.073000
10 6 14.661701
10 7 14.189164
10 8 11.994838
10 9 12.683519
10 11 12.026245
10 12 11.884613
11 0 13.624732
11 1 11.935107
11 2 12.212046
11 3 11.754116
11 4 11.301677
11 5 11.338997
11 6 11.142107
11 7 14.712422
11 8 11.056202
11 9 14.448413
11 10 12.026245
11 12 12.867246
12 0 13.232795
12 1 12.249045
12 2 13.596091
12 3 12.407758
12 4 11.366183
12 5 14.537131
12 6 12.442530
12 7 11.637812
12 8 11.532693
12 9 14.019418
12 10 11.884613
12 11 12.867246
