# i j vmax_ij_m_per_s; symmetric values generated with Uniform(0.7,0.95)*15.6
0 1 14.544250
0 2 14.362977
0 3 14.749014
0 4 14.467549
0 5 11.884908
0 6 12.352131
0 7 12.438627
0 8 13.357374
0 9 14.190271
0 10 11.047529
0 11 11.791606
0 12 12.233362
1 0 14.544250
1 2 13.862768
1 3 12.453764
1 4 14.817058
1 5 14.081356
1 6 12.885285
1 7 13.394040
1 8 11.215306
1 9 14.799543
1 10 11.209659
1 11 12.439857
1 12 14.643847
2 0 14.362977
2 1 13.862768
2 3 12.733338
2 4 11.182828
2 5 12.641250
2 6 12.956917
2 7 13.584500
2 8 11.587021
2 9 11.597509
2 10 11.896346
2 11 11.196033
2 12 13.984148
3 0 14.749014
3 1 12.453764
3 2 12.733338
3 4 11.120272
3 5 12.580313
3 6 13.429627
3 7 13.494879
3 8 13.736352
3 9 12.109449
3 10 12.222539
3 11 13.079134
3 12 11.559225
4 0 14.467549
4 1 14.817058
4 2 11.182828
4 3 11.120272
4 5 12.852228
4 6 11.099182
4 7 11.006479
4 8 11.152056
4 9 13.347294
4 10 12.891876
4 11 14.526325
4 12 12.952973
5 0 11.884908
5 1 14.081356
5 2 12.641250
5 3 12.580313
5 4 12.852228
5 6 10.928504
5 7 12.649937
5 8 14.696178
5 9 13.448633
5 10 14.803313
5 11 13.919859
5 12 13.625314
6 0 12.352131
6 1 12.885285
6 2 12.956917
6 3 13.429627
6 4 11.099182
6 5 10.928504
6 7 14.527490
6 8 14.176626
6 9 11.438078
6 10 11.930763
6 11 12.585875
6 12 13.656630
7 0 12.438627
7 1 13.394040
7 2 13.584500
7 3 13.494879
7 4 11.006479
7 5 12.649937
7 6 14.527490
7 8 13.076806
7 9 13.256137
7 10 13.518204
7 11 12.442270
7 12 11.591959
8 0 13.357374
8 1 11.215306
8 2 11.587021
8 3 13.736352
8 4 11.152056
8 5 14.696178
8 6 14.176626
8 7 13.076806
8 9 14.520491
8 10 13.464700
8 11 13.817489
8 12 12.882818
9 0 14.190271
9 1 14.799543
9 2 11.597509
9 3 12.109449
9 4 13.347294
9 5 13.448633
9 6 11.438078
9 7 13.256137
9 8 14.520491
9 10 13.167029
9 11 12.174908
9 12 13.616296
10 0 11.047529
10 1 11.209659
10 2 11.896346
10 3 12.222539
10 4 12.891876
10 5 14.803313
10 6 11.930763
10 7 13.518204
10 8 13.464700
10 9 13.167029
10 11 12.591681
10 12 12.807029
11 0 11.791606
11 1 12.439857
11 2 11.196033
11 3 13.079134
11 4 14.526325
11 5 13.919859
11 6 12.585875
11 7 12.442270
11 8 13.817489
11 9 12.174908
11 10 12.591681
11 12 12.513826
12 0 12.233362
12 1 14.643847
12 2 13.984148
12 3 11.559225
12 4 12.952973
12 5 13.625314
12 6 13.656630
12 7 11.591959
12 8 12.882818
12 9 13.616296
12 10 12.807029
12 11 12.513826
