# i j vmax_ij_m_per_s; symmetric values generated with Uniform(0.7,0.95)*15.6
0 1 12.312659
0 2 13.477257
0 3 14.553094
0 4 14.621715
0 5 12.996298
0 6 12.353351
0 7 12.178162
0 8 11.745235
0 9 13.216493
0 10 12.774974
0 11 13.718021
0 12 12.398487
0 13 11.634316
0 14 11.501600
0 15 11.078226
0 16 13.988370
0 17 13.451048
0 18 11.503962
0 19 14.024863
0 20 11.257287
1 0 12.312659
1 2 12.739220
1 3 11.158592
1 4 12.795669
1 5 11.882688
1 6 13.630824
1 7 12.004148
1 8 13.771021
1 9 14.565656
1 10 14.759110
1 11 13.866465
1 12 13.572185
1 13 13.349489
1 14 11.955734
1 15 14.673393
1 16 11.439106
1 17 12.354081
1 18 13.310385
1 19 14.337707
1 20 13.178413
2 0 13.477257
2 1 12.739220
2 3 14.334067
2 4 11.169570
2 5 11.769831
2 6 13.252304
2 7 14.450274
2 8 11.416837
2 9 14.797401
2 10 14.446111
2 11 13.755248
2 12 14.684225
2 13 14.450853
2 14 13.151179
2 15 11.588213
2 16 13.593380
2 17 11.225322
2 18 14.025517
2 19 12.366789
2 20 13.861218
3 0 14.553094
3 1 11.158592
3 2 14.334067
3 4 12.036292
3 5 13.364092
3 6 12.185683
3 7 11.729382
3 8 12.722067
3 9 10.977483
3 10 14.803570
3 11 13.325059
3 12 13.044753
3 13 11.398027
3 14 13.536496
3 15 12.854944
3 16 11.335005
3 17 12.863694
3 18 14.034516
3 19 11.530614
3 20 11.577588
4 0 14.621715
4 1 12.795669
4 2 11.169570
4 3 12.036292
4 5 11.481746
4 6 12.008265
4 7 11.599954
4 8 13.920236
4 9 14.294291
4 10 12.091796
4 11 13.690370
4 12 11.216508
4 13 13.313147
4 14 12.987203
4 15 12.211319
4 16 13.903569
4 17 11.640409
4 18 12.113188
4 19 13.609900
4 20 12.248155
5 0 12.996298
5 1 11.882688
5 2 11.769831
5 3 13.364092
5 4 11.481746
5 6 13.286480
5 7 11.498058
5 8 14.206938
5 9 14.413987
5 10 12.260353
5 11 12.176724
5 12 12.527691
5 13 11.994642
5 14 11.832509
5 15 13.937758
5 16 14.302533
5 17 12.281081
5 18 11.116766
5 19 14.418707
5 20 12.336384
6 0 12.353351
6 1 13.630824
6 2 13.252304
6 3 12.185683
6 4 12.008265
6 5 13.286480
6 7 11.950165
6 8 12.015747
6 9 13.922424
6 10 13.873022
6 11 11.322665
6 12 11.373944
6 13 12.520023
6 14 12.156405
6 15 14.439438
6 16 13.600707
6 17 12.778048
6 18 13.859615
6 19 14.496045
6 20 13.834526
7 0 12.178162
7 1 12.004148
7 2 14.450274
7 3 11.729382
7 4 11.599954
7 5 11.498058
7 6 11.950165
7 8 13.286842
7 9 14.186561
7 10 13.203617
7 11 13.300947
7 12 13.353627
7 13 14.263339
7 14 12.350499
7 15 12.435108
7 16 13.988059
7 17 11.388880
7 18 12.171170
7 19 12.215529
7 20 13.484390
8 0 11.745235
8 1 13.771021
8 2 11.416837
8 3 12.722067
8 4 13.920236
8 5 14.206938
8 6 12.015747
8 7 13.286842
8 9 13.254394
8 10 14.785856
8 11 12.884730
8 12 14.694961
8 13 14.748709
8 14 14.736925
8 15 14.163023
8 16 12.917232
8 17 14.110828
8 18 12.130776
8 19 12.531561
8 20 13.193867
9 0 13.216493
9 1 14.565656
9 2 14.797401
9 3 10.977483
9 4 14.294291
9 5 14.413987
9 6 13.922424
9 7 14.186561
9 8 13.254394
9 10 12.074754
9 11 12.922789
9 12 13.075985
9 13 10.922560
9 14 14.578096
9 15 14.414485
9 16 11.402109
9 17 13.844292
9 18 12.411471
9 19 13.657468
9 20 13.556629
10 0 12.774974
10 1 14.759110
10 2 14.446111
10 3 14.803570
10 4 12.091796
10 5 12.260353
10 6 13.873022
10 7 13.203617
10 8 14.785856
10 9 12.074754
10 11 13.372334
10 12 11.796967
10 13 14.646006
10 14 12.083721
10 15 11.726872
10 16 11.111959
10 17 11.308386
10 18 13.934284
10 19 11.938610
10 20 13.867271
11 0 13.718021
11 1 13.866465
11 2 13.755248
11 3 13.325059
11 4 13.690370
11 5 12.176724
11 6 11.322665
11 7 13.300947
11 8 12.884730
11 9 12.922789
11 10 13.372334
11 12 12.894365
11 13 11.568394
11 14 13.128299
11 15 11.101007
11 16 11.177669
11 17 12.170498
11 18 14.109537
11 19 13.021489
11 20 14.784155
12 0 12.398487
12 1 13.572185
12 2 14.684225
12 3 13.044753
12 4 11.216508
12 5 12.527691
12 6 11.373944
12 7 13.353627
12 8 14.694961
12 9 13.075985
12 10 11.796967
12 11 12.894365
12 13 14.363918
12 14 10.985124
12 15 11.766205
12 16 13.740582
12 17 13.750109
12 18 14.677570
12 19 11.258193
12 20 11.025299
13 0 11.634316
13 1 13.349489
13 2 14.450853
13 3 11.398027
13 4 13.313147
13 5 11.994642
13 6 12.520023
13 7 14.263339
13 8 14.748709
13 9 10.922560
13 10 14.646006
13 11 11.568394
13 12 14.363918
13 14 12.358176
13 15 12.777944
13 16 12.450579
13 17 12.996379
13 18 12.520239
13 19 12.088235
13 20 12.593913
14 0 11.501600
14 1 11.955734
14 2 13.151179
14 3 13.536496
14 4 12.987203
14 5 11.832509
14 6 12.156405
14 7 12.350499
14 8 14.736925
14 9 14.578096
14 10 12.083721
14 11 13.128299
14 12 10.985124
14 13 12.358176
14 15 11.273772
14 16 13.389566
14 17 12.282608
14 18 13.562566
14 19 14.515848
14 20 13.722145
15 0 11.078226
15 1 14.673393
15 2 11.588213
15 3 12.854944
15 4 12.211319
15 5 13.937758
15 6 14.439438
15 7 12.435108
15 8 14.163023
15 9 14.414485
15 10 11.726872
15 11 11.101007
15 12 11.766205
15 13 12.777944
15 14 11.273772
15 16 13.162994
15 17 12.330937
15 18 14.196278
15 19 11.514092
15 20 12.105766
16 0 13.988370
16 1 11.439106
16 2 13.593380
16 3 11.335005
16 4 13.903569
16 5 14.302533
16 6 13.600707
16 7 13.988059
16 8 12.917232
16 9 11.402109
16 10 11.111959
16 11 11.177669
16 12 13.740582
16 13 12.450579
16 14 13.389566
16 15 13.162994
16 17 11.726783
16 18 13.483030
16 19 14.047544
16 20 14.464115
17 0 13.451048
17 1 12.354081
17 2 11.225322
17 3 12.863694
17 4 11.640409
17 5 12.281081
17 6 12.778048
17 7 11.388880
17 8 14.110828
17 9 13.844292
17 10 11.308386
17 11 12.170498
17 12 13.750109
17 13 12.996379
17 14 12.282608
17 15 12.330937
17 16 11.726783
17 18 12.311266
17 19 14.117335
17 20 14.125030
18 0 11.503962
18 1 13.310385
18 2 14.025517
18 3 14.034516
18 4 12.113188
18 5 11.116766
18 6 13.859615
18 7 12.171170
18 8 12.130776
18 9 12.411471
18 10 13.934284
18 11 14.109537
18 12 14.677570
18 13 12.520239
18 14 13.562566
18 15 14.196278
18 16 13.483030
18 17 12.311266
18 19 11.478846
18 20 12.071079
19 0 14.024863
19 1 14.337707
19 2 12.366789
19 3 11.530614
19 4 13.609900
19 5 14.418707
19 6 14.496045
19 7 12.215529
19 8 12.531561
19 9 13.657468
19 10 11.938610
19 11 13.021489
19 12 11.258193
19 13 12.088235
19 14 14.515848
19 15 11.514092
19 16 14.047544
19 17 14.117335
19 18 11.478846
19 20 11.161219
20 0 11.257287
20 1 13.178413
20 2 13.861218
20 3 11.577588
20 4 12.248155
20 5 12.336384
20 6 13.834526
20 7 13.484390
20 8 13.193867
20 9 13.556629
20 10 13.867271
20 11 14.784155
20 12 11.025299
20 13 12.593913
20 14 13.722145
20 15 12.105766
20 16 14.464115
20 17 14.125030
20 18 12.071079
20 19 11.161219
