# i j vmax_ij_m_per_s; symmetric values generated with Uniform(0.7,0.95)*15.6
0 1 12.503759
0 2 14.810671
0 3 13.518510
0 4 12.530755
0 5 13.512209
0 6 10.957926
0 7 14.155173
0 8 13.468095
0 9 13.061003
0 10 13.804723
0 11 13.973064
0 12 12.735969
0 13 11.805676
0 14 11.124928
0 15 12.788260
0 16 14.038648
0 17 11.530922
0 18 12.337228
0 19 13.271114
0 20 11.383344
1 0 12.503759
1 2 14.250190
1 3 12.968419
1 4 13.714904
1 5 11.727404
1 6 11.965417
1 7 14.178565
1 8 12.683687
1 9 11.855323
1 10 13.163501
1 11 14.619933
1 12 10.995764
1 13 13.233812
1 14 11.338544
1 15 12.147474
1 16 14.344344
1 17 12.677007
1 18 11.574314
1 19 14.149370
1 20 13.274637
2 0 14.810671
2 1 14.250190
2 3 14.242719
2 4 12.920378
2 5 14.797675
2 6 11.456681
2 7 12.799753
2 8 12.727741
2 9 12.914753
2 10 14.447094
2 11 13.740468
2 12 14.186649
2 13 14.794348
2 14 12.620700
2 15 12.736416
2 16 14.799024
2 17 12.820176
2 18 11.198262
2 19 12.748119
2 20 14.626087
3 0 13.518510
3 1 12.968419
3 2 14.242719
3 4 13.872758
3 5 12.733596
3 6 14.654760
3 7 14.629518
3 8 13.638124
3 9 11.263531
3 10 13.262916
3 11 10.938516
3 12 11.703707
3 13 11.048058
3 14 12.596635
3 15 14.696878
3 16 11.251706
3 17 12.067975
3 18 11.249310
3 19 11.030623
3 20 14.050100
4 0 12.530755
4 1 13.714904
4 2 12.920378
4 3 13.872758
4 5 13.328430
4 6 12.283923
4 7 12.848178
4 8 12.371172
4 9 12.224132
4 10 11.532641
4 11 12.052437
4 12 14.629908
4 13 11.202349
4 14 13.960677
4 15 14.673743
4 16 12.894040
4 17 12.546572
4 18 11.665631
4 19 11.740156
4 20 13.778221
5 0 13.512209
5 1 11.727404
5 2 14.797675
5 3 12.733596
5 4 13.328430
5 6 13.882430
5 7 11.235208
5 8 14.106667
5 9 14.810317
5 10 14.080897
5 11 11.216555
5 12 11.438227
5 13 11.068624
5 14 11.141405
5 15 13.581984
5 16 12.938437
5 17 11.350950
5 18 13.662969
5 19 14.528530
5 20 13.659505
6 0 10.957926
6 1 11.965417
6 2 11.456681
6 3 14.654760
6 4 12.283923
6 5 13.882430
6 7 13.410497
6 8 13.256376
6 9 14.275279
6 10 12.587887
6 11 12.706927
6 12 13.259036
6 13 13.571798
6 14 14.311567
6 15 13.754072
6 16 13.937484
6 17 11.709248
6 18 11.162879
6 19 10.953821
6 20 11.850676
7 0 14.155173
7 1 14.178565
7 2 12.799753
7 3 14.629518
7 4 12.848178
7 5 11.235208
7 6 13.410497
7 8 13.909713
7 9 14.232636
7 10 13.751316
7 11 12.008535
7 12 14.786879
7 13 11.410786
7 14 13.994840
7 15 12.639751
7 16 12.946849
7 17 12.756786
7 18 12.716003
7 19 13.436254
7 20 13.778201
8 0 13.468095
8 1 12.683687
8 2 12.727741
8 3 13.638124
8 4 12.371172
8 5 14.106667
8 6 13.256376
8 7 13.909713
8 9 12.060616
8 10 11.526068
8 11 12.771257
8 12 11.681124
8 13 11.118930
8 14 12.051172
8 15 14.422798
8 16 11.921837
8 17 11.988170
8 18 11.897693
8 19 12.199473
8 20 13.471369
9 0 13.061003
9 1 11.855323
9 2 12.914753
9 3 11.263531
9 4 12.224132
9 5 14.810317
9 6 14.275279
9 7 14.232636
9 8 12.060616
9 10 14.520981
9 11 13.268847
9 12 14.173046
9 13 11.237435
9 14 11.442261
9 15 11.703878
9 16 13.799220
9 17 13.688552
9 18 13.228233
9 19 14.098971
9 20 12.302630
10 0 13.804723
10 1 13.163501
10 2 14.447094
10 3 13.262916
10 4 11.532641
10 5 14.080897
10 6 12.587887
10 7 13.751316
10 8 11.526068
10 9 14.520981
10 11 12.166621
10 12 12.090390
10 13 11.329736
10 14 12.189556
10 15 14.789763
10 16 13.249909
10 17 12.537520
10 18 13.401630
10 19 14.375110
10 20 14.276161
11 0 13.973064
11 1 14.619933
11 2 13.740468
11 3 10.938516
11 4 12.052437
11 5 11.216555
11 6 12.706927
11 7 12.008535
11 8 12.771257
11 9 13.268847
11 10 12.166621
11 12 12.983704
11 13 11.350821
11 14 10.993484
11 15 11.951550
11 16 13.261190
11 17 14.132080
11 18 14.297152
11 19 14.050432
11 20 12.059252
12 0 12.735969
12 1 10.995764
12 2 14.186649
12 3 11.703707
12 4 14.629908
12 5 11.438227
12 6 13.259036
12 7 14.786879
12 8 11.681124
12 9 14.173046
12 10 12.090390
12 11 12.983704
12 13 12.085185
12 14 14.697458
12 15 13.229376
12 16 13.191867
12 17 13.279666
12 18 14.328796
12 19 12.437998
12 20 12.575881
13 0 11.805676
13 1 13.233812
13 2 14.794348
13 3 11.048058
13 4 11.202349
13 5 11.068624
13 6 13.571798
13 7 11.410786
13 8 11.118930
13 9 11.237435
13 10 11.329736
13 11 11.350821
13 12 12.085185
13 14 12.904778
13 15 14.092073
13 16 11.901742
13 17 14.382143
13 18 11.504043
13 19 12.040282
13 20 11.274319
14 0 11.124928
14 1 11.338544
14 2 12.620700
14 3 12.596635
14 4 13.960677
14 5 11.141405
14 6 14.311567
14 7 13.994840
14 8 12.051172
14 9 11.442261
14 10 12.189556
14 11 10.993484
14 12 14.697458
14 13 12.904778
14 15 11.607447
14 16 12.805975
14 17 14.146282
14 18 12.140674
14 19 12.418461
14 20 13.389717
15 0 12.788260
15 1 12.147474
15 2 12.736416
15 3 14.696878
15 4 14.673743
15 5 13.581984
15 6 13.754072
15 7 12.639751
15 8 14.422798
15 9 11.703878
15 10 14.789763
15 11 11.951550
15 12 13.229376
15 13 14.092073
15 14 11.607447
15 16 12.056737
15 17 11.136995
15 18 13.657293
15 19 13.023873
15 20 11.205832
16 0 14.038648
16 1 14.344344
16 2 14.799024
16 3 11.251706
16 4 12.894040
16 5 12.938437
16 6 13.937484
16 7 12.946849
16 8 11.921837
16 9 13.799220
16 10 13.249909
16 11 13.261190
16 12 13.191867
16 13 11.901742
16 14 12.805975
16 15 12.056737
16 17 12.685373
16 18 11.231479
16 19 13.807480
16 20 11.589465
17 0 11.530922
17 1 12.677007
17 2 12.820176
17 3 12.067975
17 4 12.546572
17 5 11.350950
17 6 11.709248
17 7 12.756786
17 8 11.988170
17 9 13.688552
17 10 12.537520
17 11 14.132080
17 12 13.279666
17 13 14.382143
17 14 14.146282
17 15 11.136995
17 16 12.685373
17 18 13.584530
17 19 13.833711
17 20 14.279508
18 0 12.337228
18 1 11.574314
18 2 11.198262
18 3 11.249310
18 4 11.665631
18 5 13.662969
18 6 11.162879
18 7 12.716003
18 8 11.897693
18 9 13.228233
18 10 13.401630
18 11 14.297152
18 12 14.328796
18 13 11.504043
18 14 12.140674
18 15 13.657293
18 16 11.231479
18 17 13.584530
18 19 12.177295
18 20 11.490684
19 0 13.271114
19 1 14.149370
19 2 12.748119
19 3 11.030623
19 4 11.740156
19 5 14.528530
19 6 10.953821
19 7 13.436254
19 8 12.199473
19 9 14.098971
19 10 14.375110
19 11 14.050432
19 12 12.437998
19 13 12.040282
19 14 12.418461
19 15 13.023873
19 16 13.807480
19 17 13.833711
19 18 12.177295
19 20 12.433081
20 0 11.383344
20 1 13.274637
20 2 14.626087
20 3 14.050100
20 4 13.778221
20 5 13.659505
20 6 11.850676
20 7 13.778201
20 8 13.471369
20 9 12.302630
20 10 14.276161
20 11 12.059252
20 12 12.575881
20 13 11.274319
20 14 13.389717
20 15 11.205832
20 16 11.589465
20 17 14.279508
20 18 11.490684
20 19 12.433081
