# i j vmax_ij_m_per_s; symmetric values generated with Uniform(0.7,0.95)*15.6
0 1 13.540609
0 2 13.389455
0 3 12.131472
0 4 13.636585
0 5 14.641816
0 6 12.672998
0 7 13.334142
0 8 11.645984
0 9 14.606162
0 10 12.104119
0 11 14.093307
0 12 13.315667
0 13 12.530223
0 14 11.398952
0 15 12.970133
0 16 13.701199
0 17 12.093366
0 18 12.335367
0 19 12.416959
0 20 12.086649
1 0 13.540609
1 2 13.511078
1 3 11.228125
1 4 11.724037
1 5 11.318606
1 6 13.610581
1 7 14.498687
1 8 12.286163
1 9 12.147457
1 10 12.000608
1 11 14.812460
1 12 12.043043
1 13 13.378991
1 14 11.199904
1 15 12.355962
1 16 13.738126
1 17 12.810167
1 18 13.631661
1 19 10.942777
1 20 12.214075
2 0 13.389455
2 1 13.511078
2 3 13.590954
2 4 12.450842
2 5 11.265349
2 6 14.437040
2 7 10.994359
2 8 13.685286
2 9 12.657584
2 10 12.354297
2 11 11.832187
2 12 12.430232
2 13 11.283669
2 14 11.661754
2 15 12.793203
2 16 11.166764
2 17 13.297465
2 18 11.661203
2 19 14.170295
2 20 13.744201
3 0 12.131472
3 1 11.228125
3 2 13.590954
3 4 13.839463
3 5 13.480074
3 6 12.731397
3 7 11.298581
3 8 12.740899
3 9 11.301517
3 10 13.145566
3 11 13.125853
3 12 13.540967
3 13 12.488342
3 14 11.670564
3 15 12.463053
3 16 11.018606
3 17 13.079392
3 18 12.371411
3 19 13.692891
3 20 13.348024
4 0 13.636585
4 1 11.724037
4 2 12.450842
4 3 13.839463
4 5 12.888593
4 6 10.960558
4 7 11.471731
4 8 14.400452
4 9 14.137920
4 10 11.065867
4 11 12.319868
4 12 14.166784
4 13 13.732380
4 14 12.389008
4 15 12.020517
4 16 11.643216
4 17 11.354142
4 18 12.588888
4 19 12.770385
4 20 14.459651
5 0 14.641816
5 1 11.318606
5 2 11.265349
5 3 13.480074
5 4 12.888593
5 6 13.765025
5 7 12.831309
5 8 12.714852
5 9 13.262836
5 10 13.609498
5 11 12.690123
5 12 12.587478
5 13 14.661553
5 14 11.657581
5 15 11.043766
5 16 13.866877
5 17 11.913239
5 18 12.550373
5 19 12.675790
5 20 14.750893
6 0 12.672998
6 1 13.610581
6 2 14.437040
6 3 12.731397
6 4 10.960558
6 5 13.765025
6 7 14.505824
6 8 11.992604
6 9 14.123428
6 10 13.583698
6 11 13.604303
6 12 14.310703
6 13 13.843312
6 14 11.083174
6 15 11.749035
6 16 11.846693
6 17 11.580865
6 18 11.226373
6 19 12.036134
6 20 13.928096
7 0 13.334142
7 1 14.498687
7 2 10.994359
7 3 11.298581
7 4 11.471731
7 5 12.831309
7 6 14.505824
7 8 13.798984
7 9 11.072875
7 10 14.287601
7 11 11.120538
7 12 13.129637
7 13 14.385282
7 14 13.249161
7 15 11.905695
7 16 14.476717
7 17 10.924128
7 18 12.391008
7 19 12.608164
7 20 13.812732
8 0 11.645984
8 1 12.286163
8 2 13.685286
8 3 12.740899
8 4 14.400452
8 5 12.714852
8 6 11.992604
8 7 13.798984
8 9 11.094957
8 10 12.880811
8 11 12.278590
8 12 11.841686
8 13 13.848565
8 14 13.094387
8 15 11.768588
8 16 12.270445
8 17 11.694378
8 18 12.737118
8 19 11.830253
8 20 11.230757
9 0 14.606162
9 1 12.147457
9 2 12.657584
9 3 11.301517
9 4 14.137920
9 5 13.262836
9 6 14.123428
9 7 11.072875
9 8 11.094957
9 10 13.768683
9 11 13.145843
9 12 11.326465
9 13 12.125481
9 14 12.924695
9 15 14.249129
9 16 13.103152
9 17 13.151446
9 18 11.913780
9 19 12.373699
9 20 11.267587
10 0 12.104119
10 1 12.000608
10 2 12.354297
10 3 13.145566
10 4 11.065867
10 5 13.609498
10 6 13.583698
10 7 14.287601
10 8 12.880811
10 9 13.768683
10 11 12.304493
10 12 13.094850
10 13 11.948378
10 14 11.958413
10 15 12.683234
10 16 12.366044
10 17 14.211660
10 18 11.619148
10 19 10.998914
10 20 14.280544
11 0 14.093307
11 1 14.812460
11 2 11.832187
11 3 13.125853
11 4 12.319868
11 5 12.690123
11 6 13.604303
11 7 11.120538
11 8 12.278590
11 9 13.145843
11 10 12.304493
11 12 13.796126
11 13 13.936069
11 14 14.711785
11 15 12.999804
11 16 13.371681
11 17 11.939130
11 18 13.751223
11 19 11.094373
11 20 13.354933
12 0 13.315667
12 1 12.043043
12 2 12.430232
12 3 13.540967
12 4 14.166784
12 5 12.587478
12 6 14.310703
12 7 13.129637
12 8 11.841686
12 9 11.326465
12 10 13.094850
12 11 13.796126
12 13 11.131073
12 14 12.652599
12 15 12.382095
12 16 13.098569
12 17 14.403006
12 18 12.657080
12 19 11.684971
12 20 12.295422
13 0 12.530223
13 1 13.378991
13 2 11.283669
13 3 12.488342
13 4 13.732380
13 5 14.661553
13 6 13.843312
13 7 14.385282
13 8 13.848565
13 9 12.125481
13 10 11.948378
13 11 13.936069
13 12 11.131073
13 14 14.151877
13 15 14.243419
13 16 11.467085
13 17 13.624918
13 18 11.856384
13 19 11.559994
13 20 12.046708
14 0 11.398952
14 1 11.199904
14 2 11.661754
14 3 11.670564
14 4 12.389008
14 5 11.657581
14 6 11.083174
14 7 13.249161
14 8 13.094387
14 9 12.924695
14 10 11.958413
14 11 14.711785
14 12 12.652599
14 13 14.151877
14 15 14.804878
14 16 14.199279
14 17 13.136169
14 18 12.950429
14 19 14.540607
14 20 11.547801
15 0 12.970133
15 1 12.355962
15 2 12.793203
15 3 12.463053
15 4 12.020517
15 5 11.043766
15 6 11.749035
15 7 11.905695
15 8 11.768588
15 9 14.249129
15 10 12.683234
15 11 12.999804
15 12 12.382095
15 13 14.243419
15 14 14.804878
15 16 14.240940
15 17 11.639810
15 18 12.622182
15 19 14.342783
15 20 12.995181
16 0 13.701199
16 1 13.738126
16 2 11.166764
16 3 11.018606
16 4 11.643216
16 5 13.866877
16 6 11.846693
16 7 14.476717
16 8 12.270445
16 9 13.103152
16 10 12.366044
16 11 13.371681
16 12 13.098569
16 13 11.467085
16 14 14.199279
16 15 14.240940
16 17 14.723184
16 18 14.818521
16 19 14.546562
16 20 11.489460
17 0 12.093366
17 1 12.810167
17 2 13.297465
17 3 13.079392
17 4 11.354142
17 5 11.913239
17 6 11.580865
17 7 10.924128
17 8 11.694378
17 9 13.151446
17 10 14.211660
17 11 11.939130
17 12 14.403006
17 13 13.624918
17 14 13.136169
17 15 11.639810
17 16 14.723184
17 18 13.358970
17 19 12.948457
17 20 14.189046
18 0 12.335367
18 1 13.631661
18 2 11.661203
18 3 12.371411
18 4 12.588888
18 5 12.550373
18 6 11.226373
18 7 12.391008
18 8 12.737118
18 9 11.913780
18 10 11.619148
18 11 13.751223
18 12 12.657080
18 13 11.856384
18 14 12.950429
18 15 12.622182
18 16 14.818521
18 17 13.358970
18 19 11.544851
18 20 13.990995
19 0 12.416959
19 1 10.942777
19 2 14.170295
19 3 13.692891
19 4 12.770385
19 5 12.675790
19 6 12.036134
19 7 12.608164
19 8 11.830253
19 9 12.373699
19 10 10.998914
19 11 11.094373
19 12 11.684971
19 13 11.559994
19 14 14.540607
19 15 14.342783
19 16 14.546562
19 17 12.948457
19 18 11.544851
19 20 11.658143
20 0 12.086649
20 1 12.214075
20 2 13.744201
20 3 13.348024
20 4 14.459651
20 5 14.750893
20 6 13.928096
20 7 13.812732
20 8 11.230757
20 9 11.267587
20 10 14.280544
20 11 13.354933
20 12 12.295422
20 13 12.046708
20 14 11.547801
20 15 12.995181
20 16 11.489460
20 17 14.189046
20 18 13.990995
20 19 11.658143
