# i j vmax_ij_m_per_s; symmetric values generated with Uniform(0.7,0.95)*15.6
0 1 11.232279
0 2 13.778735
0 3 14.401574
0 4 11.087335
0 5 14.217903
0 6 14.360286
0 7 13.822044
0 8 13.564204
0 9 12.651452
0 10 14.526926
0 11 11.370850
0 12 14.253022
0 13 13.116933
0 14 11.207662
0 15 12.642208
0 16 11.243497
0 17 11.205442
0 18 11.547647
0 19 12.941833
0 20 11.949227
1 0 11.232279
1 2 13.454527
1 3 11.928963
1 4 13.762140
1 5 11.708629
1 6 13.867113
1 7 11.044716
1 8 11.950022
1 9 13.144691
1 10 11.624574
1 11 11.150804
1 12 11.091707
1 13 12.275441
1 14 11.029008
1 15 13.080270
1 16 13.131476
1 17 11.204833
1 18 12.292502
1 19 12.688592
1 20 11.244458
2 0 13.778735
2 1 13.454527
2 3 11.513945
2 4 11.696996
2 5 11.944118
2 6 11.471264
2 7 14.566805
2 8 12.012772
2 9 11.456671
2 10 14.724528
2 11 14.393324
2 12 14.502730
2 13 13.191517
2 14 12.563977
2 15 14.181195
2 16 10.986266
2 17 12.092958
2 18 12.550260
2 19 12.908912
2 20 14.544595
3 0 14.401574
3 1 11.928963
3 2 11.513945
3 4 13.773133
3 5 11.184034
3 6 11.778083
3 7 11.490625
3 8 11.041574
3 9 12.478924
3 10 13.366603
3 11 13.622612
3 12 13.575917
3 13 12.392283
3 14 14.319759
3 15 14.683276
3 16 14.769807
3 17 13.085445
3 18 12.229612
3 19 14.584473
3 20 11.121842
4 0 11.087335
4 1 13.762140
4 2 11.696996
4 3 13.773133
4 5 13.047456
4 6 14.511350
4 7 13.656913
4 8 12.009074
4 9 13.806715
4 10 13.566584
4 11 13.302047
4 12 13.517998
4 13 11.996076
4 14 11.476741
4 15 11.616394
4 16 12.638223
4 17 12.890346
4 18 11.983327
4 19 12.312694
4 20 13.420582
5 0 14.217903
5 1 11.708629
5 2 11.944118
5 3 11.184034
5 4 13.047456
5 6 11.823026
5 7 12.735851
5 8 12.530348
5 9 12.753280
5 10 12.214833
5 11 11.151232
5 12 11.969026
5 13 13.189732
5 14 11.443801
5 15 11.228563
5 16 12.180439
5 17 11.227908
5 18 13.078346
5 19 13.217609
5 20 13.257033
6 0 14.360286
6 1 13.867113
6 2 11.471264
6 3 11.778083
6 4 14.511350
6 5 11.823026
6 7 13.226226
6 8 13.450718
6 9 12.457654
6 10 11.915676
6 11 13.712659
6 12 14.628763
6 13 13.846515
6 14 14.759862
6 15 14.499832
6 16 12.492977
6 17 12.796761
6 18 11.617257
6 19 11.036379
6 20 12.978905
7 0 13.822044
7 1 11.044716
7 2 14.566805
7 3 11.490625
7 4 13.656913
7 5 12.735851
7 6 13.226226
7 8 13.016881
7 9 12.851899
7 10 11.470346
7 11 11.198022
7 12 14.783409
7 13 11.997375
7 14 14.086476
7 15 11.860963
7 16 12.926786
7 17 11.475073
7 18 11.583110
7 19 14.391122
7 20 13.917427
8 0 13.564204
8 1 11.950022
8 2 12.012772
8 3 11.041574
8 4 12.009074
8 5 12.530348
8 6 13.450718
8 7 13.016881
8 9 13.548327
8 10 12.973012
8 11 13.593051
8 12 13.423246
8 13 14.648182
8 14 13.218084
8 15 14.185989
8 16 11.742245
8 17 12.555047
8 18 11.067878
8 19 12.203423
8 20 12.599190
9 0 12.651452
9 1 13.144691
9 2 11.456671
9 3 12.478924
9 4 13.806715
9 5 12.753280
9 6 12.457654
9 7 12.851899
9 8 13.548327
9 10 13.345063
9 11 14.733609
9 12 14.017935
9 13 11.950707
9 14 13.061652
9 15 14.181488
9 16 13.162287
9 17 13.913293
9 18 12.804472
9 19 11.358094
9 20 11.450667
10 0 14.526926
10 1 11.624574
10 2 14.724528
10 3 13.366603
10 4 13.566584
10 5 12.214833
10 6 11.915676
10 7 11.470346
10 8 12.973012
10 9 13.345063
10 11 11.335528
10 12 13.032717
10 13 14.527846
10 14 11.782379
10 15 14.687640
10 16 14.633956
10 17 11.765367
10 18 14.293557
10 19 12.520391
10 20 12.608418
11 0 11.370850
11 1 11.150804
11 2 14.393324
11 3 13.622612
11 4 13.302047
11 5 11.151232
11 6 13.712659
11 7 11.198022
11 8 13.593051
11 9 14.733609
11 10 11.335528
11 12 12.600229
11 13 11.284302
11 14 11.888127
11 15 14.433626
11 16 14.138778
11 17 12.781872
11 18 12.879530
11 19 14.490845
11 20 13.942175
12 0 14.253022
12 1 11.091707
12 2 14.502730
12 3 13.575917
12 4 13.517998
12 5 11.969026
12 6 14.628763
12 7 14.783409
12 8 13.423246
12 9 14.017935
12 10 13.032717
12 11 12.600229
12 13 14.026070
12 14 13.631455
12 15 13.671292
12 16 12.815168
12 17 13.701262
12 18 14.592241
12 19 12.972111
12 20 14.154721
13 0 13.116933
13 1 12.275441
13 2 13.191517
13 3 12.392283
13 4 11.996076
13 5 13.189732
13 6 13.846515
13 7 11.997375
13 8 14.648182
13 9 11.950707
13 10 14.527846
13 11 11.284302
13 12 14.026070
13 14 13.611591
13 15 13.847752
13 16 14.590201
13 17 13.572467
13 18 14.305166
13 19 14.538751
13 20 11.265980
14 0 11.207662
14 1 11.029008
14 2 12.563977
14 3 14.319759
14 4 11.476741
14 5 11.443801
14 6 14.759862
14 7 14.086476
14 8 13.218084
14 9 13.061652
14 10 11.782379
14 11 11.888127
14 12 13.631455
14 13 13.611591
14 15 12.028267
14 16 12.526919
14 17 14.639105
14 18 11.982303
14 19 13.572893
14 20 11.143452
15 0 12.642208
15 1 13.080270
15 2 14.181195
15 3 14.683276
15 4 11.616394
15 5 11.228563
15 6 14.499832
15 7 11.860963
15 8 14.185989
15 9 14.181488
15 10 14.687640
15 11 14.433626
15 12 13.671292
15 13 13.847752
15 14 12.028267
15 16 14.652710
15 17 14.613658
15 18 13.098130
15 19 12.211510
15 20 14.456266
16 0 11.243497
16 1 13.131476
16 2 10.986266
16 3 14.769807
16 4 12.638223
16 5 12.180439
16 6 12.492977
16 7 12.926786
16 8 11.742245
16 9 13.162287
16 10 14.633956
16 11 14.138778
16 12 12.815168
16 13 14.590201
16 14 12.526919
16 15 14.652710
16 17 11.576524
16 18 11.946973
16 19 12.676248
16 20 11.126256
17 0 11.205442
17 1 11.204833
17 2 12.092958
17 3 13.085445
17 4 12.890346
17 5 11.227908
17 6 12.796761
17 7 11.475073
17 8 12.555047
17 9 13.913293
17 10 11.765367
17 11 12.781872
17 12 13.701262
17 13 13.572467
17 14 14.639105
17 15 14.613658
17 16 11.576524
17 18 11.422818
17 19 11.664037
17 20 12.691824
18 0 11.547647
18 1 12.292502
18 2 12.550260
18 3 12.229612
18 4 11.983327
18 5 13.078346
18 6 11.617257
18 7 11.583110
18 8 11.067878
18 9 12.804472
18 10 14.293557
18 11 12.879530
18 12 14.592241
18 13 14.305166
18 14 11.982303
18 15 13.098130
18 16 11.946973
18 17 11.422818
18 19 12.965364
18 20 12.674013
19 0 12.941833
19 1 12.688592
19 2 12.908912
19 3 14.584473
19 4 12.312694
19 5 13.217609
19 6 11.036379
19 7 14.391122
19 8 12.203423
19 9 11.358094
19 10 12.520391
19 11 14.490845
19 12 12.972111
19 13 14.538751
19 14 13.572893
19 15 12.211510
19 16 12.676248
19 17 11.664037
19 18 12.965364
19 20 14.314908
20 0 11.949227
20 1 11.244458
20 2 14.544595
20 3 11.121842
20 4 13.420582
20 5 13.257033
20 6 12.978905
20 7 13.917427
20 8 12.599190
20 9 11.450667
20 10 12.608418
20 11 13.942175
20 12 14.154721
20 13 11.265980
20 14 11.143452
20 15 14.456266
20 16 11.126256
20 17 12.691824
20 18 12.674013
20 19 14.314908
