# i j vmax_ij_m_per_s; symmetric values generated with Uniform(0.7,0.95)*15.6
0 1 12.851352
0 2 14.331458
0 3 13.341733
0 4 13.182165
0 5 13.944487
0 6 14.444915
0 7 12.312764
0 8 11.752727
0 9 13.878517
0 10 11.621413
0 11 13.854244
0 12 11.745951
0 13 14.489162
0 14 12.030493
0 15 12.575864
0 16 11.530493
0 17 11.390144
0 18 11.675434
0 19 11.952188
0 20 11.150998
1 0 12.851352
1 2 11.742885
1 3 12.731987
1 4 11.680931
1 5 12.891492
1 6 12.292314
1 7 14.363044
1 8 11.274419
1 9 11.669921
1 10 14.381880
1 11 13.672863
1 12 12.730288
1 13 14.506262
1 14 12.632807
1 15 14.227969
1 16 13.987962
1 17 11.023215
1 18 12.498605
1 19 12.627655
1 20 11.885418
2 0 14.331458
2 1 11.742885
2 3 14.018234
2 4 14.148177
2 5 14.596100
2 6 13.164644
2 7 11.825462
2 8 12.746209
2 9 12.523265
2 10 11.210159
2 11 13.718624
2 12 14.470860
2 13 13.385382
2 14 13.936456
2 15 14.491196
2 16 11.590888
2 17 11.786526
2 18 14.418285
2 19 12.577306
2 20 14.048665
3 0 13.341733
3 1 12.731987
3 2 14.018234
3 4 12.408365
3 5 13.074116
3 6 14.517738
3 7 14.466902
3 8 11.287313
3 9 12.210136
3 10 11.269265
3 11 12.147542
3 12 11.635232
3 13 14.332228
3 14 14.134019
3 15 14.697678
3 16 11.981124
3 17 14.695196
3 18 11.359737
3 19 14.479438
3 20 13.217875
4 0 13.182165
4 1 11.680931
4 2 14.148177
4 3 12.408365
4 5 12.156166
4 6 12.834239
4 7 12.550794
4 8 11.695437
4 9 12.516333
4 10 13.062118
4 11 12.260267
4 12 12.936480
4 13 12.784256
4 14 11.372215
4 15 11.990143
4 16 12.084287
4 17 12.802945
4 18 11.704519
4 19 12.071696
4 20 12.304961
5 0 13.944487
5 1 12.891492
5 2 14.596100
5 3 13.074116
5 4 12.156166
5 6 14.276138
5 7 12.119462
5 8 13.871531
5 9 13.178806
5 10 13.573210
5 11 11.395374
5 12 12.263247
5 13 13.475207
5 14 11.563698
5 15 12.817576
5 16 11.228867
5 17 13.984405
5 18 14.604489
5 19 11.434176
5 20 12.678078
6 0 14.444915
6 1 12.292314
6 2 13.164644
6 3 14.517738
6 4 12.834239
6 5 14.276138
6 7 13.472328
6 8 13.183934
6 9 11.978587
6 10 11.347937
6 11 13.393758
6 12 14.097510
6 13 11.205787
6 14 12.434008
6 15 11.657374
6 16 12.852580
6 17 14.433055
6 18 13.388978
6 19 12.285426
6 20 13.345064
7 0 12.312764
7 1 14.363044
7 2 11.825462
7 3 14.466902
7 4 12.550794
7 5 12.119462
7 6 13.472328
7 8 13.261359
7 9 14.498401
7 10 14.777534
7 11 13.857708
7 12 14.507488
7 13 11.760206
7 14 13.647622
7 15 14.477906
7 16 14.276921
7 17 11.987498
7 18 13.206231
7 19 14.743437
7 20 11.370294
8 0 11.752727
8 1 11.274419
8 2 12.746209
8 3 11.287313
8 4 11.695437
8 5 13.871531
8 6 13.183934
8 7 13.261359
8 9 11.174420
8 10 12.596905
8 11 14.012353
8 12 13.227320
8 13 13.372791
8 14 13.215426
8 15 11.796032
8 16 12.990626
8 17 13.396575
8 18 13.350505
8 19 11.584582
8 20 12.431758
9 0 13.878517
9 1 11.669921
9 2 12.523265
9 3 12.210136
9 4 12.516333
9 5 13.178806
9 6 11.978587
9 7 14.498401
9 8 11.174420
9 10 11.804818
9 11 13.151000
9 12 14.640943
9 13 14.703315
9 14 14.488703
9 15 13.582996
9 16 14.012652
9 17 14.019143
9 18 12.114312
9 19 11.109584
9 20 12.999856
10 0 11.621413
10 1 14.381880
10 2 11.210159
10 3 11.269265
10 4 13.062118
10 5 13.573210
10 6 11.347937
10 7 14.777534
10 8 12.596905
10 9 11.804818
10 11 12.417323
10 12 13.666505
10 13 12.099757
10 14 11.650243
10 15 12.729058
10 16 12.460719
10 17 14.754072
10 18 13.277952
10 19 14.692775
10 20 11.006928
11 0 13.854244
11 1 13.672863
11 2 13.718624
11 3 12.147542
11 4 12.260267
11 5 11.395374
11 6 13.393758
11 7 13.857708
11 8 14.012353
11 9 13.151000
11 10 12.417323
11 12 14.160966
11 13 12.921470
11 14 13.990694
11 15 11.530166
11 16 11.451654
11 17 14.242539
11 18 12.161942
11 19 12.971144
11 20 11.229563
12 0 11.745951
12 1 12.730288
12 2 14.470860
12 3 11.635232
12 4 12.936480
12 5 12.263247
12 6 14.097510
12 7 14.507488
12 8 13.227320
12 9 14.640943
12 10 13.666505
12 11 14.160966
12 13 14.190605
12 14 12.403300
12 15 14.586555
12 16 11.760823
12 17 11.279203
12 18 11.023517
12 19 14.358814
12 20 13.397004
13 0 14.489162
13 1 14.506262
13 2 13.385382
13 3 14.332228
13 4 12.784256
13 5 13.475207
13 6 11.205787
13 7 11.760206
13 8 13.372791
13 9 14.703315
13 10 12.099757
13 11 12.921470
13 12 14.190605
13 14 13.021338
13 15 10.924722
13 16 11.857908
13 17 13.286196
13 18 12.050539
13 19 13.588432
13 20 13.801110
14 0 12.030493
14 1 12.632807
14 2 13.936456
14 3 14.134019
14 4 11.372215
14 5 11.563698
14 6 12.434008
14 7 13.647622
14 8 13.215426
14 9 14.488703
14 10 11.650243
14 11 13.990694
14 12 12.403300
14 13 13.021338
14 15 13.523402
14 16 12.125447
14 17 14.818470
14 18 11.929935
14 19 11.456315
14 20 10.947080
15 0 12.575864
15 1 14.227969
15 2 14.491196
15 3 14.697678
15 4 11.990143
15 5 12.817576
15 6 11.657374
15 7 14.477906
15 8 11.796032
15 9 13.582996
15 10 12.729058
15 11 11.530166
15 12 14.586555
15 13 10.924722
15 14 13.523402
15 16 13.498767
15 17 11.692191
15 18 11.614476
15 19 13.939379
15 20 11.638969
16 0 11.530493
16 1 13.987962
16 2 11.590888
16 3 11.981124
16 4 12.084287
16 5 11.228867
16 6 12.852580
16 7 14.276921
16 8 12.990626
16 9 14.012652
16 10 12.460719
16 11 11.451654
16 12 11.760823
16 13 11.857908
16 14 12.125447
16 15 13.498767
16 17 10.927648
16 18 12.416983
16 19 14.609679
16 20 14.790029
17 0 11.390144
17 1 11.023215
17 2 11.786526
17 3 14.695196
17 4 12.802945
17 5 13.984405
17 6 14.433055
17 7 11.987498
17 8 13.396575
17 9 14.019143
17 10 14.754072
17 11 14.242539
17 12 11.279203
17 13 13.286196
17 14 14.818470
17 15 11.692191
17 16 10.927648
17 18 11.845594
17 19 12.791284
17 20 14.168645
18 0 11.675434
18 1 12.498605
18 2 14.418285
18 3 11.359737
18 4 11.704519
18 5 14.604489
18 6 13.388978
18 7 13.206231
18 8 13.350505
18 9 12.114312
18 10 13.277952
18 11 12.161942
18 12 11.023517
18 13 12.050539
18 14 11.929935
18 15 11.614476
18 16 12.416983
18 17 11.845594
18 19 14.214365
18 20 11.871952
19 0 11.952188
19 1 12.627655
19 2 12.577306
19 3 14.479438
19 4 12.071696
19 5 11.434176
19 6 12.285426
19 7 14.743437
19 8 11.584582
19 9 11.109584
19 10 14.692775
19 11 12.971144
19 12 14.358814
19 13 13.588432
19 14 11.456315
19 15 13.939379
19 16 14.609679
19 17 12.791284
19 18 14.214365
19 20 11.503238
20 0 11.150998
20 1 11.885418
20 2 14.048665
20 3 13.217875
20 4 12.304961
20 5 12.678078
20 6 13.345064
20 7 11.370294
20 8 12.431758
20 9 12.999856
20 10 11.006928
20 11 11.229563
20 12 13.397004
20 13 13.801110
20 14 10.947080
20 15 11.638969
20 16 14.790029
20 17 14.168645
20 18 11.871952
20 19 11.503238
