# i j vmax_ij_m_per_s; symmetric values generated with Uniform(0.7,0.95)*15.6
0 1 12.398536
0 2 11.767506
0 3 13.432408
0 4 14.381092
0 5 12.485799
0 6 13.505743
0 7 11.537821
0 8 14.212504
0 9 13.474706
0 10 13.764232
0 11 14.615143
0 12 11.217453
0 13 14.687189
0 14 14.440063
0 15 14.186743
0 16 14.602971
0 17 12.243501
0 18 11.177977
0 19 11.487361
0 20 13.923210
1 0 12.398536
1 2 14.796827
1 3 14.351989
1 4 11.981672
1 5 14.432092
1 6 14.488741
1 7 13.274363
1 8 13.495784
1 9 13.263425
1 10 14.600144
1 11 12.681664
1 12 11.031493
1 13 14.022702
1 14 11.207302
1 15 13.727608
1 16 11.279879
1 17 10.974692
1 18 13.895617
1 19 13.510328
1 20 13.040700
2 0 11.767506
2 1 14.796827
2 3 12.586618
2 4 12.142271
2 5 12.241775
2 6 14.741566
2 7 13.499022
2 8 11.376525
2 9 12.976954
2 10 11.580458
2 11 12.779664
2 12 13.213853
2 13 13.760736
2 14 11.482737
2 15 13.498324
2 16 14.065551
2 17 14.656239
2 18 12.738342
2 19 12.397081
2 20 13.126678
3 0 13.432408
3 1 14.351989
3 2 12.586618
3 4 13.874436
3 5 14.759537
3 6 11.734671
3 7 11.059397
3 8 12.777744
3 9 13.764850
3 10 11.374505
3 11 12.381844
3 12 12.287158
3 13 11.078439
3 14 10.973161
3 15 13.928905
3 16 14.176802
3 17 11.844709
3 18 13.750209
3 19 10.968191
3 20 12.886682
4 0 14.381092
4 1 11.981672
4 2 12.142271
4 3 13.874436
4 5 11.616569
4 6 11.694989
4 7 11.234935
4 8 12.214304
4 9 13.618205
4 10 13.629044
4 11 14.250759
4 12 12.476216
4 13 14.679859
4 14 12.745568
4 15 11.338909
4 16 13.555565
4 17 13.040195
4 18 11.891011
4 19 11.868694
4 20 13.257388
5 0 12.485799
5 1 14.432092
5 2 12.241775
5 3 14.759537
5 4 11.616569
5 6 13.777900
5 7 11.080686
5 8 12.467049
5 9 14.268990
5 10 11.832272
5 11 11.830799
5 12 10.945078
5 13 14.340311
5 14 12.831238
5 15 14.181828
5 16 14.550562
5 17 12.271541
5 18 11.944172
5 19 14.281584
5 20 11.893539
6 0 13.505743
6 1 14.488741
6 2 14.741566
6 3 11.734671
6 4 11.694989
6 5 13.777900
6 7 11.979081
6 8 13.383929
6 9 13.384451
6 10 14.755890
6 11 12.553841
6 12 12.315180
6 13 12.400280
6 14 14.252818
6 15 14.149070
6 16 14.638617
6 17 13.366691
6 18 10.994953
6 19 14.481090
6 20 12.867083
7 0 11.537821
7 1 13.274363
7 2 13.499022
7 3 11.059397
7 4 11.234935
7 5 11.080686
7 6 11.979081
7 8 13.168120
7 9 14.380570
7 10 10.936160
7 11 13.700176
7 12 14.268232
7 13 13.038809
7 14 13.079563
7 15 11.034450
7 16 12.507336
7 17 11.076996
7 18 12.192684
7 19 11.059041
7 20 14.077630
8 0 14.212504
8 1 13.495784
8 2 11.376525
8 3 12.777744
8 4 12.214304
8 5 12.467049
8 6 13.383929
8 7 13.168120
8 9 12.810399
8 10 11.405526
8 11 13.076962
8 12 11.994278
8 13 11.470873
8 14 12.753707
8 15 12.986922
8 16 12.167077
8 17 13.596640
8 18 12.730490
8 19 11.318099
8 20 13.719471
9 0 13.474706
9 1 13.263425
9 2 12.976954
9 3 13.764850
9 4 13.618205
9 5 14.268990
9 6 13.384451
9 7 14.380570
9 8 12.810399
9 10 13.408177
9 11 11.307864
9 12 13.659051
9 13 14.318503
9 14 12.024936
9 15 13.231232
9 16 12.922676
9 17 11.881244
9 18 13.072504
9 19 14.293254
9 20 13.419958
10 0 13.764232
10 1 14.600144
10 2 11.580458
10 3 11.374505
10 4 13.629044
10 5 11.832272
10 6 14.755890
10 7 10.936160
10 8 11.405526
10 9 13.408177
10 11 14.020897
10 12 12.609507
10 13 11.951947
10 14 14.200377
10 15 13.243613
10 16 12.807767
10 17 14.642624
10 18 11.830426
10 19 12.764147
10 20 13.703442
11 0 14.615143
11 1 12.681664
11 2 12.779664
11 3 12.381844
11 4 14.250759
11 5 11.830799
11 6 12.553841
11 7 13.700176
11 8 13.076962
11 9 11.307864
11 10 14.020897
11 12 11.655087
11 13 14.482020
11 14 11.868175
11 15 11.802183
11 16 11.655246
11 17 12.722897
11 18 14.211284
11 19 11.568713
11 20 11.745315
12 0 11.217453
12 1 11.031493
12 2 13.213853
12 3 12.287158
12 4 12.476216
12 5 10.945078
12 6 12.315180
12 7 14.268232
12 8 11.994278
12 9 13.659051
12 10 12.609507
12 11 11.655087
12 13 11.153167
12 14 12.736938
12 15 12.552312
12 16 11.329018
12 17 12.955706
12 18 14.148312
12 19 13.905574
12 20 12.927835
13 0 14.687189
13 1 14.022702
13 2 13.760736
13 3 11.078439
13 4 14.679859
13 5 14.340311
13 6 12.400280
13 7 13.038809
13 8 11.470873
13 9 14.318503
13 10 11.951947
13 11 14.482020
13 12 11.153167
13 14 11.400881
13 15 13.650936
13 16 12.022271
13 17 13.427773
13 18 11.340552
13 19 11.064601
13 20 14.497592
14 0 14.440063
14 1 11.207302
14 2 11.482737
14 3 10.973161
14 4 12.745568
14 5 12.831238
14 6 14.252818
14 7 13.079563
14 8 12.753707
14 9 12.024936
14 10 14.200377
14 11 11.868175
14 12 12.736938
14 13 11.400881
14 15 12.570499
14 16 14.210616
14 17 12.312760
14 18 12.379173
14 19 14.568375
14 20 12.830207
15 0 14.186743
15 1 13.727608
15 2 13.498324
15 3 13.928905
15 4 11.338909
15 5 14.181828
15 6 14.149070
15 7 11.034450
15 8 12.986922
15 9 13.231232
15 10 13.243613
15 11 11.802183
15 12 12.552312
15 13 13.650936
15 14 12.570499
15 16 12.807537
15 17 12.401391
15 18 11.272651
15 19 11.920531
15 20 13.007105
16 0 14.602971
16 1 11.279879
16 2 14.065551
16 3 14.176802
16 4 13.555565
16 5 14.550562
16 6 14.638617
16 7 12.507336
16 8 12.167077
16 9 12.922676
16 10 12.807767
16 11 11.655246
16 12 11.329018
16 13 12.022271
16 14 14.210616
16 15 12.807537
16 17 12.710241
16 18 11.765972
16 19 13.218703
16 20 13.914746
17 0 12.243501
17 1 10.974692
17 2 14.656239
17 3 11.844709
17 4 13.040195
17 5 12.271541
17 6 13.366691
17 7 11.076996
17 8 13.596640
17 9 11.881244
17 10 14.642624
17 11 12.722897
17 12 12.955706
17 13 13.427773
17 14 12.312760
17 15 12.401391
17 16 12.710241
17 18 12.053614
17 19 11.743888
17 20 11.114226
18 0 11.177977
18 1 13.895617
18 2 12.738342
18 3 13.750209
18 4 11.891011
18 5 11.944172
18 6 10.994953
18 7 12.192684
18 8 12.730490
18 9 13.072504
18 10 11.830426
18 11 14.211284
18 12 14.148312
18 13 11.340552
18 14 12.379173
18 15 11.272651
18 16 11.765972
18 17 12.053614
18 19 12.386895
18 20 14.392878
19 0 11.487361
19 1 13.510328
19 2 12.397081
19 3 10.968191
19 4 11.868694
19 5 14.281584
19 6 14.481090
19 7 11.059041
19 8 11.318099
19 9 14.293254
19 10 12.764147
19 11 11.568713
19 12 13.905574
19 13 11.064601
19 14 14.568375
19 15 11.920531
19 16 13.218703
19 17 11.743888
19 18 12.386895
19 20 11.407346
20 0 13.923210
20 1 13.040700
20 2 13.126678
20 3 12.886682
20 4 13.257388
20 5 11.893539
20 6 12.867083
20 7 14.077630
20 8 13.719471
20 9 13.419958
20 10 13.703442
20 11 11.745315
20 12 12.927835
20 13 14.497592
20 14 12.830207
20 15 13.007105
20 16 13.914746
20 17 11.114226
20 18 14.392878
20 19 11.407346
