# i j vmax_ij_m_per_s; symmetric values generated with Uniform(0.7,0.95)*15.6
0 1 14.024487
0 2 12.062518
0 3 11.402181
0 4 12.457831
0 5 12.388330
0 6 13.547211
0 7 11.793386
0 8 14.175618
0 9 13.943132
0 10 12.217666
0 11 14.415907
0 12 14.207533
0 13 14.660534
0 14 13.155942
0 15 13.949970
0 16 14.693672
0 17 12.544283
0 18 14.430119
0 19 11.493630
0 20 11.944359
1 0 14.024487
1 2 13.533105
1 3 13.554550
1 4 11.020293
1 5 13.400552
1 6 13.096245
1 7 14.483425
1 8 14.264996
1 9 13.678681
1 10 14.436109
1 11 13.764293
1 12 11.143898
1 13 12.481036
1 14 13.515838
1 15 13.202255
1 16 14.809249
1 17 12.814406
1 18 11.040915
1 19 11.823783
1 20 11.552948
2 0 12.062518
2 1 13.533105
2 3 13.934337
2 4 11.990110
2 5 13.565794
2 6 11.219603
2 7 11.042019
2 8 11.718792
2 9 14.358267
2 10 14.715257
2 11 13.881532
2 12 12.640957
2 13 14.571109
2 14 11.802883
2 15 14.455109
2 16 11.881427
2 17 12.627610
2 18 14.749886
2 19 14.129244
2 20 12.226307
3 0 11.402181
3 1 13.554550
3 2 13.934337
3 4 11.477779
3 5 13.177296
3 6 12.681538
3 7 14.316426
3 8 14.089745
3 9 14.006865
3 10 12.540408
3 11 12.805053
3 12 11.495098
3 13 11.037946
3 14 13.624220
3 15 13.789136
3 16 10.932399
3 17 11.954104
3 18 13.342318
3 19 12.221534
3 20 11.089980
4 0 12.457831
4 1 11.020293
4 2 11.990110
4 3 11.477779
4 5 11.065678
4 6 13.739681
4 7 13.526428
4 8 11.235154
4 9 11.167512
4 10 14.330187
4 11 11.208990
4 12 13.921527
4 13 11.007924
4 14 13.258712
4 15 11.168003
4 16 12.836963
4 17 12.481452
4 18 12.482178
4 19 14.007415
4 20 13.439216
5 0 12.388330
5 1 13.400552
5 2 13.565794
5 3 13.177296
5 4 11.065678
5 6 14.360881
5 7 13.581640
5 8 13.117825
5 9 11.870250
5 10 12.078533
5 11 13.951944
5 12 11.281889
5 13 12.811574
5 14 13.786429
5 15 11.347130
5 16 13.274356
5 17 13.885395
5 18 13.374198
5 19 11.017555
5 20 14.619022
6 0 13.547211
6 1 13.096245
6 2 11.219603
6 3 12.681538
6 4 13.739681
6 5 14.360881
6 7 14.078157
6 8 11.640625
6 9 14.735621
6 10 12.054184
6 11 12.734862
6 12 11.583347
6 13 14.034872
6 14 14.766710
6 15 11.429233
6 16 14.622426
6 17 12.831009
6 18 14.030093
6 19 11.686653
6 20 10.984447
7 0 11.793386
7 1 14.483425
7 2 11.042019
7 3 14.316426
7 4 13.526428
7 5 13.581640
7 6 14.078157
7 8 12.829467
7 9 11.362423
7 10 12.394538
7 11 12.471905
7 12 11.681195
7 13 13.626850
7 14 13.896054
7 15 12.250253
7 16 12.304452
7 17 13.698354
7 18 11.302213
7 19 13.071726
7 20 13.651935
8 0 14.175618
8 1 14.264996
8 2 11.718792
8 3 14.089745
8 4 11.235154
8 5 13.117825
8 6 11.640625
8 7 12.829467
8 9 13.142186
8 10 11.866365
8 11 13.666900
8 12 12.657443
8 13 13.262681
8 14 13.682999
8 15 14.536728
8 16 12.929280
8 17 12.816034
8 18 14.113328
8 19 11.119798
8 20 14.728262
9 0 13.943132
9 1 13.678681
9 2 14.358267
9 3 14.006865
9 4 11.167512
9 5 11.870250
9 6 14.735621
9 7 11.362423
9 8 13.142186
9 10 14.257178
9 11 12.055686
9 12 14.729431
9 13 13.865053
9 14 13.045860
9 15 13.253904
9 16 14.784381
9 17 14.214492
9 18 14.071026
9 19 13.183244
9 20 12.071327
10 0 12.217666
10 1 14.436109
10 2 14.715257
10 3 12.540408
10 4 14.330187
10 5 12.078533
10 6 12.054184
10 7 12.394538
10 8 11.866365
10 9 14.257178
10 11 10.995555
10 12 11.959636
10 13 14.031050
10 14 11.559113
10 15 14.202248
10 16 12.061953
10 17 11.907646
10 18 10.934936
10 19 12.069851
10 20 12.104772
11 0 14.415907
11 1 13.764293
11 2 13.881532
11 3 12.805053
11 4 11.208990
11 5 13.951944
11 6 12.734862
11 7 12.471905
11 8 13.666900
11 9 12.055686
11 10 10.995555
11 12 13.046087
11 13 11.432241
11 14 14.389700
11 15 11.602585
11 16 11.074579
11 17 13.125602
11 18 12.219329
11 19 14.001156
11 20 11.951796
12 0 14.207533
12 1 11.143898
12 2 12.640957
12 3 11.495098
12 4 13.921527
12 5 11.281889
12 6 11.583347
12 7 11.681195
12 8 12.657443
12 9 14.729431
12 10 11.959636
12 11 13.046087
12 13 12.538972
12 14 11.332371
12 15 12.122247
12 16 12.177171
12 17 13.587068
12 18 13.421440
12 19 14.433556
12 20 14.804983
13 0 14.660534
13 1 12.481036
13 2 14.571109
13 3 11.037946
13 4 11.007924
13 5 12.811574
13 6 14.034872
13 7 13.626850
13 8 13.262681
13 9 13.865053
13 10 14.031050
13 11 11.432241
13 12 12.538972
13 14 12.175215
13 15 11.947984
13 16 13.473638
13 17 14.576034
13 18 12.657038
13 19 11.891136
13 20 11.990964
14 0 13.155942
14 1 13.515838
14 2 11.802883
14 3 13.624220
14 4 13.258712
14 5 13.786429
14 6 14.766710
14 7 13.896054
14 8 13.682999
14 9 13.045860
14 10 11.559113
14 11 14.389700
14 12 11.332371
14 13 12.175215
14 15 11.372786
14 16 11.790777
14 17 11.405273
14 18 13.601193
14 19 14.558820
14 20 14.809691
15 0 13.949970
15 1 13.202255
15 2 14.455109
15 3 13.789136
15 4 11.168003
15 5 11.347130
15 6 11.429233
15 7 12.250253
15 8 14.536728
15 9 13.253904
15 10 14.202248
15 11 11.602585
15 12 12.122247
15 13 11.947984
15 14 11.372786
15 16 13.247275
15 17 12.535118
15 18 13.215202
15 19 11.567188
15 20 14.167104
16 0 14.693672
16 1 14.809249
16 2 11.881427
16 3 10.932399
16 4 12.836963
16 5 13.274356
16 6 14.622426
16 7 12.304452
16 8 12.929280
16 9 14.784381
16 10 12.061953
16 11 11.074579
16 12 12.177171
16 13 13.473638
16 14 11.790777
16 15 13.247275
16 17 14.668692
16 18 13.926194
16 19 11.946669
16 20 10.940208
17 0 12.544283
17 1 12.814406
17 2 12.627610
17 3 11.954104
17 4 12.481452
17 5 13.885395
17 6 12.831009
17 7 13.698354
17 8 12.816034
17 9 14.214492
17 10 11.907646
17 11 13.125602
17 12 13.587068
17 13 14.576034
17 14 11.405273
17 15 12.535118
17 16 14.668692
17 18 11.818954
17 19 12.320929
17 20 14.585382
18 0 14.430119
18 1 11.040915
18 2 14.749886
18 3 13.342318
18 4 12.482178
18 5 13.374198
18 6 14.030093
18 7 11.302213
18 8 14.113328
18 9 14.071026
18 10 10.934936
18 11 12.219329
18 12 13.421440
18 13 12.657038
18 14 13.601193
18 15 13.215202
18 16 13.926194
18 17 11.818954
18 19 11.145028
18 20 14.396295
19 0 11.493630
19 1 11.823783
19 2 14.129244
19 3 12.221534
19 4 14.007415
19 5 11.017555
19 6 11.686653
19 7 13.071726
19 8 11.119798
19 9 13.183244
19 10 12.069851
19 11 14.001156
19 12 14.433556
19 13 11.891136
19 14 14.558820
19 15 11.567188
19 16 11.946669
19 17 12.320929
19 18 11.145028
19 20 12.798226
20 0 11.944359
20 1 11.552948
20 2 12.226307
20 3 11.089980
20 4 13.439216
20 5 14.619022
20 6 10.984447
20 7 13.651935
20 8 14.728262
20 9 12.071327
20 10 12.104772
20 11 11.951796
20 12 14.804983
20 13 11.990964
20 14 14.809691
20 15 14.167104
20 16 10.940208
20 17 14.585382
20 18 14.396295
20 19 12.798226
