# i j vmax_ij_m_per_s; symmetric values generated with Uniform(0.7,0.95)*15.6
0 1 14.443337
0 2 12.731452
0 3 14.543577
0 4 14.563943
0 5 14.195071
0 6 13.499506
0 7 13.324228
0 8 14.663278
0 9 14.788262
0 10 13.905498
0 11 11.690273
0 12 12.838756
0 13 14.589525
0 14 12.597103
0 15 13.816405
0 16 12.984562
0 17 14.752196
0 18 11.945129
0 19 14.047277
0 20 13.409173
1 0 14.443337
1 2 14.464000
1 3 12.949500
1 4 13.315266
1 5 12.766515
1 6 11.567843
1 7 12.664226
1 8 14.176275
1 9 14.025064
1 10 14.728344
1 11 11.092883
1 12 12.130968
1 13 11.340006
1 14 11.748591
1 15 12.208012
1 16 11.332255
1 17 12.475196
1 18 13.076630
1 19 11.822972
1 20 13.629900
2 0 12.731452
2 1 14.464000
2 3 11.062135
2 4 13.567075
2 5 14.759071
2 6 12.284846
2 7 14.265965
2 8 14.092741
2 9 12.097766
2 10 11.563424
2 11 13.680890
2 12 14.233452
2 13 11.844061
2 14 11.868090
2 15 13.696092
2 16 12.320356
2 17 12.909159
2 18 12.230252
2 19 14.733003
2 20 12.354857
3 0 14.543577
3 1 12.949500
3 2 11.062135
3 4 13.195517
3 5 13.399381
3 6 13.896560
3 7 12.428293
3 8 14.357155
3 9 13.476220
3 10 13.434830
3 11 14.212996
3 12 12.511115
3 13 13.540458
3 14 14.565266
3 15 13.642908
3 16 11.403162
3 17 14.061354
3 18 12.977081
3 19 13.161597
3 20 12.497098
4 0 14.563943
4 1 13.315266
4 2 13.567075
4 3 13.195517
4 5 13.553767
4 6 12.525522
4 7 11.328819
4 8 13.570826
4 9 10.939443
4 10 12.824820
4 11 14.013168
4 12 12.085726
4 13 14.407224
4 14 14.451092
4 15 12.795659
4 16 11.981619
4 17 13.341862
4 18 11.732073
4 19 12.924426
4 20 14.543638
5 0 14.195071
5 1 12.766515
5 2 14.759071
5 3 13.399381
5 4 13.553767
5 6 10.978762
5 7 14.023205
5 8 13.235750
5 9 13.948567
5 10 14.315525
5 11 14.181390
5 12 11.752618
5 13 11.624896
5 14 11.280705
5 15 13.879687
5 16 14.602840
5 17 11.630284
5 18 12.271832
5 19 14.192506
5 20 12.226470
6 0 13.499506
6 1 11.567843
6 2 12.284846
6 3 13.896560
6 4 12.525522
6 5 10.978762
6 7 14.657156
6 8 11.980015
6 9 14.195370
6 10 13.110195
6 11 13.278504
6 12 14.749633
6 13 13.991501
6 14 13.984297
6 15 11.593818
6 16 11.397821
6 17 11.578857
6 18 11.428872
6 19 14.389964
6 20 13.066784
7 0 13.324228
7 1 12.664226
7 2 14.265965
7 3 12.428293
7 4 11.328819
7 5 14.023205
7 6 14.657156
7 8 13.119404
7 9 12.619455
7 10 11.731406
7 11 14.783353
7 12 13.725187
7 13 14.359848
7 14 14.531667
7 15 13.763602
7 16 14.491232
7 17 11.168028
7 18 12.606920
7 19 14.221920
7 20 14.394816
8 0 14.663278
8 1 14.176275
8 2 14.092741
8 3 14.357155
8 4 13.570826
8 5 13.235750
8 6 11.980015
8 7 13.119404
8 9 13.707584
8 10 12.712926
8 11 12.004277
8 12 13.564205
8 13 12.320357
8 14 14.621299
8 15 14.711621
8 16 13.790553
8 17 14.660458
8 18 12.788342
8 19 11.641039
8 20 14.178440
9 0 14.788262
9 1 14.025064
9 2 12.097766
9 3 13.476220
9 4 10.939443
9 5 13.948567
9 6 14.195370
9 7 12.619455
9 8 13.707584
9 10 13.652795
9 11 13.258261
9 12 13.619910
9 13 12.990568
9 14 12.770517
9 15 13.917689
9 16 12.096665
9 17 14.269101
9 18 11.793066
9 19 14.079541
9 20 13.556866
10 0 13.905498
10 1 14.728344
10 2 11.563424
10 3 13.434830
10 4 12.824820
10 5 14.315525
10 6 13.110195
10 7 11.731406
10 8 12.712926
10 9 13.652795
10 11 14.169250
10 12 12.966827
10 13 11.022447
10 14 12.402379
10 15 11.988716
10 16 13.892591
10 17 14.016479
10 18 12.390282
10 19 11.986227
10 20 11.741287
11 0 11.690273
11 1 11.092883
11 2 13.680890
11 3 14.212996
11 4 14.013168
11 5 14.181390
11 6 13.278504
11 7 14.783353
11 8 12.004277
11 9 13.258261
11 10 14.169250
11 12 12.958165
11 13 13.575104
11 14 13.499520
11 15 12.085547
11 16 11.012605
11 17 11.033816
11 18 11.872187
11 19 13.019637
11 20 13.110022
12 0 12.838756
12 1 12.130968
12 2 14.233452
12 3 12.511115
12 4 12.085726
12 5 11.752618
12 6 14.749633
12 7 13.725187
12 8 13.564205
12 9 13.619910
12 10 12.966827
12 11 12.958165
12 13 11.022906
12 14 12.837967
12 15 13.811770
12 16 13.863846
12 17 12.520731
12 18 12.015010
12 19 11.086246
12 20 14.607385
13 0 14.589525
13 1 11.340006
13 2 11.844061
13 3 13.540458
13 4 14.407224
13 5 11.624896
13 6 13.991501
13 7 14.359848
13 8 12.320357
13 9 12.990568
13 10 11.022447
13 11 13.575104
13 12 11.022906
13 14 12.831488
13 15 12.257916
13 16 11.360627
13 17 11.751371
13 18 11.445865
13 19 11.856197
13 20 11.007949
14 0 12.597103
14 1 11.748591
14 2 11.868090
14 3 14.565266
14 4 14.451092
14 5 11.280705
14 6 13.984297
14 7 14.531667
14 8 14.621299
14 9 12.770517
14 10 12.402379
14 11 13.499520
14 12 12.837967
14 13 12.831488
14 15 10.963860
14 16 11.008787
14 17 13.515417
14 18 12.251239
14 19 12.297563
14 20 11.163162
15 0 13.816405
15 1 12.208012
15 2 13.696092
15 3 13.642908
15 4 12.795659
15 5 13.879687
15 6 11.593818
15 7 13.763602
15 8 14.711621
15 9 13.917689
15 10 11.988716
15 11 12.085547
15 12 13.811770
15 13 12.257916
15 14 10.963860
15 16 14.441268
15 17 13.597142
15 18 14.300530
15 19 12.073507
15 20 11.831113
16 0 12.984562
16 1 11.332255
16 2 12.320356
16 3 11.403162
16 4 11.981619
16 5 14.602840
16 6 11.397821
16 7 14.491232
16 8 13.790553
16 9 12.096665
16 10 13.892591
16 11 11.012605
16 12 13.863846
16 13 11.360627
16 14 11.008787
16 15 14.441268
16 17 12.046787
16 18 13.520512
16 19 13.821338
16 20 14.780158
17 0 14.752196
17 1 12.475196
17 2 12.909159
17 3 14.061354
17 4 13.341862
17 5 11.630284
17 6 11.578857
17 7 11.168028
17 8 14.660458
17 9 14.269101
17 10 14.016479
17 11 11.033816
17 12 12.520731
17 13 11.751371
17 14 13.515417
17 15 13.597142
17 16 12.046787
17 18 14.199931
17 19 14.479408
17 20 12.039755
18 0 11.945129
18 1 13.076630
18 2 12.230252
18 3 12.977081
18 4 11.732073
18 5 12.271832
18 6 11.428872
18 7 12.606920
18 8 12.788342
18 9 11.793066
18 10 12.390282
18 11 11.872187
18 12 12.015010
18 13 11.445865
18 14 12.251239
18 15 14.300530
18 16 13.520512
18 17 14.199931
18 19 11.065925
18 20 11.909353
19 0 14.047277
19 1 11.822972
19 2 14.733003
19 3 13.161597
19 4 12.924426
19 5 14.192506
19 6 14.389964
19 7 14.221920
19 8 11.641039
19 9 14.079541
19 10 11.986227
19 11 13.019637
19 12 11.086246
19 13 11.856197
19 14 12.297563
19 15 12.073507
19 16 13.821338
19 17 14.479408
19 18 11.065925
19 20 11.605156
20 0 13.409173
20 1 13.629900
20 2 12.354857
20 3 12.497098
20 4 14.543638
20 5 12.226470
20 6 13.066784
20 7 14.394816
20 8 14.178440
20 9 13.556866
20 10 11.741287
20 11 13.110022
20 12 14.607385
20 13 11.007949
20 14 11.163162
20 15 11.831113
20 16 14.780158
20 17 12.039755
20 18 11.909353
20 19 11.605156
