# i j vmax_ij_m_per_s; symmetric values generated with Uniform(0.7,0.95)*15.6
0 1 13.093434
0 2 12.539854
0 3 13.484798
0 4 14.592100
0 5 11.197279
0 6 11.068284
0 7 12.526973
0 8 12.295559
0 9 14.792381
0 10 14.186022
0 11 12.732379
0 12 14.586443
0 13 11.926707
0 14 13.616370
0 15 12.556191
0 16 12.306413
0 17 11.359729
0 18 11.560714
0 19 12.578073
0 20 12.991639
1 0 13.093434
1 2 14.017922
1 3 14.400407
1 4 13.175741
1 5 11.734151
1 6 11.963216
1 7 12.611033
1 8 14.584982
1 9 13.473367
1 10 12.303753
1 11 12.596172
1 12 11.544397
1 13 14.631951
1 14 13.760816
1 15 13.824697
1 16 13.047868
1 17 13.498790
1 18 14.819076
1 19 13.951206
1 20 14.708843
2 0 12.539854
2 1 14.017922
2 3 11.487442
2 4 11.973677
2 5 13.568867
2 6 11.130564
2 7 11.135439
2 8 11.517669
2 9 12.722009
2 10 14.080377
2 11 11.745721
2 12 12.749698
2 13 13.783995
2 14 14.612484
2 15 11.633340
2 16 13.527303
2 17 11.601438
2 18 11.164413
2 19 12.922977
2 20 11.192937
3 0 13.484798
3 1 14.400407
3 2 11.487442
3 4 12.918701
3 5 12.714678
3 6 12.706538
3 7 11.702925
3 8 11.569887
3 9 13.940010
3 10 13.240363
3 11 14.184278
3 12 11.312901
3 13 12.784739
3 14 11.721603
3 15 11.857861
3 16 12.235115
3 17 13.417255
3 18 14.668183
3 19 11.758641
3 20 13.155320
4 0 14.592100
4 1 13.175741
4 2 11.973677
4 3 12.918701
4 5 13.397088
4 6 12.576777
4 7 13.786103
4 8 14.398162
4 9 13.065261
4 10 11.399810
4 11 13.098549
4 12 12.502698
4 13 13.107000
4 14 11.343692
4 15 14.509824
4 16 11.282571
4 17 12.663733
4 18 13.262266
4 19 14.393599
4 20 14.649388
5 0 11.197279
5 1 11.734151
5 2 13.568867
5 3 12.714678
5 4 13.397088
5 6 12.389629
5 7 14.075324
5 8 11.650753
5 9 13.785432
5 10 11.283304
5 11 12.799951
5 12 11.243808
5 13 14.798366
5 14 11.494706
5 15 11.912836
5 16 11.863720
5 17 14.158152
5 18 12.060152
5 19 12.088055
5 20 11.614048
6 0 11.068284
6 1 11.963216
6 2 11.130564
6 3 12.706538
6 4 12.576777
6 5 12.389629
6 7 11.750653
6 8 10.947428
6 9 12.722203
6 10 11.008354
6 11 10.960490
6 12 11.432808
6 13 14.253084
6 14 12.292720
6 15 13.404197
6 16 12.197542
6 17 13.479462
6 18 11.400177
6 19 11.998906
6 20 13.664934
7 0 12.526973
7 1 12.611033
7 2 11.135439
7 3 11.702925
7 4 13.786103
7 5 14.075324
7 6 11.750653
7 8 14.070382
7 9 12.965737
7 10 14.622882
7 11 12.627382
7 12 13.159452
7 13 12.858031
7 14 14.032485
7 15 14.740120
7 16 11.259068
7 17 13.163278
7 18 11.219419
7 19 11.804181
7 20 14.176994
8 0 12.295559
8 1 14.584982
8 2 11.517669
8 3 11.569887
8 4 14.398162
8 5 11.650753
8 6 10.947428
8 7 14.070382
8 9 12.871353
8 10 12.752267
8 11 13.375196
8 12 14.260960
8 13 14.709591
8 14 13.995427
8 15 11.772651
8 16 11.009360
8 17 12.145933
8 18 13.407129
8 19 12.631859
8 20 14.103928
9 0 14.792381
9 1 13.473367
9 2 12.722009
9 3 13.940010
9 4 13.065261
9 5 13.785432
9 6 12.722203
9 7 12.965737
9 8 12.871353
9 10 13.038473
9 11 11.948984
9 12 14.645914
9 13 11.802480
9 14 14.678390
9 15 14.494373
9 16 11.953883
9 17 13.875095
9 18 14.096465
9 19 12.422262
9 20 11.957976
10 0 14.186022
10 1 12.303753
10 2 14.080377
10 3 13.240363
10 4 11.399810
10 5 11.283304
10 6 11.008354
10 7 14.622882
10 8 12.752267
10 9 13.038473
10 11 12.560882
10 12 14.765648
10 13 13.891136
10 14 13.874802
10 15 13.954177
10 16 11.685397
10 17 12.414105
10 18 14.415854
10 19 12.310286
10 20 11.079460
11 0 12.732379
11 1 12.596172
11 2 11.745721
11 3 14.184278
11 4 13.098549
11 5 12.799951
11 6 10.960490
11 7 12.627382
11 8 13.375196
11 9 11.948984
11 10 12.560882
11 12 11.514670
11 13 12.249085
11 14 12.943292
11 15 10.978999
11 16 13.893541
11 17 13.328353
11 18 13.655948
11 19 13.502911
11 20 12.012269
12 0 14.586443
12 1 11.544397
12 2 12.749698
12 3 11.312901
12 4 12.502698
12 5 11.243808
12 6 11.432808
12 7 13.159452
12 8 14.260960
12 9 14.645914
12 10 14.765648
12 11 11.514670
12 13 11.346936
12 14 14.667594
12 15 13.398446
12 16 13.882310
12 17 11.205456
12 18 13.969883
12 19 11.114595
12 20 14.742172
13 0 11.926707
13 1 14.631951
13 2 13.783995
13 3 12.784739
13 4 13.107000
13 5 14.798366
13 6 14.253084
13 7 12.858031
13 8 14.709591
13 9 11.802480
13 10 13.891136
13 11 12.249085
13 12 11.346936
13 14 14.451117
13 15 14.055097
13 16 12.755975
13 17 11.420451
13 18 11.802402
13 19 11.928643
13 20 12.298007
14 0 13.616370
14 1 13.760816
14 2 14.612484
14 3 11.721603
14 4 11.343692
14 5 11.494706
14 6 12.292720
14 7 14.032485
14 8 13.995427
14 9 14.678390
14 10 13.874802
14 11 12.943292
14 12 14.667594
14 13 14.451117
14 15 14.411422
14 16 12.196712
14 17 14.207920
14 18 14.276993
14 19 13.630430
14 20 14.113080
15 0 12.556191
15 1 13.824697
15 2 11.633340
15 3 11.857861
15 4 14.509824
15 5 11.912836
15 6 13.404197
15 7 14.740120
15 8 11.772651
15 9 14.494373
15 10 13.954177
15 11 10.978999
15 12 13.398446
15 13 14.055097
15 14 14.411422
15 16 13.090922
15 17 14.628545
15 18 12.770053
15 19 10.996517
15 20 11.142297
16 0 12.306413
16 1 13.047868
16 2 13.527303
16 3 12.235115
16 4 11.282571
16 5 11.863720
16 6 12.197542
16 7 11.259068
16 8 11.009360
16 9 11.953883
16 10 11.685397
16 11 13.893541
16 12 13.882310
16 13 12.755975
16 14 12.196712
16 15 13.090922
16 17 11.994775
16 18 13.441595
16 19 14.415080
16 20 13.692721
17 0 11.359729
17 1 13.498790
17 2 11.601438
17 3 13.417255
17 4 12.663733
17 5 14.158152
17 6 13.479462
17 7 13.163278
17 8 12.145933
17 9 13.875095
17 10 12.414105
17 11 13.328353
17 12 11.205456
17 13 11.420451
17 14 14.207920
17 15 14.628545
17 16 11.994775
17 18 11.999432
17 19 11.480087
17 20 14.223129
18 0 11.560714
18 1 14.819076
18 2 11.164413
18 3 14.668183
18 4 13.262266
18 5 12.060152
18 6 11.400177
18 7 11.219419
18 8 13.407129
18 9 14.096465
18 10 14.415854
18 11 13.655948
18 12 13.969883
18 13 11.802402
18 14 14.276993
18 15 12.770053
18 16 13.441595
18 17 11.999432
18 19 11.936038
18 20 13.205765
19 0 12.578073
19 1 13.951206
19 2 12.922977
19 3 11.758641
19 4 14.393599
19 5 12.088055
19 6 11.998906
19 7 11.804181
19 8 12.631859
19 9 12.422262
19 10 12.310286
19 11 13.502911
19 12 11.114595
19 13 11.928643
19 14 13.630430
19 15 10.996517
19 16 14.415080
19 17 11.480087
19 18 11.936038
19 20 13.005680
20 0 12.991639
20 1 14.708843
20 2 11.192937
20 3 13.155320
20 4 14.649388
20 5 11.614048
20 6 13.664934
20 7 14.176994
20 8 14.103928
20 9 11.957976
20 10 11.079460
20 11 12.012269
20 12 14.742172
20 13 12.298007
20 14 14.113080
20 15 11.142297
20 16 13.692721
20 17 14.223129
20 18 13.205765
20 19 13.005680
