# i j vmax_ij_m_per_s; symmetric values generated with Uniform(0.7,0.95)*15.6
0 1 13.657727
0 2 14.276326
0 3 14.139510
0 4 14.172706
0 5 12.711690
0 6 13.775879
0 7 13.380667
0 8 13.618159
0 9 12.114892
0 10 14.150413
0 11 13.997330
0 12 14.479526
0 13 14.620832
0 14 12.114199
0 15 14.653159
0 16 13.389014
0 17 13.779376
0 18 11.194267
0 19 11.312074
0 20 11.086062
1 0 13.657727
1 2 14.181643
1 3 11.417698
1 4 12.114967
1 5 12.292833
1 6 11.358554
1 7 12.202136
1 8 12.930845
1 9 13.912188
1 10 14.074474
1 11 14.574801
1 12 12.941800
1 13 12.342117
1 14 14.685655
1 15 11.652252
1 16 10.922053
1 17 14.322153
1 18 14.514334
1 19 12.982335
1 20 12.302482
2 0 14.276326
2 1 14.181643
2 3 12.574708
2 4 12.783830
2 5 11.276561
2 6 13.166650
2 7 14.445816
2 8 11.804662
2 9 13.803692
2 10 12.706795
2 11 13.917781
2 12 13.795236
2 13 12.514065
2 14 12.900296
2 15 13.162923
2 16 14.612296
2 17 14.589007
2 18 14.642613
2 19 14.689314
2 20 12.585328
3 0 14.139510
3 1 11.417698
3 2 12.574708
3 4 14.270010
3 5 13.454623
3 6 11.453942
3 7 12.170269
3 8 14.274497
3 9 11.092076
3 10 14.507859
3 11 14.567283
3 12 11.343152
3 13 13.322715
3 14 12.762606
3 15 11.608299
3 16 11.681590
3 17 11.712329
3 18 11.503263
3 19 11.162247
3 20 13.130865
4 0 14.172706
4 1 12.114967
4 2 12.783830
4 3 14.270010
4 5 13.571779
4 6 11.933199
4 7 11.258853
4 8 12.220719
4 9 11.202229
4 10 11.163130
4 11 12.122183
4 12 11.923138
4 13 14.127360
4 14 11.721357
4 15 13.154441
4 16 12.381871
4 17 11.007260
4 18 12.403385
4 19 11.839549
4 20 14.228293
5 0 12.711690
5 1 12.292833
5 2 11.276561
5 3 13.454623
5 4 13.571779
5 6 11.568691
5 7 13.193313
5 8 14.411654
5 9 14.414375
5 10 14.083331
5 11 10.932041
5 12 13.657486
5 13 14.615404
5 14 14.733402
5 15 12.257419
5 16 14.174502
5 17 14.403765
5 18 13.827805
5 19 12.268960
5 20 11.272742
6 0 13.775879
6 1 11.358554
6 2 13.166650
6 3 11.453942
6 4 11.933199
6 5 11.568691
6 7 12.766799
6 8 12.471705
6 9 14.408298
6 10 11.288647
6 11 12.401651
6 12 11.784095
6 13 14.568912
6 14 14.049761
6 15 12.098601
6 16 12.388871
6 17 12.582104
6 18 11.867310
6 19 11.131845
6 20 11.812087
7 0 13.380667
7 1 12.202136
7 2 14.445816
7 3 12.170269
7 4 11.258853
7 5 13.193313
7 6 12.766799
7 8 11.589039
7 9 11.574556
7 10 14.819554
7 11 11.954141
7 12 13.112687
7 13 12.386348
7 14 14.598595
7 15 14.460377
7 16 12.500039
7 17 12.015138
7 18 12.703379
7 19 12.307228
7 20 11.333083
8 0 13.618159
8 1 12.930845
8 2 11.804662
8 3 14.274497
8 4 12.220719
8 5 14.411654
8 6 12.471705
8 7 11.589039
8 9 13.102487
8 10 14.470144
8 11 12.771021
8 12 14.091977
8 13 12.274859
8 14 14.374201
8 15 13.770704
8 16 13.339168
8 17 14.285308
8 18 12.297449
8 19 13.052817
8 20 14.294662
9 0 12.114892
9 1 13.912188
9 2 13.803692
9 3 11.092076
9 4 11.202229
9 5 14.414375
9 6 14.408298
9 7 11.574556
9 8 13.102487
9 10 12.127359
9 11 13.713898
9 12 14.347962
9 13 11.596705
9 14 13.188099
9 15 12.201199
9 16 13.312368
9 17 14.788458
9 18 11.141326
9 19 14.648610
9 20 14.769906
10 0 14.150413
10 1 14.074474
10 2 12.706795
10 3 14.507859
10 4 11.163130
10 5 14.083331
10 6 11.288647
10 7 14.819554
10 8 14.470144
10 9 12.127359
10 11 12.179406
10 12 14.161833
10 13 12.639724
10 14 12.649593
10 15 11.403232
10 16 14.493142
10 17 11.053634
10 18 11.614435
10 19 12.578373
10 20 13.582767
11 0 13.997330
11 1 14.574801
11 2 13.917781
11 3 14.567283
11 4 12.122183
11 5 10.932041
11 6 12.401651
11 7 11.954141
11 8 12.771021
11 9 13.713898
11 10 12.179406
11 12 14.429044
11 13 13.547499
11 14 11.868419
11 15 13.478178
11 16 13.448162
11 17 12.923724
11 18 13.003786
11 19 12.242547
11 20 12.015037
12 0 14.479526
12 1 12.941800
12 2 13.795236
12 3 11.343152
12 4 11.923138
12 5 13.657486
12 6 11.784095
12 7 13.112687
12 8 14.091977
12 9 14.347962
12 10 14.161833
12 11 14.429044
12 13 12.550014
12 14 13.395778
12 15 11.693893
12 16 12.528714
12 17 13.524871
12 18 12.084928
12 19 13.234103
12 20 14.473249
13 0 14.620832
13 1 12.342117
13 2 12.514065
13 3 13.322715
13 4 14.127360
13 5 14.615404
13 6 14.568912
13 7 12.386348
13 8 12.274859
13 9 11.596705
13 10 12.639724
13 11 13.547499
13 12 12.550014
13 14 12.047572
13 15 13.180680
13 16 11.776408
13 17 14.140167
13 18 13.503363
13 19 14.471581
13 20 11.575316
14 0 12.114199
14 1 14.685655
14 2 12.900296
14 3 12.762606
14 4 11.721357
14 5 14.733402
14 6 14.049761
14 7 14.598595
14 8 14.374201
14 9 13.188099
14 10 12.649593
14 11 11.868419
14 12 13.395778
14 13 12.047572
14 15 12.646507
14 16 12.665579
14 17 14.385978
14 18 11.194018
14 19 11.319190
14 20 11.439007
15 0 14.653159
15 1 11.652252
15 2 13.162923
15 3 11.608299
15 4 13.154441
15 5 12.257419
15 6 12.098601
15 7 14.460377
15 8 13.770704
15 9 12.201199
15 10 11.403232
15 11 13.478178
15 12 11.693893
15 13 13.180680
15 14 12.646507
15 16 12.585768
15 17 13.635499
15 18 14.111893
15 19 12.469686
15 20 12.533329
16 0 13.389014
16 1 10.922053
16 2 14.612296
16 3 11.681590
16 4 12.381871
16 5 14.174502
16 6 12.388871
16 7 12.500039
16 8 13.339168
16 9 13.312368
16 10 14.493142
16 11 13.448162
16 12 12.528714
16 13 11.776408
16 14 12.665579
16 15 12.585768
16 17 14.806375
16 18 14.116312
16 19 13.533581
16 20 13.972412
17 0 13.779376
17 1 14.322153
17 2 14.589007
17 3 11.712329
17 4 11.007260
17 5 14.403765
17 6 12.582104
17 7 12.015138
17 8 14.285308
17 9 14.788458
17 10 11.053634
17 11 12.923724
17 12 13.524871
17 13 14.140167
17 14 14.385978
17 15 13.635499
17 16 14.806375
17 18 12.967963
17 19 12.248909
17 20 12.298903
18 0 11.194267
18 1 14.514334
18 2 14.642613
18 3 11.503263
18 4 12.403385
18 5 13.827805
18 6 11.867310
18 7 12.703379
18 8 12.297449
18 9 11.141326
18 10 11.614435
18 11 13.003786
18 12 12.084928
18 13 13.503363
18 14 11.194018
18 15 14.111893
18 16 14.116312
18 17 12.967963
18 19 14.515719
18 20 14.008036
19 0 11.312074
19 1 12.982335
19 2 14.689314
19 3 11.162247
19 4 11.839549
19 5 12.268960
19 6 11.131845
19 7 12.307228
19 8 13.052817
19 9 14.648610
19 10 12.578373
19 11 12.242547
19 12 13.234103
19 13 14.471581
19 14 11.319190
19 15 12.469686
19 16 13.533581
19 17 12.248909
19 18 14.515719
19 20 14.220177
20 0 11.086062
20 1 12.302482
20 2 12.585328
20 3 13.130865
20 4 14.228293
20 5 11.272742
20 6 11.812087
20 7 11.333083
20 8 14.294662
20 9 14.769906
20 10 13.582767
20 11 12.015037
20 12 14.473249
20 13 11.575316
20 14 11.439007
20 15 12.533329
20 16 13.972412
20 17 12.298903
20 18 14.008036
20 19 14.220177
