# i j l theta_ijl; 12 hourly segments, theta=round(Uniform(0.9,1.0)*base_L[l],2)
0 1 0 0.74
0 1 1 0.48
0 1 2 0.65
0 1 3 0.73
0 1 4 0.86
0 1 5 0.67
0 1 6 0.67
0 1 7 0.83
0 1 8 0.88
0 1 9 0.69
0 1 10 0.55
0 1 11 0.46
0 2 0 0.77
0 2 1 0.49
0 2 2 0.66
0 2 3 0.79
0 2 4 0.90
0 2 5 0.68
0 2 6 0.67
0 2 7 0.87
0 2 8 0.83
0 2 9 0.66
0 2 10 0.59
0 2 11 0.50
0 3 0 0.79
0 3 1 0.49
0 3 2 0.69
0 3 3 0.79
0 3 4 0.86
0 3 5 0.68
0 3 6 0.69
0 3 7 0.83
0 3 8 0.85
0 3 9 0.68
0 3 10 0.56
0 3 11 0.49
0 4 0 0.74
0 4 1 0.48
0 4 2 0.70
0 4 3 0.75
0 4 4 0.83
0 4 5 0.68
0 4 6 0.66
0 4 7 0.89
0 4 8 0.86
0 4 9 0.64
0 4 10 0.55
0 4 11 0.45
0 5 0 0.74
0 5 1 0.46
0 5 2 0.67
0 5 3 0.75
0 5 4 0.85
0 5 5 0.66
0 5 6 0.65
0 5 7 0.81
0 5 8 0.84
0 5 9 0.65
0 5 10 0.60
0 5 11 0.48
0 6 0 0.75
0 6 1 0.45
0 6 2 0.70
0 6 3 0.79
0 6 4 0.90
0 6 5 0.70
0 6 6 0.69
0 6 7 0.83
0 6 8 0.82
0 6 9 0.64
0 6 10 0.55
0 6 11 0.48
0 7 0 0.76
0 7 1 0.48
0 7 2 0.68
0 7 3 0.76
0 7 4 0.85
0 7 5 0.70
0 7 6 0.63
0 7 7 0.88
0 7 8 0.86
0 7 9 0.69
0 7 10 0.57
0 7 11 0.50
0 8 0 0.78
0 8 1 0.46
0 8 2 0.66
0 8 3 0.79
0 8 4 0.86
0 8 5 0.64
0 8 6 0.70
0 8 7 0.87
0 8 8 0.82
0 8 9 0.68
0 8 10 0.55
0 8 11 0.47
0 9 0 0.80
0 9 1 0.48
0 9 2 0.66
0 9 3 0.79
0 9 4 0.83
0 9 5 0.63
0 9 6 0.68
0 9 7 0.83
0 9 8 0.90
0 9 9 0.64
0 9 10 0.59
0 9 11 0.48
0 10 0 0.77
0 10 1 0.48
0 10 2 0.67
0 10 3 0.72
0 10 4 0.83
0 10 5 0.67
0 10 6 0.69
0 10 7 0.82
0 10 8 0.88
0 10 9 0.68
0 10 10 0.59
0 10 11 0.45
0 11 0 0.74
0 11 1 0.47
0 11 2 0.69
0 11 3 0.76
0 11 4 0.84
0 11 5 0.67
0 11 6 0.68
0 11 7 0.85
0 11 8 0.90
0 11 9 0.63
0 11 10 0.57
0 11 11 0.49
0 12 0 0.77
0 12 1 0.46
0 12 2 0.69
0 12 3 0.78
0 12 4 0.82
0 12 5 0.64
0 12 6 0.68
0 12 7 0.89
0 12 8 0.90
0 12 9 0.67
0 12 10 0.59
0 12 11 0.50
0 13 0 0.80
0 13 1 0.48
0 13 2 0.67
0 13 3 0.79
0 13 4 0.88
0 13 5 0.69
0 13 6 0.65
0 13 7 0.82
0 13 8 0.86
0 13 9 0.65
0 13 10 0.57
0 13 11 0.49
0 14 0 0.80
0 14 1 0.45
0 14 2 0.65
0 14 3 0.79
0 14 4 0.86
0 14 5 0.63
0 14 6 0.66
0 14 7 0.81
0 14 8 0.89
0 14 9 0.67
0 14 10 0.56
0 14 11 0.47
0 15 0 0.73
0 15 1 0.46
0 15 2 0.67
0 15 3 0.77
0 15 4 0.82
0 15 5 0.66
0 15 6 0.67
0 15 7 0.82
0 15 8 0.86
0 15 9 0.68
0 15 10 0.58
0 15 11 0.45
0 16 0 0.77
0 16 1 0.48
0 16 2 0.64
0 16 3 0.73
0 16 4 0.81
0 16 5 0.65
0 16 6 0.66
0 16 7 0.84
0 16 8 0.89
0 16 9 0.68
0 16 10 0.55
0 16 11 0.50
0 17 0 0.75
0 17 1 0.49
0 17 2 0.67
0 17 3 0.76
0 17 4 0.86
0 17 5 0.66
0 17 6 0.64
0 17 7 0.87
0 17 8 0.86
0 17 9 0.63
0 17 10 0.57
0 17 11 0.47
0 18 0 0.75
0 18 1 0.49
0 18 2 0.68
0 18 3 0.78
0 18 4 0.86
0 18 5 0.63
0 18 6 0.67
0 18 7 0.86
0 18 8 0.82
0 18 9 0.68
0 18 10 0.57
0 18 11 0.49
0 19 0 0.78
0 19 1 0.46
0 19 2 0.66
0 19 3 0.80
0 19 4 0.84
0 19 5 0.65
0 19 6 0.67
0 19 7 0.84
0 19 8 0.89
0 19 9 0.67
0 19 10 0.59
0 19 11 0.48
0 20 0 0.74
0 20 1 0.45
0 20 2 0.68
0 20 3 0.74
0 20 4 0.82
0 20 5 0.63
0 20 6 0.67
0 20 7 0.83
0 20 8 0.84
0 20 9 0.65
0 20 10 0.55
0 20 11 0.49
1 0 0 0.74
1 0 1 0.49
1 0 2 0.64
1 0 3 0.80
1 0 4 0.86
1 0 5 0.63
1 0 6 0.68
1 0 7 0.89
1 0 8 0.87
1 0 9 0.64
1 0 10 0.55
1 0 11 0.49
1 2 0 0.73
1 2 1 0.49
1 2 2 0.68
1 2 3 0.78
1 2 4 0.87
1 2 5 0.64
1 2 6 0.69
1 2 7 0.85
1 2 8 0.90
1 2 9 0.66
1 2 10 0.55
1 2 11 0.46
1 3 0 0.72
1 3 1 0.46
1 3 2 0.68
1 3 3 0.76
1 3 4 0.83
1 3 5 0.70
1 3 6 0.69
1 3 7 0.87
1 3 8 0.87
1 3 9 0.67
1 3 10 0.59
1 3 11 0.48
1 4 0 0.80
1 4 1 0.50
1 4 2 0.67
1 4 3 0.75
1 4 4 0.84
1 4 5 0.64
1 4 6 0.70
1 4 7 0.83
1 4 8 0.81
1 4 9 0.68
1 4 10 0.57
1 4 11 0.50
1 5 0 0.79
1 5 1 0.46
1 5 2 0.66
1 5 3 0.77
1 5 4 0.83
1 5 5 0.69
1 5 6 0.67
1 5 7 0.90
1 5 8 0.83
1 5 9 0.68
1 5 10 0.55
1 5 11 0.46
1 6 0 0.73
1 6 1 0.47
1 6 2 0.66
1 6 3 0.74
1 6 4 0.87
1 6 5 0.65
1 6 6 0.68
1 6 7 0.87
1 6 8 0.83
1 6 9 0.65
1 6 10 0.57
1 6 11 0.48
1 7 0 0.80
1 7 1 0.46
1 7 2 0.68
1 7 3 0.75
1 7 4 0.90
1 7 5 0.63
1 7 6 0.64
1 7 7 0.90
1 7 8 0.86
1 7 9 0.65
1 7 10 0.58
1 7 11 0.48
1 8 0 0.74
1 8 1 0.50
1 8 2 0.63
1 8 3 0.72
1 8 4 0.88
1 8 5 0.69
1 8 6 0.67
1 8 7 0.83
1 8 8 0.86
1 8 9 0.69
1 8 10 0.55
1 8 11 0.47
1 9 0 0.79
1 9 1 0.45
1 9 2 0.63
1 9 3 0.77
1 9 4 0.83
1 9 5 0.63
1 9 6 0.69
1 9 7 0.88
1 9 8 0.89
1 9 9 0.69
1 9 10 0.60
1 9 11 0.50
1 10 0 0.74
1 10 1 0.45
1 10 2 0.67
1 10 3 0.77
1 10 4 0.87
1 10 5 0.65
1 10 6 0.68
1 10 7 0.86
1 10 8 0.89
1 10 9 0.65
1 10 10 0.56
1 10 11 0.48
1 11 0 0.79
1 11 1 0.47
1 11 2 0.66
1 11 3 0.75
1 11 4 0.86
1 11 5 0.65
1 11 6 0.67
1 11 7 0.89
1 11 8 0.88
1 11 9 0.63
1 11 10 0.58
1 11 11 0.46
1 12 0 0.74
1 12 1 0.47
1 12 2 0.67
1 12 3 0.78
1 12 4 0.85
1 12 5 0.64
1 12 6 0.66
1 12 7 0.81
1 12 8 0.81
1 12 9 0.68
1 12 10 0.58
1 12 11 0.50
1 13 0 0.73
1 13 1 0.45
1 13 2 0.65
1 13 3 0.76
1 13 4 0.82
1 13 5 0.67
1 13 6 0.66
1 13 7 0.84
1 13 8 0.85
1 13 9 0.67
1 13 10 0.55
1 13 11 0.50
1 14 0 0.77
1 14 1 0.47
1 14 2 0.66
1 14 3 0.77
1 14 4 0.87
1 14 5 0.69
1 14 6 0.69
1 14 7 0.88
1 14 8 0.85
1 14 9 0.68
1 14 10 0.56
1 14 11 0.47
1 15 0 0.72
1 15 1 0.46
1 15 2 0.68
1 15 3 0.76
1 15 4 0.82
1 15 5 0.65
1 15 6 0.67
1 15 7 0.83
1 15 8 0.87
1 15 9 0.68
1 15 10 0.56
1 15 11 0.48
1 16 0 0.75
1 16 1 0.49
1 16 2 0.69
1 16 3 0.75
1 16 4 0.84
1 16 5 0.69
1 16 6 0.64
1 16 7 0.86
1 16 8 0.82
1 16 9 0.63
1 16 10 0.57
1 16 11 0.49
1 17 0 0.74
1 17 1 0.47
1 17 2 0.65
1 17 3 0.73
1 17 4 0.84
1 17 5 0.67
1 17 6 0.66
1 17 7 0.83
1 17 8 0.82
1 17 9 0.66
1 17 10 0.58
1 17 11 0.47
1 18 0 0.77
1 18 1 0.46
1 18 2 0.69
1 18 3 0.77
1 18 4 0.85
1 18 5 0.70
1 18 6 0.65
1 18 7 0.84
1 18 8 0.89
1 18 9 0.69
1 18 10 0.59
1 18 11 0.46
1 19 0 0.79
1 19 1 0.47
1 19 2 0.65
1 19 3 0.76
1 19 4 0.84
1 19 5 0.68
1 19 6 0.67
1 19 7 0.88
1 19 8 0.88
1 19 9 0.70
1 19 10 0.57
1 19 11 0.46
1 20 0 0.75
1 20 1 0.46
1 20 2 0.67
1 20 3 0.75
1 20 4 0.90
1 20 5 0.65
1 20 6 0.63
1 20 7 0.85
1 20 8 0.85
1 20 9 0.70
1 20 10 0.57
1 20 11 0.46
2 0 0 0.79
2 0 1 0.49
2 0 2 0.70
2 0 3 0.73
2 0 4 0.82
2 0 5 0.67
2 0 6 0.69
2 0 7 0.89
2 0 8 0.87
2 0 9 0.64
2 0 10 0.60
2 0 11 0.46
2 1 0 0.75
2 1 1 0.46
2 1 2 0.68
2 1 3 0.75
2 1 4 0.86
2 1 5 0.64
2 1 6 0.64
2 1 7 0.89
2 1 8 0.85
2 1 9 0.66
2 1 10 0.56
2 1 11 0.46
2 3 0 0.79
2 3 1 0.47
2 3 2 0.69
2 3 3 0.75
2 3 4 0.85
2 3 5 0.64
2 3 6 0.67
2 3 7 0.86
2 3 8 0.88
2 3 9 0.64
2 3 10 0.60
2 3 11 0.47
2 4 0 0.77
2 4 1 0.50
2 4 2 0.68
2 4 3 0.79
2 4 4 0.87
2 4 5 0.67
2 4 6 0.67
2 4 7 0.82
2 4 8 0.88
2 4 9 0.69
2 4 10 0.56
2 4 11 0.48
2 5 0 0.75
2 5 1 0.48
2 5 2 0.69
2 5 3 0.78
2 5 4 0.84
2 5 5 0.69
2 5 6 0.67
2 5 7 0.87
2 5 8 0.89
2 5 9 0.64
2 5 10 0.58
2 5 11 0.48
2 6 0 0.74
2 6 1 0.46
2 6 2 0.66
2 6 3 0.80
2 6 4 0.82
2 6 5 0.63
2 6 6 0.63
2 6 7 0.83
2 6 8 0.83
2 6 9 0.70
2 6 10 0.57
2 6 11 0.46
2 7 0 0.77
2 7 1 0.45
2 7 2 0.65
2 7 3 0.79
2 7 4 0.89
2 7 5 0.68
2 7 6 0.63
2 7 7 0.89
2 7 8 0.86
2 7 9 0.69
2 7 10 0.60
2 7 11 0.47
2 8 0 0.77
2 8 1 0.48
2 8 2 0.63
2 8 3 0.75
2 8 4 0.89
2 8 5 0.65
2 8 6 0.69
2 8 7 0.88
2 8 8 0.83
2 8 9 0.69
2 8 10 0.57
2 8 11 0.50
2 9 0 0.73
2 9 1 0.47
2 9 2 0.67
2 9 3 0.75
2 9 4 0.89
2 9 5 0.66
2 9 6 0.67
2 9 7 0.85
2 9 8 0.89
2 9 9 0.67
2 9 10 0.60
2 9 11 0.46
2 10 0 0.74
2 10 1 0.49
2 10 2 0.63
2 10 3 0.77
2 10 4 0.85
2 10 5 0.63
2 10 6 0.69
2 10 7 0.89
2 10 8 0.82
2 10 9 0.66
2 10 10 0.60
2 10 11 0.45
2 11 0 0.73
2 11 1 0.46
2 11 2 0.70
2 11 3 0.79
2 11 4 0.85
2 11 5 0.68
2 11 6 0.70
2 11 7 0.83
2 11 8 0.83
2 11 9 0.65
2 11 10 0.58
2 11 11 0.45
2 12 0 0.75
2 12 1 0.45
2 12 2 0.69
2 12 3 0.77
2 12 4 0.82
2 12 5 0.68
2 12 6 0.69
2 12 7 0.85
2 12 8 0.82
2 12 9 0.68
2 12 10 0.57
2 12 11 0.45
2 13 0 0.77
2 13 1 0.48
2 13 2 0.69
2 13 3 0.72
2 13 4 0.82
2 13 5 0.70
2 13 6 0.67
2 13 7 0.89
2 13 8 0.90
2 13 9 0.65
2 13 10 0.59
2 13 11 0.49
2 14 0 0.75
2 14 1 0.45
2 14 2 0.65
2 14 3 0.77
2 14 4 0.87
2 14 5 0.66
2 14 6 0.66
2 14 7 0.88
2 14 8 0.88
2 14 9 0.63
2 14 10 0.57
2 14 11 0.50
2 15 0 0.76
2 15 1 0.47
2 15 2 0.65
2 15 3 0.73
2 15 4 0.86
2 15 5 0.67
2 15 6 0.63
2 15 7 0.88
2 15 8 0.84
2 15 9 0.64
2 15 10 0.56
2 15 11 0.50
2 16 0 0.79
2 16 1 0.47
2 16 2 0.66
2 16 3 0.79
2 16 4 0.84
2 16 5 0.66
2 16 6 0.67
2 16 7 0.88
2 16 8 0.84
2 16 9 0.70
2 16 10 0.58
2 16 11 0.49
2 17 0 0.78
2 17 1 0.46
2 17 2 0.68
2 17 3 0.77
2 17 4 0.87
2 17 5 0.64
2 17 6 0.64
2 17 7 0.85
2 17 8 0.85
2 17 9 0.69
2 17 10 0.56
2 17 11 0.46
2 18 0 0.76
2 18 1 0.50
2 18 2 0.66
2 18 3 0.72
2 18 4 0.86
2 18 5 0.68
2 18 6 0.64
2 18 7 0.81
2 18 8 0.85
2 18 9 0.69
2 18 10 0.59
2 18 11 0.48
2 19 0 0.77
2 19 1 0.47
2 19 2 0.65
2 19 3 0.74
2 19 4 0.85
2 19 5 0.65
2 19 6 0.63
2 19 7 0.84
2 19 8 0.85
2 19 9 0.63
2 19 10 0.55
2 19 11 0.47
2 20 0 0.79
2 20 1 0.46
2 20 2 0.69
2 20 3 0.75
2 20 4 0.86
2 20 5 0.70
2 20 6 0.68
2 20 7 0.84
2 20 8 0.82
2 20 9 0.63
2 20 10 0.55
2 20 11 0.46
3 0 0 0.80
3 0 1 0.49
3 0 2 0.65
3 0 3 0.77
3 0 4 0.86
3 0 5 0.65
3 0 6 0.66
3 0 7 0.83
3 0 8 0.82
3 0 9 0.67
3 0 10 0.58
3 0 11 0.47
3 1 0 0.77
3 1 1 0.45
3 1 2 0.69
3 1 3 0.76
3 1 4 0.83
3 1 5 0.70
3 1 6 0.68
3 1 7 0.81
3 1 8 0.84
3 1 9 0.68
3 1 10 0.56
3 1 11 0.48
3 2 0 0.74
3 2 1 0.48
3 2 2 0.68
3 2 3 0.78
3 2 4 0.88
3 2 5 0.63
3 2 6 0.69
3 2 7 0.85
3 2 8 0.86
3 2 9 0.65
3 2 10 0.58
3 2 11 0.50
3 4 0 0.72
3 4 1 0.50
3 4 2 0.70
3 4 3 0.75
3 4 4 0.82
3 4 5 0.67
3 4 6 0.68
3 4 7 0.82
3 4 8 0.82
3 4 9 0.69
3 4 10 0.59
3 4 11 0.46
3 5 0 0.73
3 5 1 0.48
3 5 2 0.65
3 5 3 0.72
3 5 4 0.89
3 5 5 0.66
3 5 6 0.68
3 5 7 0.89
3 5 8 0.88
3 5 9 0.63
3 5 10 0.59
3 5 11 0.49
3 6 0 0.75
3 6 1 0.45
3 6 2 0.69
3 6 3 0.74
3 6 4 0.83
3 6 5 0.65
3 6 6 0.63
3 6 7 0.88
3 6 8 0.83
3 6 9 0.67
3 6 10 0.54
3 6 11 0.45
3 7 0 0.73
3 7 1 0.46
3 7 2 0.68
3 7 3 0.80
3 7 4 0.84
3 7 5 0.70
3 7 6 0.67
3 7 7 0.84
3 7 8 0.90
3 7 9 0.70
3 7 10 0.59
3 7 11 0.45
3 8 0 0.79
3 8 1 0.48
3 8 2 0.64
3 8 3 0.74
3 8 4 0.88
3 8 5 0.68
3 8 6 0.63
3 8 7 0.86
3 8 8 0.85
3 8 9 0.69
3 8 10 0.57
3 8 11 0.49
3 9 0 0.74
3 9 1 0.47
3 9 2 0.70
3 9 3 0.78
3 9 4 0.85
3 9 5 0.70
3 9 6 0.64
3 9 7 0.86
3 9 8 0.83
3 9 9 0.64
3 9 10 0.55
3 9 11 0.45
3 10 0 0.77
3 10 1 0.46
3 10 2 0.66
3 10 3 0.72
3 10 4 0.86
3 10 5 0.64
3 10 6 0.66
3 10 7 0.88
3 10 8 0.83
3 10 9 0.70
3 10 10 0.57
3 10 11 0.47
3 11 0 0.73
3 11 1 0.48
3 11 2 0.65
3 11 3 0.74
3 11 4 0.87
3 11 5 0.66
3 11 6 0.67
3 11 7 0.81
3 11 8 0.87
3 11 9 0.64
3 11 10 0.55
3 11 11 0.50
3 12 0 0.75
3 12 1 0.46
3 12 2 0.65
3 12 3 0.75
3 12 4 0.83
3 12 5 0.66
3 12 6 0.65
3 12 7 0.88
3 12 8 0.81
3 12 9 0.67
3 12 10 0.55
3 12 11 0.49
3 13 0 0.80
3 13 1 0.47
3 13 2 0.64
3 13 3 0.72
3 13 4 0.84
3 13 5 0.66
3 13 6 0.66
3 13 7 0.82
3 13 8 0.82
3 13 9 0.64
3 13 10 0.55
3 13 11 0.47
3 14 0 0.78
3 14 1 0.46
3 14 2 0.68
3 14 3 0.72
3 14 4 0.89
3 14 5 0.68
3 14 6 0.65
3 14 7 0.90
3 14 8 0.89
3 14 9 0.66
3 14 10 0.57
3 14 11 0.49
3 15 0 0.79
3 15 1 0.49
3 15 2 0.65
3 15 3 0.79
3 15 4 0.83
3 15 5 0.65
3 15 6 0.65
3 15 7 0.87
3 15 8 0.83
3 15 9 0.66
3 15 10 0.60
3 15 11 0.48
3 16 0 0.78
3 16 1 0.46
3 16 2 0.66
3 16 3 0.77
3 16 4 0.81
3 16 5 0.67
3 16 6 0.63
3 16 7 0.85
3 16 8 0.82
3 16 9 0.64
3 16 10 0.59
3 16 11 0.48
3 17 0 0.80
3 17 1 0.47
3 17 2 0.64
3 17 3 0.78
3 17 4 0.85
3 17 5 0.65
3 17 6 0.69
3 17 7 0.82
3 17 8 0.81
3 17 9 0.66
3 17 10 0.55
3 17 11 0.50
3 18 0 0.79
3 18 1 0.48
3 18 2 0.69
3 18 3 0.76
3 18 4 0.85
3 18 5 0.68
3 18 6 0.68
3 18 7 0.85
3 18 8 0.84
3 18 9 0.67
3 18 10 0.57
3 18 11 0.50
3 19 0 0.75
3 19 1 0.50
3 19 2 0.64
3 19 3 0.75
3 19 4 0.84
3 19 5 0.67
3 19 6 0.69
3 19 7 0.86
3 19 8 0.82
3 19 9 0.63
3 19 10 0.56
3 19 11 0.49
3 20 0 0.76
3 20 1 0.48
3 20 2 0.70
3 20 3 0.75
3 20 4 0.86
3 20 5 0.67
3 20 6 0.67
3 20 7 0.89
3 20 8 0.86
3 20 9 0.68
3 20 10 0.56
3 20 11 0.49
4 0 0 0.73
4 0 1 0.46
4 0 2 0.66
4 0 3 0.77
4 0 4 0.84
4 0 5 0.63
4 0 6 0.67
4 0 7 0.88
4 0 8 0.84
4 0 9 0.67
4 0 10 0.55
4 0 11 0.50
4 1 0 0.79
4 1 1 0.46
4 1 2 0.64
4 1 3 0.73
4 1 4 0.84
4 1 5 0.65
4 1 6 0.65
4 1 7 0.90
4 1 8 0.87
4 1 9 0.66
4 1 10 0.58
4 1 11 0.49
4 2 0 0.78
4 2 1 0.47
4 2 2 0.63
4 2 3 0.79
4 2 4 0.87
4 2 5 0.67
4 2 6 0.66
4 2 7 0.87
4 2 8 0.89
4 2 9 0.70
4 2 10 0.57
4 2 11 0.46
4 3 0 0.77
4 3 1 0.45
4 3 2 0.69
4 3 3 0.78
4 3 4 0.88
4 3 5 0.68
4 3 6 0.68
4 3 7 0.83
4 3 8 0.87
4 3 9 0.65
4 3 10 0.57
4 3 11 0.49
4 5 0 0.73
4 5 1 0.45
4 5 2 0.64
4 5 3 0.79
4 5 4 0.88
4 5 5 0.67
4 5 6 0.69
4 5 7 0.84
4 5 8 0.84
4 5 9 0.66
4 5 10 0.54
4 5 11 0.49
4 6 0 0.73
4 6 1 0.47
4 6 2 0.65
4 6 3 0.73
4 6 4 0.86
4 6 5 0.66
4 6 6 0.68
4 6 7 0.84
4 6 8 0.87
4 6 9 0.69
4 6 10 0.58
4 6 11 0.46
4 7 0 0.73
4 7 1 0.46
4 7 2 0.69
4 7 3 0.72
4 7 4 0.82
4 7 5 0.66
4 7 6 0.68
4 7 7 0.82
4 7 8 0.88
4 7 9 0.64
4 7 10 0.55
4 7 11 0.45
4 8 0 0.72
4 8 1 0.47
4 8 2 0.68
4 8 3 0.77
4 8 4 0.81
4 8 5 0.64
4 8 6 0.64
4 8 7 0.87
4 8 8 0.85
4 8 9 0.65
4 8 10 0.59
4 8 11 0.50
4 9 0 0.80
4 9 1 0.47
4 9 2 0.64
4 9 3 0.79
4 9 4 0.85
4 9 5 0.66
4 9 6 0.63
4 9 7 0.83
4 9 8 0.90
4 9 9 0.68
4 9 10 0.57
4 9 11 0.49
4 10 0 0.74
4 10 1 0.49
4 10 2 0.66
4 10 3 0.80
4 10 4 0.83
4 10 5 0.63
4 10 6 0.64
4 10 7 0.89
4 10 8 0.82
4 10 9 0.69
4 10 10 0.55
4 10 11 0.49
4 11 0 0.80
4 11 1 0.48
4 11 2 0.69
4 11 3 0.74
4 11 4 0.86
4 11 5 0.69
4 11 6 0.63
4 11 7 0.89
4 11 8 0.82
4 11 9 0.70
4 11 10 0.57
4 11 11 0.49
4 12 0 0.72
4 12 1 0.48
4 12 2 0.67
4 12 3 0.78
4 12 4 0.81
4 12 5 0.65
4 12 6 0.63
4 12 7 0.87
4 12 8 0.87
4 12 9 0.64
4 12 10 0.60
4 12 11 0.45
4 13 0 0.72
4 13 1 0.48
4 13 2 0.65
4 13 3 0.73
4 13 4 0.84
4 13 5 0.69
4 13 6 0.69
4 13 7 0.83
4 13 8 0.88
4 13 9 0.64
4 13 10 0.55
4 13 11 0.50
4 14 0 0.72
4 14 1 0.49
4 14 2 0.64
4 14 3 0.74
4 14 4 0.82
4 14 5 0.65
4 14 6 0.67
4 14 7 0.88
4 14 8 0.82
4 14 9 0.66
4 14 10 0.59
4 14 11 0.49
4 15 0 0.74
4 15 1 0.50
4 15 2 0.68
4 15 3 0.76
4 15 4 0.82
4 15 5 0.67
4 15 6 0.66
4 15 7 0.83
4 15 8 0.85
4 15 9 0.67
4 15 10 0.57
4 15 11 0.46
4 16 0 0.72
4 16 1 0.49
4 16 2 0.69
4 16 3 0.75
4 16 4 0.87
4 16 5 0.69
4 16 6 0.66
4 16 7 0.89
4 16 8 0.82
4 16 9 0.65
4 16 10 0.60
4 16 11 0.49
4 17 0 0.75
4 17 1 0.46
4 17 2 0.67
4 17 3 0.77
4 17 4 0.85
4 17 5 0.67
4 17 6 0.66
4 17 7 0.87
4 17 8 0.82
4 17 9 0.67
4 17 10 0.59
4 17 11 0.47
4 18 0 0.75
4 18 1 0.48
4 18 2 0.63
4 18 3 0.73
4 18 4 0.82
4 18 5 0.65
4 18 6 0.65
4 18 7 0.83
4 18 8 0.86
4 18 9 0.63
4 18 10 0.57
4 18 11 0.48
4 19 0 0.79
4 19 1 0.45
4 19 2 0.66
4 19 3 0.77
4 19 4 0.86
4 19 5 0.64
4 19 6 0.66
4 19 7 0.82
4 19 8 0.89
4 19 9 0.68
4 19 10 0.59
4 19 11 0.46
4 20 0 0.80
4 20 1 0.47
4 20 2 0.64
4 20 3 0.78
4 20 4 0.81
4 20 5 0.70
4 20 6 0.69
4 20 7 0.86
4 20 8 0.84
4 20 9 0.67
4 20 10 0.58
4 20 11 0.48
5 0 0 0.76
5 0 1 0.46
5 0 2 0.65
5 0 3 0.79
5 0 4 0.85
5 0 5 0.64
5 0 6 0.67
5 0 7 0.88
5 0 8 0.90
5 0 9 0.64
5 0 10 0.56
5 0 11 0.45
5 1 0 0.76
5 1 1 0.48
5 1 2 0.64
5 1 3 0.74
5 1 4 0.86
5 1 5 0.64
5 1 6 0.66
5 1 7 0.89
5 1 8 0.85
5 1 9 0.66
5 1 10 0.57
5 1 11 0.49
5 2 0 0.77
5 2 1 0.48
5 2 2 0.70
5 2 3 0.73
5 2 4 0.88
5 2 5 0.70
5 2 6 0.66
5 2 7 0.83
5 2 8 0.84
5 2 9 0.64
5 2 10 0.54
5 2 11 0.45
5 3 0 0.74
5 3 1 0.47
5 3 2 0.65
5 3 3 0.75
5 3 4 0.84
5 3 5 0.65
5 3 6 0.64
5 3 7 0.84
5 3 8 0.83
5 3 9 0.68
5 3 10 0.58
5 3 11 0.49
5 4 0 0.76
5 4 1 0.46
5 4 2 0.68
5 4 3 0.78
5 4 4 0.81
5 4 5 0.66
5 4 6 0.65
5 4 7 0.89
5 4 8 0.89
5 4 9 0.64
5 4 10 0.57
5 4 11 0.47
5 6 0 0.74
5 6 1 0.47
5 6 2 0.65
5 6 3 0.77
5 6 4 0.88
5 6 5 0.66
5 6 6 0.66
5 6 7 0.88
5 6 8 0.84
5 6 9 0.65
5 6 10 0.58
5 6 11 0.48
5 7 0 0.72
5 7 1 0.49
5 7 2 0.67
5 7 3 0.80
5 7 4 0.85
5 7 5 0.64
5 7 6 0.66
5 7 7 0.85
5 7 8 0.82
5 7 9 0.69
5 7 10 0.59
5 7 11 0.49
5 8 0 0.77
5 8 1 0.47
5 8 2 0.68
5 8 3 0.74
5 8 4 0.88
5 8 5 0.63
5 8 6 0.64
5 8 7 0.86
5 8 8 0.81
5 8 9 0.67
5 8 10 0.57
5 8 11 0.48
5 9 0 0.74
5 9 1 0.48
5 9 2 0.68
5 9 3 0.78
5 9 4 0.88
5 9 5 0.69
5 9 6 0.65
5 9 7 0.88
5 9 8 0.83
5 9 9 0.67
5 9 10 0.55
5 9 11 0.49
5 10 0 0.74
5 10 1 0.46
5 10 2 0.69
5 10 3 0.79
5 10 4 0.88
5 10 5 0.64
5 10 6 0.67
5 10 7 0.87
5 10 8 0.83
5 10 9 0.68
5 10 10 0.56
5 10 11 0.49
5 11 0 0.72
5 11 1 0.48
5 11 2 0.69
5 11 3 0.79
5 11 4 0.85
5 11 5 0.64
5 11 6 0.66
5 11 7 0.84
5 11 8 0.85
5 11 9 0.65
5 11 10 0.58
5 11 11 0.48
5 12 0 0.73
5 12 1 0.50
5 12 2 0.67
5 12 3 0.74
5 12 4 0.81
5 12 5 0.68
5 12 6 0.68
5 12 7 0.87
5 12 8 0.88
5 12 9 0.65
5 12 10 0.59
5 12 11 0.49
5 13 0 0.79
5 13 1 0.46
5 13 2 0.67
5 13 3 0.74
5 13 4 0.87
5 13 5 0.69
5 13 6 0.67
5 13 7 0.85
5 13 8 0.87
5 13 9 0.68
5 13 10 0.57
5 13 11 0.46
5 14 0 0.77
5 14 1 0.48
5 14 2 0.68
5 14 3 0.78
5 14 4 0.85
5 14 5 0.64
5 14 6 0.68
5 14 7 0.83
5 14 8 0.85
5 14 9 0.69
5 14 10 0.59
5 14 11 0.47
5 15 0 0.78
5 15 1 0.50
5 15 2 0.69
5 15 3 0.73
5 15 4 0.81
5 15 5 0.64
5 15 6 0.63
5 15 7 0.84
5 15 8 0.83
5 15 9 0.67
5 15 10 0.55
5 15 11 0.47
5 16 0 0.73
5 16 1 0.47
5 16 2 0.67
5 16 3 0.74
5 16 4 0.83
5 16 5 0.65
5 16 6 0.67
5 16 7 0.89
5 16 8 0.86
5 16 9 0.66
5 16 10 0.55
5 16 11 0.48
5 17 0 0.77
5 17 1 0.46
5 17 2 0.68
5 17 3 0.80
5 17 4 0.86
5 17 5 0.64
5 17 6 0.68
5 17 7 0.83
5 17 8 0.85
5 17 9 0.67
5 17 10 0.56
5 17 11 0.49
5 18 0 0.74
5 18 1 0.48
5 18 2 0.69
5 18 3 0.77
5 18 4 0.89
5 18 5 0.68
5 18 6 0.69
5 18 7 0.90
5 18 8 0.88
5 18 9 0.68
5 18 10 0.56
5 18 11 0.46
5 19 0 0.80
5 19 1 0.47
5 19 2 0.67
5 19 3 0.75
5 19 4 0.83
5 19 5 0.68
5 19 6 0.63
5 19 7 0.83
5 19 8 0.81
5 19 9 0.68
5 19 10 0.54
5 19 11 0.48
5 20 0 0.77
5 20 1 0.48
5 20 2 0.63
5 20 3 0.77
5 20 4 0.83
5 20 5 0.66
5 20 6 0.67
5 20 7 0.88
5 20 8 0.89
5 20 9 0.69
5 20 10 0.58
5 20 11 0.47
6 0 0 0.78
6 0 1 0.49
6 0 2 0.67
6 0 3 0.76
6 0 4 0.84
6 0 5 0.69
6 0 6 0.63
6 0 7 0.81
6 0 8 0.88
6 0 9 0.68
6 0 10 0.58
6 0 11 0.49
6 1 0 0.74
6 1 1 0.47
6 1 2 0.66
6 1 3 0.73
6 1 4 0.87
6 1 5 0.69
6 1 6 0.65
6 1 7 0.82
6 1 8 0.88
6 1 9 0.64
6 1 10 0.55
6 1 11 0.45
6 2 0 0.78
6 2 1 0.50
6 2 2 0.66
6 2 3 0.76
6 2 4 0.88
6 2 5 0.65
6 2 6 0.69
6 2 7 0.81
6 2 8 0.83
6 2 9 0.66
6 2 10 0.56
6 2 11 0.49
6 3 0 0.77
6 3 1 0.50
6 3 2 0.69
6 3 3 0.78
6 3 4 0.85
6 3 5 0.69
6 3 6 0.64
6 3 7 0.81
6 3 8 0.90
6 3 9 0.63
6 3 10 0.55
6 3 11 0.46
6 4 0 0.75
6 4 1 0.46
6 4 2 0.69
6 4 3 0.80
6 4 4 0.83
6 4 5 0.67
6 4 6 0.67
6 4 7 0.81
6 4 8 0.82
6 4 9 0.64
6 4 10 0.58
6 4 11 0.48
6 5 0 0.74
6 5 1 0.46
6 5 2 0.68
6 5 3 0.76
6 5 4 0.86
6 5 5 0.66
6 5 6 0.64
6 5 7 0.84
6 5 8 0.87
6 5 9 0.68
6 5 10 0.59
6 5 11 0.47
6 7 0 0.80
6 7 1 0.47
6 7 2 0.65
6 7 3 0.73
6 7 4 0.84
6 7 5 0.66
6 7 6 0.67
6 7 7 0.85
6 7 8 0.87
6 7 9 0.66
6 7 10 0.56
6 7 11 0.48
6 8 0 0.78
6 8 1 0.48
6 8 2 0.64
6 8 3 0.75
6 8 4 0.89
6 8 5 0.69
6 8 6 0.66
6 8 7 0.86
6 8 8 0.89
6 8 9 0.63
6 8 10 0.55
6 8 11 0.49
6 9 0 0.80
6 9 1 0.48
6 9 2 0.68
6 9 3 0.76
6 9 4 0.85
6 9 5 0.65
6 9 6 0.67
6 9 7 0.86
6 9 8 0.86
6 9 9 0.68
6 9 10 0.58
6 9 11 0.49
6 10 0 0.75
6 10 1 0.46
6 10 2 0.65
6 10 3 0.75
6 10 4 0.84
6 10 5 0.69
6 10 6 0.68
6 10 7 0.81
6 10 8 0.83
6 10 9 0.69
6 10 10 0.59
6 10 11 0.46
6 11 0 0.75
6 11 1 0.47
6 11 2 0.68
6 11 3 0.77
6 11 4 0.86
6 11 5 0.64
6 11 6 0.68
6 11 7 0.86
6 11 8 0.83
6 11 9 0.63
6 11 10 0.56
6 11 11 0.48
6 12 0 0.79
6 12 1 0.47
6 12 2 0.67
6 12 3 0.78
6 12 4 0.85
6 12 5 0.70
6 12 6 0.66
6 12 7 0.82
6 12 8 0.84
6 12 9 0.69
6 12 10 0.56
6 12 11 0.49
6 13 0 0.77
6 13 1 0.48
6 13 2 0.65
6 13 3 0.79
6 13 4 0.82
6 13 5 0.67
6 13 6 0.69
6 13 7 0.82
6 13 8 0.82
6 13 9 0.70
6 13 10 0.56
6 13 11 0.46
6 14 0 0.77
6 14 1 0.50
6 14 2 0.66
6 14 3 0.78
6 14 4 0.82
6 14 5 0.69
6 14 6 0.69
6 14 7 0.84
6 14 8 0.89
6 14 9 0.65
6 14 10 0.56
6 14 11 0.47
6 15 0 0.78
6 15 1 0.46
6 15 2 0.65
6 15 3 0.79
6 15 4 0.85
6 15 5 0.65
6 15 6 0.63
6 15 7 0.88
6 15 8 0.82
6 15 9 0.70
6 15 10 0.57
6 15 11 0.50
6 16 0 0.75
6 16 1 0.46
6 16 2 0.66
6 16 3 0.78
6 16 4 0.88
6 16 5 0.65
6 16 6 0.70
6 16 7 0.83
6 16 8 0.84
6 16 9 0.66
6 16 10 0.55
6 16 11 0.50
6 17 0 0.80
6 17 1 0.47
6 17 2 0.66
6 17 3 0.72
6 17 4 0.83
6 17 5 0.63
6 17 6 0.67
6 17 7 0.88
6 17 8 0.88
6 17 9 0.67
6 17 10 0.56
6 17 11 0.50
6 18 0 0.75
6 18 1 0.49
6 18 2 0.65
6 18 3 0.79
6 18 4 0.90
6 18 5 0.63
6 18 6 0.67
6 18 7 0.88
6 18 8 0.86
6 18 9 0.64
6 18 10 0.55
6 18 11 0.50
6 19 0 0.72
6 19 1 0.48
6 19 2 0.65
6 19 3 0.76
6 19 4 0.87
6 19 5 0.65
6 19 6 0.68
6 19 7 0.84
6 19 8 0.86
6 19 9 0.66
6 19 10 0.58
6 19 11 0.45
6 20 0 0.78
6 20 1 0.48
6 20 2 0.64
6 20 3 0.74
6 20 4 0.85
6 20 5 0.69
6 20 6 0.64
6 20 7 0.88
6 20 8 0.81
6 20 9 0.67
6 20 10 0.59
6 20 11 0.50
7 0 0 0.76
7 0 1 0.45
7 0 2 0.64
7 0 3 0.72
7 0 4 0.86
7 0 5 0.70
7 0 6 0.68
7 0 7 0.89
7 0 8 0.86
7 0 9 0.69
7 0 10 0.57
7 0 11 0.48
7 1 0 0.77
7 1 1 0.49
7 1 2 0.70
7 1 3 0.79
7 1 4 0.84
7 1 5 0.68
7 1 6 0.69
7 1 7 0.82
7 1 8 0.82
7 1 9 0.70
7 1 10 0.54
7 1 11 0.47
7 2 0 0.73
7 2 1 0.45
7 2 2 0.65
7 2 3 0.76
7 2 4 0.86
7 2 5 0.68
7 2 6 0.68
7 2 7 0.84
7 2 8 0.81
7 2 9 0.69
7 2 10 0.58
7 2 11 0.48
7 3 0 0.79
7 3 1 0.47
7 3 2 0.66
7 3 3 0.75
7 3 4 0.87
7 3 5 0.69
7 3 6 0.63
7 3 7 0.85
7 3 8 0.88
7 3 9 0.65
7 3 10 0.59
7 3 11 0.47
7 4 0 0.76
7 4 1 0.45
7 4 2 0.63
7 4 3 0.75
7 4 4 0.90
7 4 5 0.67
7 4 6 0.70
7 4 7 0.88
7 4 8 0.89
7 4 9 0.66
7 4 10 0.55
7 4 11 0.45
7 5 0 0.80
7 5 1 0.48
7 5 2 0.64
7 5 3 0.77
7 5 4 0.83
7 5 5 0.66
7 5 6 0.70
7 5 7 0.90
7 5 8 0.90
7 5 9 0.65
7 5 10 0.57
7 5 11 0.50
7 6 0 0.78
7 6 1 0.45
7 6 2 0.69
7 6 3 0.78
7 6 4 0.83
7 6 5 0.64
7 6 6 0.67
7 6 7 0.83
7 6 8 0.81
7 6 9 0.66
7 6 10 0.59
7 6 11 0.46
7 8 0 0.80
7 8 1 0.48
7 8 2 0.65
7 8 3 0.77
7 8 4 0.86
7 8 5 0.69
7 8 6 0.66
7 8 7 0.86
7 8 8 0.90
7 8 9 0.64
7 8 10 0.57
7 8 11 0.46
7 9 0 0.73
7 9 1 0.50
7 9 2 0.63
7 9 3 0.79
7 9 4 0.89
7 9 5 0.63
7 9 6 0.63
7 9 7 0.83
7 9 8 0.84
7 9 9 0.65
7 9 10 0.58
7 9 11 0.45
7 10 0 0.79
7 10 1 0.46
7 10 2 0.68
7 10 3 0.78
7 10 4 0.82
7 10 5 0.63
7 10 6 0.63
7 10 7 0.89
7 10 8 0.90
7 10 9 0.69
7 10 10 0.56
7 10 11 0.46
7 11 0 0.75
7 11 1 0.48
7 11 2 0.68
7 11 3 0.73
7 11 4 0.90
7 11 5 0.70
7 11 6 0.65
7 11 7 0.81
7 11 8 0.87
7 11 9 0.68
7 11 10 0.57
7 11 11 0.49
7 12 0 0.73
7 12 1 0.46
7 12 2 0.66
7 12 3 0.75
7 12 4 0.89
7 12 5 0.66
7 12 6 0.67
7 12 7 0.89
7 12 8 0.87
7 12 9 0.64
7 12 10 0.55
7 12 11 0.47
7 13 0 0.79
7 13 1 0.48
7 13 2 0.66
7 13 3 0.80
7 13 4 0.88
7 13 5 0.66
7 13 6 0.65
7 13 7 0.85
7 13 8 0.90
7 13 9 0.64
7 13 10 0.59
7 13 11 0.49
7 14 0 0.78
7 14 1 0.47
7 14 2 0.67
7 14 3 0.73
7 14 4 0.89
7 14 5 0.69
7 14 6 0.65
7 14 7 0.87
7 14 8 0.87
7 14 9 0.69
7 14 10 0.59
7 14 11 0.49
7 15 0 0.78
7 15 1 0.47
7 15 2 0.64
7 15 3 0.75
7 15 4 0.81
7 15 5 0.64
7 15 6 0.68
7 15 7 0.81
7 15 8 0.83
7 15 9 0.68
7 15 10 0.59
7 15 11 0.47
7 16 0 0.78
7 16 1 0.49
7 16 2 0.66
7 16 3 0.76
7 16 4 0.84
7 16 5 0.69
7 16 6 0.64
7 16 7 0.86
7 16 8 0.90
7 16 9 0.69
7 16 10 0.56
7 16 11 0.48
7 17 0 0.80
7 17 1 0.46
7 17 2 0.69
7 17 3 0.76
7 17 4 0.86
7 17 5 0.67
7 17 6 0.65
7 17 7 0.89
7 17 8 0.86
7 17 9 0.70
7 17 10 0.57
7 17 11 0.48
7 18 0 0.79
7 18 1 0.49
7 18 2 0.66
7 18 3 0.78
7 18 4 0.88
7 18 5 0.67
7 18 6 0.65
7 18 7 0.83
7 18 8 0.88
7 18 9 0.67
7 18 10 0.55
7 18 11 0.45
7 19 0 0.77
7 19 1 0.46
7 19 2 0.64
7 19 3 0.73
7 19 4 0.89
7 19 5 0.63
7 19 6 0.65
7 19 7 0.86
7 19 8 0.89
7 19 9 0.67
7 19 10 0.55
7 19 11 0.45
7 20 0 0.77
7 20 1 0.48
7 20 2 0.69
7 20 3 0.73
7 20 4 0.86
7 20 5 0.68
7 20 6 0.65
7 20 7 0.85
7 20 8 0.90
7 20 9 0.65
7 20 10 0.55
7 20 11 0.49
8 0 0 0.73
8 0 1 0.49
8 0 2 0.66
8 0 3 0.75
8 0 4 0.85
8 0 5 0.63
8 0 6 0.67
8 0 7 0.82
8 0 8 0.85
8 0 9 0.65
8 0 10 0.57
8 0 11 0.47
8 1 0 0.79
8 1 1 0.46
8 1 2 0.70
8 1 3 0.72
8 1 4 0.86
8 1 5 0.67
8 1 6 0.69
8 1 7 0.86
8 1 8 0.87
8 1 9 0.66
8 1 10 0.60
8 1 11 0.48
8 2 0 0.79
8 2 1 0.50
8 2 2 0.68
8 2 3 0.75
8 2 4 0.84
8 2 5 0.69
8 2 6 0.66
8 2 7 0.83
8 2 8 0.83
8 2 9 0.68
8 2 10 0.60
8 2 11 0.48
8 3 0 0.79
8 3 1 0.47
8 3 2 0.66
8 3 3 0.78
8 3 4 0.81
8 3 5 0.65
8 3 6 0.68
8 3 7 0.87
8 3 8 0.81
8 3 9 0.67
8 3 10 0.59
8 3 11 0.47
8 4 0 0.74
8 4 1 0.47
8 4 2 0.69
8 4 3 0.80
8 4 4 0.83
8 4 5 0.64
8 4 6 0.63
8 4 7 0.86
8 4 8 0.81
8 4 9 0.69
8 4 10 0.55
8 4 11 0.48
8 5 0 0.76
8 5 1 0.50
8 5 2 0.63
8 5 3 0.74
8 5 4 0.84
8 5 5 0.66
8 5 6 0.66
8 5 7 0.83
8 5 8 0.88
8 5 9 0.66
8 5 10 0.56
8 5 11 0.50
8 6 0 0.76
8 6 1 0.49
8 6 2 0.69
8 6 3 0.78
8 6 4 0.82
8 6 5 0.65
8 6 6 0.68
8 6 7 0.90
8 6 8 0.81
8 6 9 0.70
8 6 10 0.55
8 6 11 0.48
8 7 0 0.79
8 7 1 0.49
8 7 2 0.65
8 7 3 0.74
8 7 4 0.85
8 7 5 0.67
8 7 6 0.70
8 7 7 0.84
8 7 8 0.88
8 7 9 0.65
8 7 10 0.56
8 7 11 0.48
8 9 0 0.77
8 9 1 0.48
8 9 2 0.68
8 9 3 0.79
8 9 4 0.85
8 9 5 0.67
8 9 6 0.69
8 9 7 0.82
8 9 8 0.88
8 9 9 0.69
8 9 10 0.59
8 9 11 0.49
8 10 0 0.77
8 10 1 0.47
8 10 2 0.65
8 10 3 0.79
8 10 4 0.86
8 10 5 0.68
8 10 6 0.67
8 10 7 0.87
8 10 8 0.89
8 10 9 0.64
8 10 10 0.59
8 10 11 0.48
8 11 0 0.76
8 11 1 0.48
8 11 2 0.63
8 11 3 0.78
8 11 4 0.88
8 11 5 0.67
8 11 6 0.70
8 11 7 0.90
8 11 8 0.88
8 11 9 0.67
8 11 10 0.58
8 11 11 0.48
8 12 0 0.78
8 12 1 0.45
8 12 2 0.65
8 12 3 0.76
8 12 4 0.90
8 12 5 0.63
8 12 6 0.66
8 12 7 0.84
8 12 8 0.89
8 12 9 0.69
8 12 10 0.55
8 12 11 0.50
8 13 0 0.76
8 13 1 0.49
8 13 2 0.68
8 13 3 0.79
8 13 4 0.86
8 13 5 0.65
8 13 6 0.67
8 13 7 0.84
8 13 8 0.83
8 13 9 0.68
8 13 10 0.58
8 13 11 0.46
8 14 0 0.72
8 14 1 0.46
8 14 2 0.63
8 14 3 0.74
8 14 4 0.84
8 14 5 0.67
8 14 6 0.66
8 14 7 0.81
8 14 8 0.89
8 14 9 0.65
8 14 10 0.57
8 14 11 0.46
8 15 0 0.74
8 15 1 0.46
8 15 2 0.67
8 15 3 0.75
8 15 4 0.84
8 15 5 0.65
8 15 6 0.65
8 15 7 0.81
8 15 8 0.88
8 15 9 0.69
8 15 10 0.58
8 15 11 0.46
8 16 0 0.75
8 16 1 0.47
8 16 2 0.69
8 16 3 0.78
8 16 4 0.82
8 16 5 0.69
8 16 6 0.68
8 16 7 0.85
8 16 8 0.85
8 16 9 0.66
8 16 10 0.59
8 16 11 0.47
8 17 0 0.80
8 17 1 0.46
8 17 2 0.66
8 17 3 0.73
8 17 4 0.81
8 17 5 0.64
8 17 6 0.64
8 17 7 0.90
8 17 8 0.81
8 17 9 0.70
8 17 10 0.56
8 17 11 0.48
8 18 0 0.79
8 18 1 0.49
8 18 2 0.66
8 18 3 0.75
8 18 4 0.81
8 18 5 0.66
8 18 6 0.68
8 18 7 0.87
8 18 8 0.83
8 18 9 0.68
8 18 10 0.54
8 18 11 0.48
8 19 0 0.74
8 19 1 0.47
8 19 2 0.64
8 19 3 0.72
8 19 4 0.83
8 19 5 0.64
8 19 6 0.65
8 19 7 0.88
8 19 8 0.88
8 19 9 0.66
8 19 10 0.59
8 19 11 0.47
8 20 0 0.74
8 20 1 0.50
8 20 2 0.67
8 20 3 0.74
8 20 4 0.83
8 20 5 0.66
8 20 6 0.66
8 20 7 0.87
8 20 8 0.85
8 20 9 0.68
8 20 10 0.55
8 20 11 0.47
9 0 0 0.76
9 0 1 0.48
9 0 2 0.66
9 0 3 0.75
9 0 4 0.81
9 0 5 0.64
9 0 6 0.70
9 0 7 0.89
9 0 8 0.85
9 0 9 0.63
9 0 10 0.57
9 0 11 0.49
9 1 0 0.78
9 1 1 0.47
9 1 2 0.67
9 1 3 0.77
9 1 4 0.86
9 1 5 0.64
9 1 6 0.66
9 1 7 0.85
9 1 8 0.86
9 1 9 0.64
9 1 10 0.60
9 1 11 0.49
9 2 0 0.73
9 2 1 0.50
9 2 2 0.64
9 2 3 0.77
9 2 4 0.82
9 2 5 0.69
9 2 6 0.69
9 2 7 0.85
9 2 8 0.89
9 2 9 0.67
9 2 10 0.60
9 2 11 0.50
9 3 0 0.79
9 3 1 0.46
9 3 2 0.66
9 3 3 0.78
9 3 4 0.86
9 3 5 0.64
9 3 6 0.63
9 3 7 0.84
9 3 8 0.90
9 3 9 0.63
9 3 10 0.56
9 3 11 0.48
9 4 0 0.73
9 4 1 0.48
9 4 2 0.67
9 4 3 0.79
9 4 4 0.81
9 4 5 0.67
9 4 6 0.70
9 4 7 0.83
9 4 8 0.86
9 4 9 0.66
9 4 10 0.55
9 4 11 0.48
9 5 0 0.72
9 5 1 0.49
9 5 2 0.70
9 5 3 0.74
9 5 4 0.86
9 5 5 0.66
9 5 6 0.66
9 5 7 0.88
9 5 8 0.85
9 5 9 0.65
9 5 10 0.54
9 5 11 0.46
9 6 0 0.78
9 6 1 0.45
9 6 2 0.66
9 6 3 0.73
9 6 4 0.83
9 6 5 0.69
9 6 6 0.66
9 6 7 0.84
9 6 8 0.87
9 6 9 0.64
9 6 10 0.56
9 6 11 0.45
9 7 0 0.77
9 7 1 0.46
9 7 2 0.69
9 7 3 0.77
9 7 4 0.82
9 7 5 0.64
9 7 6 0.68
9 7 7 0.83
9 7 8 0.87
9 7 9 0.63
9 7 10 0.55
9 7 11 0.47
9 8 0 0.79
9 8 1 0.48
9 8 2 0.66
9 8 3 0.77
9 8 4 0.83
9 8 5 0.66
9 8 6 0.64
9 8 7 0.88
9 8 8 0.89
9 8 9 0.64
9 8 10 0.57
9 8 11 0.47
9 10 0 0.72
9 10 1 0.47
9 10 2 0.64
9 10 3 0.76
9 10 4 0.89
9 10 5 0.64
9 10 6 0.69
9 10 7 0.89
9 10 8 0.81
9 10 9 0.70
9 10 10 0.56
9 10 11 0.48
9 11 0 0.76
9 11 1 0.48
9 11 2 0.68
9 11 3 0.75
9 11 4 0.87
9 11 5 0.64
9 11 6 0.65
9 11 7 0.84
9 11 8 0.83
9 11 9 0.70
9 11 10 0.54
9 11 11 0.47
9 12 0 0.79
9 12 1 0.47
9 12 2 0.65
9 12 3 0.72
9 12 4 0.85
9 12 5 0.68
9 12 6 0.66
9 12 7 0.85
9 12 8 0.86
9 12 9 0.66
9 12 10 0.60
9 12 11 0.50
9 13 0 0.72
9 13 1 0.48
9 13 2 0.69
9 13 3 0.77
9 13 4 0.90
9 13 5 0.68
9 13 6 0.67
9 13 7 0.83
9 13 8 0.87
9 13 9 0.68
9 13 10 0.55
9 13 11 0.46
9 14 0 0.75
9 14 1 0.48
9 14 2 0.65
9 14 3 0.79
9 14 4 0.89
9 14 5 0.64
9 14 6 0.67
9 14 7 0.84
9 14 8 0.89
9 14 9 0.66
9 14 10 0.54
9 14 11 0.46
9 15 0 0.76
9 15 1 0.48
9 15 2 0.65
9 15 3 0.74
9 15 4 0.86
9 15 5 0.66
9 15 6 0.64
9 15 7 0.86
9 15 8 0.87
9 15 9 0.70
9 15 10 0.57
9 15 11 0.47
9 16 0 0.75
9 16 1 0.49
9 16 2 0.63
9 16 3 0.76
9 16 4 0.89
9 16 5 0.69
9 16 6 0.64
9 16 7 0.84
9 16 8 0.84
9 16 9 0.70
9 16 10 0.54
9 16 11 0.49
9 17 0 0.73
9 17 1 0.50
9 17 2 0.69
9 17 3 0.74
9 17 4 0.87
9 17 5 0.67
9 17 6 0.66
9 17 7 0.88
9 17 8 0.88
9 17 9 0.66
9 17 10 0.55
9 17 11 0.46
9 18 0 0.75
9 18 1 0.49
9 18 2 0.64
9 18 3 0.76
9 18 4 0.84
9 18 5 0.68
9 18 6 0.64
9 18 7 0.88
9 18 8 0.83
9 18 9 0.68
9 18 10 0.59
9 18 11 0.47
9 19 0 0.76
9 19 1 0.45
9 19 2 0.67
9 19 3 0.76
9 19 4 0.84
9 19 5 0.67
9 19 6 0.69
9 19 7 0.86
9 19 8 0.87
9 19 9 0.64
9 19 10 0.57
9 19 11 0.45
9 20 0 0.73
9 20 1 0.46
9 20 2 0.69
9 20 3 0.80
9 20 4 0.83
9 20 5 0.66
9 20 6 0.70
9 20 7 0.82
9 20 8 0.87
9 20 9 0.66
9 20 10 0.56
9 20 11 0.50
10 0 0 0.73
10 0 1 0.46
10 0 2 0.66
10 0 3 0.75
10 0 4 0.87
10 0 5 0.70
10 0 6 0.69
10 0 7 0.85
10 0 8 0.87
10 0 9 0.70
10 0 10 0.55
10 0 11 0.46
10 1 0 0.74
10 1 1 0.49
10 1 2 0.66
10 1 3 0.74
10 1 4 0.83
10 1 5 0.66
10 1 6 0.65
10 1 7 0.87
10 1 8 0.82
10 1 9 0.64
10 1 10 0.55
10 1 11 0.47
10 2 0 0.75
10 2 1 0.45
10 2 2 0.69
10 2 3 0.74
10 2 4 0.87
10 2 5 0.65
10 2 6 0.63
10 2 7 0.84
10 2 8 0.88
10 2 9 0.67
10 2 10 0.60
10 2 11 0.49
10 3 0 0.76
10 3 1 0.45
10 3 2 0.68
10 3 3 0.78
10 3 4 0.84
10 3 5 0.63
10 3 6 0.66
10 3 7 0.85
10 3 8 0.90
10 3 9 0.65
10 3 10 0.55
10 3 11 0.47
10 4 0 0.78
10 4 1 0.47
10 4 2 0.70
10 4 3 0.79
10 4 4 0.84
10 4 5 0.69
10 4 6 0.65
10 4 7 0.83
10 4 8 0.86
10 4 9 0.65
10 4 10 0.57
10 4 11 0.49
10 5 0 0.80
10 5 1 0.49
10 5 2 0.68
10 5 3 0.73
10 5 4 0.83
10 5 5 0.68
10 5 6 0.64
10 5 7 0.85
10 5 8 0.82
10 5 9 0.65
10 5 10 0.60
10 5 11 0.49
10 6 0 0.74
10 6 1 0.46
10 6 2 0.69
10 6 3 0.74
10 6 4 0.85
10 6 5 0.67
10 6 6 0.63
10 6 7 0.84
10 6 8 0.87
10 6 9 0.67
10 6 10 0.54
10 6 11 0.48
10 7 0 0.72
10 7 1 0.45
10 7 2 0.69
10 7 3 0.75
10 7 4 0.88
10 7 5 0.65
10 7 6 0.69
10 7 7 0.81
10 7 8 0.84
10 7 9 0.67
10 7 10 0.54
10 7 11 0.49
10 8 0 0.80
10 8 1 0.46
10 8 2 0.69
10 8 3 0.75
10 8 4 0.84
10 8 5 0.68
10 8 6 0.67
10 8 7 0.84
10 8 8 0.88
10 8 9 0.64
10 8 10 0.59
10 8 11 0.46
10 9 0 0.78
10 9 1 0.46
10 9 2 0.68
10 9 3 0.77
10 9 4 0.87
10 9 5 0.69
10 9 6 0.66
10 9 7 0.87
10 9 8 0.89
10 9 9 0.69
10 9 10 0.60
10 9 11 0.50
10 11 0 0.78
10 11 1 0.47
10 11 2 0.63
10 11 3 0.76
10 11 4 0.89
10 11 5 0.66
10 11 6 0.65
10 11 7 0.87
10 11 8 0.87
10 11 9 0.67
10 11 10 0.56
10 11 11 0.46
10 12 0 0.79
10 12 1 0.45
10 12 2 0.69
10 12 3 0.77
10 12 4 0.87
10 12 5 0.68
10 12 6 0.66
10 12 7 0.86
10 12 8 0.81
10 12 9 0.68
10 12 10 0.56
10 12 11 0.47
10 13 0 0.73
10 13 1 0.48
10 13 2 0.65
10 13 3 0.78
10 13 4 0.83
10 13 5 0.69
10 13 6 0.63
10 13 7 0.87
10 13 8 0.82
10 13 9 0.64
10 13 10 0.57
10 13 11 0.46
10 14 0 0.77
10 14 1 0.50
10 14 2 0.63
10 14 3 0.80
10 14 4 0.87
10 14 5 0.67
10 14 6 0.68
10 14 7 0.85
10 14 8 0.84
10 14 9 0.69
10 14 10 0.59
10 14 11 0.46
10 15 0 0.74
10 15 1 0.49
10 15 2 0.65
10 15 3 0.79
10 15 4 0.86
10 15 5 0.65
10 15 6 0.67
10 15 7 0.86
10 15 8 0.84
10 15 9 0.69
10 15 10 0.56
10 15 11 0.49
10 16 0 0.77
10 16 1 0.48
10 16 2 0.66
10 16 3 0.78
10 16 4 0.88
10 16 5 0.65
10 16 6 0.63
10 16 7 0.83
10 16 8 0.87
10 16 9 0.69
10 16 10 0.57
10 16 11 0.49
10 17 0 0.77
10 17 1 0.47
10 17 2 0.66
10 17 3 0.78
10 17 4 0.84
10 17 5 0.66
10 17 6 0.64
10 17 7 0.89
10 17 8 0.89
10 17 9 0.70
10 17 10 0.59
10 17 11 0.45
10 18 0 0.75
10 18 1 0.47
10 18 2 0.68
10 18 3 0.72
10 18 4 0.85
10 18 5 0.66
10 18 6 0.66
10 18 7 0.85
10 18 8 0.85
10 18 9 0.69
10 18 10 0.56
10 18 11 0.47
10 19 0 0.74
10 19 1 0.48
10 19 2 0.69
10 19 3 0.72
10 19 4 0.82
10 19 5 0.67
10 19 6 0.63
10 19 7 0.82
10 19 8 0.84
10 19 9 0.69
10 19 10 0.54
10 19 11 0.49
10 20 0 0.78
10 20 1 0.47
10 20 2 0.67
10 20 3 0.75
10 20 4 0.83
10 20 5 0.66
10 20 6 0.65
10 20 7 0.83
10 20 8 0.89
10 20 9 0.64
10 20 10 0.55
10 20 11 0.48
11 0 0 0.79
11 0 1 0.47
11 0 2 0.64
11 0 3 0.73
11 0 4 0.89
11 0 5 0.69
11 0 6 0.67
11 0 7 0.86
11 0 8 0.88
11 0 9 0.63
11 0 10 0.58
11 0 11 0.48
11 1 0 0.74
11 1 1 0.49
11 1 2 0.65
11 1 3 0.79
11 1 4 0.81
11 1 5 0.63
11 1 6 0.65
11 1 7 0.84
11 1 8 0.84
11 1 9 0.67
11 1 10 0.57
11 1 11 0.47
11 2 0 0.77
11 2 1 0.45
11 2 2 0.65
11 2 3 0.75
11 2 4 0.84
11 2 5 0.65
11 2 6 0.65
11 2 7 0.85
11 2 8 0.83
11 2 9 0.63
11 2 10 0.55
11 2 11 0.46
11 3 0 0.79
11 3 1 0.48
11 3 2 0.65
11 3 3 0.77
11 3 4 0.82
11 3 5 0.69
11 3 6 0.67
11 3 7 0.81
11 3 8 0.85
11 3 9 0.67
11 3 10 0.58
11 3 11 0.46
11 4 0 0.77
11 4 1 0.48
11 4 2 0.69
11 4 3 0.76
11 4 4 0.82
11 4 5 0.64
11 4 6 0.64
11 4 7 0.88
11 4 8 0.89
11 4 9 0.66
11 4 10 0.54
11 4 11 0.46
11 5 0 0.72
11 5 1 0.47
11 5 2 0.66
11 5 3 0.73
11 5 4 0.82
11 5 5 0.63
11 5 6 0.64
11 5 7 0.86
11 5 8 0.86
11 5 9 0.63
11 5 10 0.58
11 5 11 0.47
11 6 0 0.78
11 6 1 0.46
11 6 2 0.66
11 6 3 0.77
11 6 4 0.82
11 6 5 0.69
11 6 6 0.66
11 6 7 0.84
11 6 8 0.84
11 6 9 0.67
11 6 10 0.59
11 6 11 0.48
11 7 0 0.79
11 7 1 0.46
11 7 2 0.68
11 7 3 0.80
11 7 4 0.81
11 7 5 0.69
11 7 6 0.63
11 7 7 0.86
11 7 8 0.85
11 7 9 0.69
11 7 10 0.58
11 7 11 0.49
11 8 0 0.74
11 8 1 0.49
11 8 2 0.68
11 8 3 0.78
11 8 4 0.89
11 8 5 0.68
11 8 6 0.68
11 8 7 0.88
11 8 8 0.88
11 8 9 0.65
11 8 10 0.58
11 8 11 0.45
11 9 0 0.79
11 9 1 0.46
11 9 2 0.68
11 9 3 0.74
11 9 4 0.83
11 9 5 0.64
11 9 6 0.66
11 9 7 0.90
11 9 8 0.90
11 9 9 0.63
11 9 10 0.54
11 9 11 0.46
11 10 0 0.77
11 10 1 0.48
11 10 2 0.66
11 10 3 0.75
11 10 4 0.81
11 10 5 0.69
11 10 6 0.64
11 10 7 0.83
11 10 8 0.89
11 10 9 0.70
11 10 10 0.56
11 10 11 0.46
11 12 0 0.76
11 12 1 0.49
11 12 2 0.64
11 12 3 0.74
11 12 4 0.89
11 12 5 0.66
11 12 6 0.66
11 12 7 0.90
11 12 8 0.85
11 12 9 0.66
11 12 10 0.57
11 12 11 0.47
11 13 0 0.77
11 13 1 0.47
11 13 2 0.64
11 13 3 0.75
11 13 4 0.84
11 13 5 0.64
11 13 6 0.64
11 13 7 0.84
11 13 8 0.85
11 13 9 0.65
11 13 10 0.54
11 13 11 0.48
11 14 0 0.80
11 14 1 0.48
11 14 2 0.69
11 14 3 0.78
11 14 4 0.88
11 14 5 0.70
11 14 6 0.65
11 14 7 0.87
11 14 8 0.84
11 14 9 0.65
11 14 10 0.56
11 14 11 0.46
11 15 0 0.78
11 15 1 0.49
11 15 2 0.64
11 15 3 0.79
11 15 4 0.89
11 15 5 0.63
11 15 6 0.65
11 15 7 0.87
11 15 8 0.88
11 15 9 0.66
11 15 10 0.55
11 15 11 0.49
11 16 0 0.76
11 16 1 0.46
11 16 2 0.66
11 16 3 0.78
11 16 4 0.87
11 16 5 0.69
11 16 6 0.67
11 16 7 0.86
11 16 8 0.88
11 16 9 0.68
11 16 10 0.55
11 16 11 0.47
11 17 0 0.73
11 17 1 0.48
11 17 2 0.70
11 17 3 0.79
11 17 4 0.83
11 17 5 0.64
11 17 6 0.65
11 17 7 0.87
11 17 8 0.84
11 17 9 0.67
11 17 10 0.59
11 17 11 0.49
11 18 0 0.76
11 18 1 0.47
11 18 2 0.63
11 18 3 0.80
11 18 4 0.83
11 18 5 0.66
11 18 6 0.65
11 18 7 0.84
11 18 8 0.89
11 18 9 0.70
11 18 10 0.58
11 18 11 0.48
11 19 0 0.79
11 19 1 0.49
11 19 2 0.68
11 19 3 0.73
11 19 4 0.89
11 19 5 0.64
11 19 6 0.65
11 19 7 0.85
11 19 8 0.87
11 19 9 0.69
11 19 10 0.57
11 19 11 0.45
11 20 0 0.77
11 20 1 0.49
11 20 2 0.64
11 20 3 0.76
11 20 4 0.90
11 20 5 0.69
11 20 6 0.66
11 20 7 0.85
11 20 8 0.85
11 20 9 0.68
11 20 10 0.58
11 20 11 0.48
12 0 0 0.74
12 0 1 0.46
12 0 2 0.66
12 0 3 0.78
12 0 4 0.83
12 0 5 0.66
12 0 6 0.67
12 0 7 0.81
12 0 8 0.84
12 0 9 0.70
12 0 10 0.58
12 0 11 0.47
12 1 0 0.73
12 1 1 0.46
12 1 2 0.69
12 1 3 0.80
12 1 4 0.84
12 1 5 0.63
12 1 6 0.69
12 1 7 0.88
12 1 8 0.83
12 1 9 0.64
12 1 10 0.54
12 1 11 0.47
12 2 0 0.76
12 2 1 0.46
12 2 2 0.67
12 2 3 0.79
12 2 4 0.83
12 2 5 0.67
12 2 6 0.69
12 2 7 0.82
12 2 8 0.84
12 2 9 0.64
12 2 10 0.58
12 2 11 0.46
12 3 0 0.73
12 3 1 0.50
12 3 2 0.67
12 3 3 0.74
12 3 4 0.82
12 3 5 0.67
12 3 6 0.65
12 3 7 0.88
12 3 8 0.86
12 3 9 0.69
12 3 10 0.59
12 3 11 0.46
12 4 0 0.74
12 4 1 0.50
12 4 2 0.69
12 4 3 0.80
12 4 4 0.87
12 4 5 0.66
12 4 6 0.63
12 4 7 0.82
12 4 8 0.87
12 4 9 0.69
12 4 10 0.55
12 4 11 0.48
12 5 0 0.80
12 5 1 0.48
12 5 2 0.69
12 5 3 0.74
12 5 4 0.90
12 5 5 0.65
12 5 6 0.63
12 5 7 0.83
12 5 8 0.88
12 5 9 0.67
12 5 10 0.57
12 5 11 0.47
12 6 0 0.79
12 6 1 0.48
12 6 2 0.64
12 6 3 0.72
12 6 4 0.84
12 6 5 0.63
12 6 6 0.67
12 6 7 0.83
12 6 8 0.84
12 6 9 0.68
12 6 10 0.58
12 6 11 0.45
12 7 0 0.80
12 7 1 0.47
12 7 2 0.69
12 7 3 0.77
12 7 4 0.89
12 7 5 0.67
12 7 6 0.67
12 7 7 0.88
12 7 8 0.83
12 7 9 0.68
12 7 10 0.57
12 7 11 0.47
12 8 0 0.77
12 8 1 0.49
12 8 2 0.67
12 8 3 0.73
12 8 4 0.84
12 8 5 0.67
12 8 6 0.66
12 8 7 0.82
12 8 8 0.87
12 8 9 0.67
12 8 10 0.55
12 8 11 0.49
12 9 0 0.77
12 9 1 0.47
12 9 2 0.67
12 9 3 0.77
12 9 4 0.84
12 9 5 0.65
12 9 6 0.66
12 9 7 0.89
12 9 8 0.88
12 9 9 0.69
12 9 10 0.57
12 9 11 0.46
12 10 0 0.80
12 10 1 0.48
12 10 2 0.63
12 10 3 0.76
12 10 4 0.89
12 10 5 0.68
12 10 6 0.64
12 10 7 0.81
12 10 8 0.85
12 10 9 0.65
12 10 10 0.56
12 10 11 0.49
12 11 0 0.75
12 11 1 0.45
12 11 2 0.67
12 11 3 0.72
12 11 4 0.85
12 11 5 0.68
12 11 6 0.66
12 11 7 0.81
12 11 8 0.84
12 11 9 0.65
12 11 10 0.55
12 11 11 0.50
12 13 0 0.76
12 13 1 0.46
12 13 2 0.68
12 13 3 0.76
12 13 4 0.89
12 13 5 0.65
12 13 6 0.64
12 13 7 0.83
12 13 8 0.81
12 13 9 0.68
12 13 10 0.59
12 13 11 0.47
12 14 0 0.79
12 14 1 0.45
12 14 2 0.66
12 14 3 0.74
12 14 4 0.86
12 14 5 0.64
12 14 6 0.69
12 14 7 0.86
12 14 8 0.82
12 14 9 0.64
12 14 10 0.60
12 14 11 0.46
12 15 0 0.80
12 15 1 0.46
12 15 2 0.69
12 15 3 0.80
12 15 4 0.88
12 15 5 0.67
12 15 6 0.63
12 15 7 0.81
12 15 8 0.83
12 15 9 0.66
12 15 10 0.60
12 15 11 0.46
12 16 0 0.79
12 16 1 0.48
12 16 2 0.63
12 16 3 0.73
12 16 4 0.85
12 16 5 0.69
12 16 6 0.70
12 16 7 0.84
12 16 8 0.86
12 16 9 0.65
12 16 10 0.54
12 16 11 0.50
12 17 0 0.74
12 17 1 0.49
12 17 2 0.63
12 17 3 0.80
12 17 4 0.87
12 17 5 0.64
12 17 6 0.66
12 17 7 0.85
12 17 8 0.82
12 17 9 0.64
12 17 10 0.60
12 17 11 0.47
12 18 0 0.74
12 18 1 0.46
12 18 2 0.65
12 18 3 0.75
12 18 4 0.89
12 18 5 0.69
12 18 6 0.64
12 18 7 0.83
12 18 8 0.88
12 18 9 0.67
12 18 10 0.55
12 18 11 0.45
12 19 0 0.72
12 19 1 0.49
12 19 2 0.64
12 19 3 0.73
12 19 4 0.88
12 19 5 0.65
12 19 6 0.65
12 19 7 0.82
12 19 8 0.85
12 19 9 0.67
12 19 10 0.56
12 19 11 0.47
12 20 0 0.76
12 20 1 0.46
12 20 2 0.68
12 20 3 0.73
12 20 4 0.84
12 20 5 0.68
12 20 6 0.65
12 20 7 0.90
12 20 8 0.85
12 20 9 0.64
12 20 10 0.55
12 20 11 0.48
13 0 0 0.79
13 0 1 0.50
13 0 2 0.70
13 0 3 0.77
13 0 4 0.83
13 0 5 0.65
13 0 6 0.65
13 0 7 0.86
13 0 8 0.83
13 0 9 0.68
13 0 10 0.56
13 0 11 0.49
13 1 0 0.75
13 1 1 0.46
13 1 2 0.65
13 1 3 0.78
13 1 4 0.87
13 1 5 0.65
13 1 6 0.67
13 1 7 0.89
13 1 8 0.85
13 1 9 0.68
13 1 10 0.55
13 1 11 0.49
13 2 0 0.74
13 2 1 0.49
13 2 2 0.68
13 2 3 0.79
13 2 4 0.87
13 2 5 0.69
13 2 6 0.63
13 2 7 0.82
13 2 8 0.83
13 2 9 0.64
13 2 10 0.57
13 2 11 0.50
13 3 0 0.79
13 3 1 0.45
13 3 2 0.64
13 3 3 0.73
13 3 4 0.82
13 3 5 0.70
13 3 6 0.66
13 3 7 0.86
13 3 8 0.86
13 3 9 0.65
13 3 10 0.56
13 3 11 0.46
13 4 0 0.73
13 4 1 0.50
13 4 2 0.69
13 4 3 0.78
13 4 4 0.83
13 4 5 0.64
13 4 6 0.64
13 4 7 0.86
13 4 8 0.87
13 4 9 0.68
13 4 10 0.57
13 4 11 0.49
13 5 0 0.77
13 5 1 0.45
13 5 2 0.69
13 5 3 0.74
13 5 4 0.88
13 5 5 0.69
13 5 6 0.68
13 5 7 0.84
13 5 8 0.88
13 5 9 0.68
13 5 10 0.55
13 5 11 0.50
13 6 0 0.79
13 6 1 0.46
13 6 2 0.67
13 6 3 0.74
13 6 4 0.85
13 6 5 0.67
13 6 6 0.68
13 6 7 0.82
13 6 8 0.89
13 6 9 0.69
13 6 10 0.55
13 6 11 0.49
13 7 0 0.77
13 7 1 0.47
13 7 2 0.65
13 7 3 0.79
13 7 4 0.85
13 7 5 0.68
13 7 6 0.64
13 7 7 0.84
13 7 8 0.86
13 7 9 0.64
13 7 10 0.54
13 7 11 0.48
13 8 0 0.74
13 8 1 0.49
13 8 2 0.67
13 8 3 0.80
13 8 4 0.83
13 8 5 0.69
13 8 6 0.65
13 8 7 0.90
13 8 8 0.82
13 8 9 0.65
13 8 10 0.59
13 8 11 0.48
13 9 0 0.73
13 9 1 0.47
13 9 2 0.64
13 9 3 0.75
13 9 4 0.83
13 9 5 0.69
13 9 6 0.65
13 9 7 0.84
13 9 8 0.82
13 9 9 0.69
13 9 10 0.57
13 9 11 0.47
13 10 0 0.78
13 10 1 0.46
13 10 2 0.68
13 10 3 0.72
13 10 4 0.86
13 10 5 0.68
13 10 6 0.66
13 10 7 0.86
13 10 8 0.86
13 10 9 0.63
13 10 10 0.55
13 10 11 0.46
13 11 0 0.78
13 11 1 0.46
13 11 2 0.65
13 11 3 0.77
13 11 4 0.84
13 11 5 0.64
13 11 6 0.65
13 11 7 0.88
13 11 8 0.84
13 11 9 0.66
13 11 10 0.56
13 11 11 0.48
13 12 0 0.74
13 12 1 0.46
13 12 2 0.66
13 12 3 0.74
13 12 4 0.88
13 12 5 0.69
13 12 6 0.70
13 12 7 0.88
13 12 8 0.82
13 12 9 0.68
13 12 10 0.57
13 12 11 0.50
13 14 0 0.74
13 14 1 0.47
13 14 2 0.69
13 14 3 0.73
13 14 4 0.83
13 14 5 0.69
13 14 6 0.65
13 14 7 0.90
13 14 8 0.81
13 14 9 0.66
13 14 10 0.59
13 14 11 0.46
13 15 0 0.72
13 15 1 0.46
13 15 2 0.68
13 15 3 0.74
13 15 4 0.84
13 15 5 0.66
13 15 6 0.64
13 15 7 0.88
13 15 8 0.87
13 15 9 0.67
13 15 10 0.60
13 15 11 0.48
13 16 0 0.72
13 16 1 0.47
13 16 2 0.66
13 16 3 0.77
13 16 4 0.86
13 16 5 0.68
13 16 6 0.67
13 16 7 0.86
13 16 8 0.88
13 16 9 0.65
13 16 10 0.57
13 16 11 0.48
13 17 0 0.80
13 17 1 0.47
13 17 2 0.63
13 17 3 0.75
13 17 4 0.89
13 17 5 0.64
13 17 6 0.64
13 17 7 0.83
13 17 8 0.85
13 17 9 0.66
13 17 10 0.58
13 17 11 0.48
13 18 0 0.75
13 18 1 0.46
13 18 2 0.66
13 18 3 0.77
13 18 4 0.86
13 18 5 0.66
13 18 6 0.65
13 18 7 0.84
13 18 8 0.86
13 18 9 0.68
13 18 10 0.58
13 18 11 0.45
13 19 0 0.76
13 19 1 0.46
13 19 2 0.68
13 19 3 0.74
13 19 4 0.87
13 19 5 0.64
13 19 6 0.65
13 19 7 0.88
13 19 8 0.82
13 19 9 0.63
13 19 10 0.57
13 19 11 0.47
13 20 0 0.73
13 20 1 0.48
13 20 2 0.68
13 20 3 0.73
13 20 4 0.87
13 20 5 0.67
13 20 6 0.69
13 20 7 0.84
13 20 8 0.87
13 20 9 0.65
13 20 10 0.60
13 20 11 0.47
14 0 0 0.76
14 0 1 0.50
14 0 2 0.65
14 0 3 0.76
14 0 4 0.87
14 0 5 0.65
14 0 6 0.64
14 0 7 0.85
14 0 8 0.85
14 0 9 0.64
14 0 10 0.58
14 0 11 0.46
14 1 0 0.78
14 1 1 0.45
14 1 2 0.69
14 1 3 0.77
14 1 4 0.89
14 1 5 0.66
14 1 6 0.65
14 1 7 0.83
14 1 8 0.86
14 1 9 0.68
14 1 10 0.56
14 1 11 0.48
14 2 0 0.77
14 2 1 0.47
14 2 2 0.67
14 2 3 0.74
14 2 4 0.81
14 2 5 0.64
14 2 6 0.65
14 2 7 0.82
14 2 8 0.85
14 2 9 0.66
14 2 10 0.55
14 2 11 0.46
14 3 0 0.75
14 3 1 0.48
14 3 2 0.68
14 3 3 0.76
14 3 4 0.84
14 3 5 0.63
14 3 6 0.68
14 3 7 0.86
14 3 8 0.87
14 3 9 0.64
14 3 10 0.55
14 3 11 0.49
14 4 0 0.75
14 4 1 0.47
14 4 2 0.64
14 4 3 0.74
14 4 4 0.82
14 4 5 0.65
14 4 6 0.69
14 4 7 0.82
14 4 8 0.89
14 4 9 0.65
14 4 10 0.59
14 4 11 0.46
14 5 0 0.76
14 5 1 0.48
14 5 2 0.68
14 5 3 0.76
14 5 4 0.89
14 5 5 0.70
14 5 6 0.63
14 5 7 0.89
14 5 8 0.87
14 5 9 0.67
14 5 10 0.55
14 5 11 0.49
14 6 0 0.78
14 6 1 0.50
14 6 2 0.63
14 6 3 0.79
14 6 4 0.86
14 6 5 0.66
14 6 6 0.64
14 6 7 0.83
14 6 8 0.90
14 6 9 0.67
14 6 10 0.55
14 6 11 0.46
14 7 0 0.78
14 7 1 0.50
14 7 2 0.66
14 7 3 0.79
14 7 4 0.90
14 7 5 0.69
14 7 6 0.70
14 7 7 0.86
14 7 8 0.86
14 7 9 0.67
14 7 10 0.59
14 7 11 0.50
14 8 0 0.80
14 8 1 0.50
14 8 2 0.67
14 8 3 0.74
14 8 4 0.86
14 8 5 0.68
14 8 6 0.64
14 8 7 0.87
14 8 8 0.86
14 8 9 0.66
14 8 10 0.59
14 8 11 0.46
14 9 0 0.75
14 9 1 0.50
14 9 2 0.64
14 9 3 0.80
14 9 4 0.85
14 9 5 0.66
14 9 6 0.67
14 9 7 0.84
14 9 8 0.84
14 9 9 0.67
14 9 10 0.55
14 9 11 0.50
14 10 0 0.77
14 10 1 0.47
14 10 2 0.64
14 10 3 0.75
14 10 4 0.84
14 10 5 0.67
14 10 6 0.66
14 10 7 0.82
14 10 8 0.84
14 10 9 0.68
14 10 10 0.59
14 10 11 0.46
14 11 0 0.73
14 11 1 0.45
14 11 2 0.65
14 11 3 0.78
14 11 4 0.86
14 11 5 0.66
14 11 6 0.65
14 11 7 0.88
14 11 8 0.87
14 11 9 0.68
14 11 10 0.55
14 11 11 0.45
14 12 0 0.76
14 12 1 0.47
14 12 2 0.64
14 12 3 0.79
14 12 4 0.85
14 12 5 0.68
14 12 6 0.64
14 12 7 0.86
14 12 8 0.82
14 12 9 0.69
14 12 10 0.60
14 12 11 0.47
14 13 0 0.74
14 13 1 0.46
14 13 2 0.67
14 13 3 0.79
14 13 4 0.90
14 13 5 0.64
14 13 6 0.63
14 13 7 0.90
14 13 8 0.86
14 13 9 0.70
14 13 10 0.60
14 13 11 0.49
14 15 0 0.79
14 15 1 0.45
14 15 2 0.63
14 15 3 0.73
14 15 4 0.84
14 15 5 0.68
14 15 6 0.65
14 15 7 0.87
14 15 8 0.86
14 15 9 0.67
14 15 10 0.54
14 15 11 0.47
14 16 0 0.74
14 16 1 0.49
14 16 2 0.69
14 16 3 0.75
14 16 4 0.84
14 16 5 0.68
14 16 6 0.64
14 16 7 0.89
14 16 8 0.85
14 16 9 0.68
14 16 10 0.58
14 16 11 0.46
14 17 0 0.78
14 17 1 0.47
14 17 2 0.69
14 17 3 0.79
14 17 4 0.81
14 17 5 0.68
14 17 6 0.69
14 17 7 0.88
14 17 8 0.85
14 17 9 0.66
14 17 10 0.60
14 17 11 0.46
14 18 0 0.73
14 18 1 0.48
14 18 2 0.63
14 18 3 0.77
14 18 4 0.83
14 18 5 0.65
14 18 6 0.65
14 18 7 0.85
14 18 8 0.84
14 18 9 0.63
14 18 10 0.55
14 18 11 0.47
14 19 0 0.72
14 19 1 0.47
14 19 2 0.68
14 19 3 0.79
14 19 4 0.82
14 19 5 0.67
14 19 6 0.66
14 19 7 0.90
14 19 8 0.87
14 19 9 0.65
14 19 10 0.56
14 19 11 0.49
14 20 0 0.79
14 20 1 0.49
14 20 2 0.66
14 20 3 0.76
14 20 4 0.85
14 20 5 0.67
14 20 6 0.67
14 20 7 0.85
14 20 8 0.89
14 20 9 0.64
14 20 10 0.58
14 20 11 0.46
15 0 0 0.77
15 0 1 0.49
15 0 2 0.64
15 0 3 0.74
15 0 4 0.85
15 0 5 0.68
15 0 6 0.66
15 0 7 0.88
15 0 8 0.88
15 0 9 0.69
15 0 10 0.59
15 0 11 0.45
15 1 0 0.75
15 1 1 0.46
15 1 2 0.63
15 1 3 0.77
15 1 4 0.85
15 1 5 0.68
15 1 6 0.69
15 1 7 0.82
15 1 8 0.86
15 1 9 0.69
15 1 10 0.55
15 1 11 0.46
15 2 0 0.77
15 2 1 0.46
15 2 2 0.68
15 2 3 0.74
15 2 4 0.90
15 2 5 0.63
15 2 6 0.68
15 2 7 0.89
15 2 8 0.86
15 2 9 0.65
15 2 10 0.55
15 2 11 0.49
15 3 0 0.78
15 3 1 0.47
15 3 2 0.64
15 3 3 0.75
15 3 4 0.87
15 3 5 0.66
15 3 6 0.69
15 3 7 0.82
15 3 8 0.87
15 3 9 0.69
15 3 10 0.57
15 3 11 0.45
15 4 0 0.79
15 4 1 0.49
15 4 2 0.67
15 4 3 0.77
15 4 4 0.88
15 4 5 0.70
15 4 6 0.67
15 4 7 0.87
15 4 8 0.86
15 4 9 0.64
15 4 10 0.54
15 4 11 0.48
15 5 0 0.72
15 5 1 0.46
15 5 2 0.65
15 5 3 0.77
15 5 4 0.88
15 5 5 0.63
15 5 6 0.64
15 5 7 0.89
15 5 8 0.84
15 5 9 0.67
15 5 10 0.56
15 5 11 0.49
15 6 0 0.74
15 6 1 0.47
15 6 2 0.64
15 6 3 0.75
15 6 4 0.83
15 6 5 0.67
15 6 6 0.69
15 6 7 0.84
15 6 8 0.87
15 6 9 0.63
15 6 10 0.58
15 6 11 0.46
15 7 0 0.74
15 7 1 0.47
15 7 2 0.66
15 7 3 0.77
15 7 4 0.83
15 7 5 0.67
15 7 6 0.69
15 7 7 0.83
15 7 8 0.89
15 7 9 0.69
15 7 10 0.57
15 7 11 0.47
15 8 0 0.74
15 8 1 0.50
15 8 2 0.65
15 8 3 0.79
15 8 4 0.84
15 8 5 0.63
15 8 6 0.65
15 8 7 0.89
15 8 8 0.87
15 8 9 0.66
15 8 10 0.59
15 8 11 0.48
15 9 0 0.76
15 9 1 0.48
15 9 2 0.63
15 9 3 0.79
15 9 4 0.84
15 9 5 0.66
15 9 6 0.66
15 9 7 0.84
15 9 8 0.88
15 9 9 0.64
15 9 10 0.60
15 9 11 0.47
15 10 0 0.80
15 10 1 0.48
15 10 2 0.64
15 10 3 0.74
15 10 4 0.81
15 10 5 0.66
15 10 6 0.65
15 10 7 0.83
15 10 8 0.87
15 10 9 0.68
15 10 10 0.54
15 10 11 0.45
15 11 0 0.73
15 11 1 0.46
15 11 2 0.69
15 11 3 0.75
15 11 4 0.89
15 11 5 0.69
15 11 6 0.68
15 11 7 0.82
15 11 8 0.86
15 11 9 0.67
15 11 10 0.57
15 11 11 0.49
15 12 0 0.75
15 12 1 0.48
15 12 2 0.69
15 12 3 0.76
15 12 4 0.90
15 12 5 0.69
15 12 6 0.69
15 12 7 0.82
15 12 8 0.89
15 12 9 0.69
15 12 10 0.55
15 12 11 0.50
15 13 0 0.72
15 13 1 0.47
15 13 2 0.64
15 13 3 0.80
15 13 4 0.84
15 13 5 0.65
15 13 6 0.65
15 13 7 0.84
15 13 8 0.86
15 13 9 0.69
15 13 10 0.56
15 13 11 0.48
15 14 0 0.76
15 14 1 0.47
15 14 2 0.66
15 14 3 0.77
15 14 4 0.86
15 14 5 0.69
15 14 6 0.69
15 14 7 0.83
15 14 8 0.86
15 14 9 0.68
15 14 10 0.56
15 14 11 0.49
15 16 0 0.76
15 16 1 0.46
15 16 2 0.68
15 16 3 0.75
15 16 4 0.82
15 16 5 0.66
15 16 6 0.64
15 16 7 0.85
15 16 8 0.87
15 16 9 0.68
15 16 10 0.57
15 16 11 0.46
15 17 0 0.80
15 17 1 0.49
15 17 2 0.63
15 17 3 0.77
15 17 4 0.89
15 17 5 0.66
15 17 6 0.67
15 17 7 0.88
15 17 8 0.84
15 17 9 0.65
15 17 10 0.58
15 17 11 0.47
15 18 0 0.73
15 18 1 0.46
15 18 2 0.68
15 18 3 0.77
15 18 4 0.86
15 18 5 0.64
15 18 6 0.65
15 18 7 0.88
15 18 8 0.88
15 18 9 0.66
15 18 10 0.59
15 18 11 0.48
15 19 0 0.76
15 19 1 0.48
15 19 2 0.66
15 19 3 0.75
15 19 4 0.81
15 19 5 0.66
15 19 6 0.67
15 19 7 0.89
15 19 8 0.85
15 19 9 0.69
15 19 10 0.58
15 19 11 0.47
15 20 0 0.77
15 20 1 0.49
15 20 2 0.66
15 20 3 0.77
15 20 4 0.84
15 20 5 0.67
15 20 6 0.69
15 20 7 0.84
15 20 8 0.85
15 20 9 0.70
15 20 10 0.56
15 20 11 0.45
16 0 0 0.75
16 0 1 0.48
16 0 2 0.68
16 0 3 0.77
16 0 4 0.86
16 0 5 0.70
16 0 6 0.68
16 0 7 0.82
16 0 8 0.83
16 0 9 0.67
16 0 10 0.55
16 0 11 0.48
16 1 0 0.76
16 1 1 0.47
16 1 2 0.66
16 1 3 0.76
16 1 4 0.84
16 1 5 0.65
16 1 6 0.67
16 1 7 0.88
16 1 8 0.82
16 1 9 0.70
16 1 10 0.57
16 1 11 0.49
16 2 0 0.74
16 2 1 0.49
16 2 2 0.69
16 2 3 0.79
16 2 4 0.84
16 2 5 0.69
16 2 6 0.69
16 2 7 0.86
16 2 8 0.89
16 2 9 0.69
16 2 10 0.58
16 2 11 0.48
16 3 0 0.76
16 3 1 0.45
16 3 2 0.66
16 3 3 0.78
16 3 4 0.88
16 3 5 0.68
16 3 6 0.64
16 3 7 0.90
16 3 8 0.86
16 3 9 0.67
16 3 10 0.60
16 3 11 0.45
16 4 0 0.75
16 4 1 0.47
16 4 2 0.69
16 4 3 0.78
16 4 4 0.88
16 4 5 0.69
16 4 6 0.66
16 4 7 0.85
16 4 8 0.88
16 4 9 0.65
16 4 10 0.57
16 4 11 0.50
16 5 0 0.79
16 5 1 0.48
16 5 2 0.65
16 5 3 0.74
16 5 4 0.83
16 5 5 0.65
16 5 6 0.67
16 5 7 0.85
16 5 8 0.87
16 5 9 0.69
16 5 10 0.58
16 5 11 0.48
16 6 0 0.78
16 6 1 0.49
16 6 2 0.67
16 6 3 0.76
16 6 4 0.85
16 6 5 0.65
16 6 6 0.64
16 6 7 0.83
16 6 8 0.88
16 6 9 0.67
16 6 10 0.57
16 6 11 0.50
16 7 0 0.76
16 7 1 0.48
16 7 2 0.69
16 7 3 0.76
16 7 4 0.85
16 7 5 0.69
16 7 6 0.67
16 7 7 0.85
16 7 8 0.89
16 7 9 0.70
16 7 10 0.56
16 7 11 0.49
16 8 0 0.79
16 8 1 0.45
16 8 2 0.68
16 8 3 0.74
16 8 4 0.86
16 8 5 0.65
16 8 6 0.68
16 8 7 0.88
16 8 8 0.83
16 8 9 0.67
16 8 10 0.55
16 8 11 0.47
16 9 0 0.74
16 9 1 0.47
16 9 2 0.67
16 9 3 0.73
16 9 4 0.86
16 9 5 0.64
16 9 6 0.68
16 9 7 0.86
16 9 8 0.81
16 9 9 0.67
16 9 10 0.55
16 9 11 0.47
16 10 0 0.80
16 10 1 0.48
16 10 2 0.67
16 10 3 0.74
16 10 4 0.87
16 10 5 0.65
16 10 6 0.63
16 10 7 0.84
16 10 8 0.89
16 10 9 0.70
16 10 10 0.57
16 10 11 0.47
16 11 0 0.79
16 11 1 0.46
16 11 2 0.65
16 11 3 0.74
16 11 4 0.89
16 11 5 0.69
16 11 6 0.64
16 11 7 0.86
16 11 8 0.84
16 11 9 0.67
16 11 10 0.58
16 11 11 0.45
16 12 0 0.74
16 12 1 0.49
16 12 2 0.70
16 12 3 0.79
16 12 4 0.83
16 12 5 0.63
16 12 6 0.69
16 12 7 0.89
16 12 8 0.84
16 12 9 0.63
16 12 10 0.59
16 12 11 0.45
16 13 0 0.73
16 13 1 0.48
16 13 2 0.63
16 13 3 0.75
16 13 4 0.90
16 13 5 0.64
16 13 6 0.66
16 13 7 0.82
16 13 8 0.81
16 13 9 0.70
16 13 10 0.58
16 13 11 0.48
16 14 0 0.78
16 14 1 0.46
16 14 2 0.64
16 14 3 0.75
16 14 4 0.87
16 14 5 0.67
16 14 6 0.64
16 14 7 0.90
16 14 8 0.82
16 14 9 0.65
16 14 10 0.55
16 14 11 0.49
16 15 0 0.78
16 15 1 0.50
16 15 2 0.69
16 15 3 0.77
16 15 4 0.86
16 15 5 0.67
16 15 6 0.68
16 15 7 0.88
16 15 8 0.82
16 15 9 0.66
16 15 10 0.57
16 15 11 0.49
16 17 0 0.76
16 17 1 0.46
16 17 2 0.68
16 17 3 0.79
16 17 4 0.86
16 17 5 0.67
16 17 6 0.69
16 17 7 0.84
16 17 8 0.86
16 17 9 0.65
16 17 10 0.54
16 17 11 0.46
16 18 0 0.77
16 18 1 0.48
16 18 2 0.68
16 18 3 0.75
16 18 4 0.90
16 18 5 0.66
16 18 6 0.63
16 18 7 0.82
16 18 8 0.86
16 18 9 0.69
16 18 10 0.58
16 18 11 0.50
16 19 0 0.78
16 19 1 0.48
16 19 2 0.65
16 19 3 0.75
16 19 4 0.84
16 19 5 0.66
16 19 6 0.68
16 19 7 0.88
16 19 8 0.85
16 19 9 0.67
16 19 10 0.55
16 19 11 0.49
16 20 0 0.76
16 20 1 0.49
16 20 2 0.66
16 20 3 0.76
16 20 4 0.86
16 20 5 0.65
16 20 6 0.64
16 20 7 0.88
16 20 8 0.90
16 20 9 0.63
16 20 10 0.59
16 20 11 0.48
17 0 0 0.78
17 0 1 0.48
17 0 2 0.66
17 0 3 0.75
17 0 4 0.88
17 0 5 0.65
17 0 6 0.64
17 0 7 0.83
17 0 8 0.85
17 0 9 0.68
17 0 10 0.57
17 0 11 0.46
17 1 0 0.76
17 1 1 0.45
17 1 2 0.69
17 1 3 0.77
17 1 4 0.84
17 1 5 0.64
17 1 6 0.66
17 1 7 0.82
17 1 8 0.85
17 1 9 0.67
17 1 10 0.54
17 1 11 0.48
17 2 0 0.75
17 2 1 0.47
17 2 2 0.68
17 2 3 0.76
17 2 4 0.81
17 2 5 0.64
17 2 6 0.65
17 2 7 0.89
17 2 8 0.87
17 2 9 0.65
17 2 10 0.57
17 2 11 0.48
17 3 0 0.73
17 3 1 0.47
17 3 2 0.68
17 3 3 0.74
17 3 4 0.83
17 3 5 0.69
17 3 6 0.63
17 3 7 0.82
17 3 8 0.86
17 3 9 0.67
17 3 10 0.56
17 3 11 0.47
17 4 0 0.79
17 4 1 0.45
17 4 2 0.67
17 4 3 0.77
17 4 4 0.85
17 4 5 0.66
17 4 6 0.67
17 4 7 0.87
17 4 8 0.85
17 4 9 0.68
17 4 10 0.58
17 4 11 0.45
17 5 0 0.75
17 5 1 0.48
17 5 2 0.68
17 5 3 0.76
17 5 4 0.86
17 5 5 0.69
17 5 6 0.67
17 5 7 0.90
17 5 8 0.87
17 5 9 0.67
17 5 10 0.54
17 5 11 0.47
17 6 0 0.74
17 6 1 0.45
17 6 2 0.67
17 6 3 0.74
17 6 4 0.83
17 6 5 0.70
17 6 6 0.65
17 6 7 0.87
17 6 8 0.82
17 6 9 0.67
17 6 10 0.59
17 6 11 0.50
17 7 0 0.75
17 7 1 0.47
17 7 2 0.66
17 7 3 0.77
17 7 4 0.83
17 7 5 0.69
17 7 6 0.70
17 7 7 0.90
17 7 8 0.83
17 7 9 0.68
17 7 10 0.58
17 7 11 0.46
17 8 0 0.77
17 8 1 0.49
17 8 2 0.65
17 8 3 0.78
17 8 4 0.85
17 8 5 0.66
17 8 6 0.65
17 8 7 0.89
17 8 8 0.82
17 8 9 0.68
17 8 10 0.58
17 8 11 0.47
17 9 0 0.77
17 9 1 0.49
17 9 2 0.69
17 9 3 0.78
17 9 4 0.86
17 9 5 0.67
17 9 6 0.68
17 9 7 0.89
17 9 8 0.84
17 9 9 0.69
17 9 10 0.57
17 9 11 0.45
17 10 0 0.78
17 10 1 0.49
17 10 2 0.66
17 10 3 0.77
17 10 4 0.82
17 10 5 0.69
17 10 6 0.66
17 10 7 0.88
17 10 8 0.83
17 10 9 0.64
17 10 10 0.60
17 10 11 0.48
17 11 0 0.74
17 11 1 0.46
17 11 2 0.64
17 11 3 0.77
17 11 4 0.82
17 11 5 0.68
17 11 6 0.66
17 11 7 0.90
17 11 8 0.86
17 11 9 0.66
17 11 10 0.54
17 11 11 0.50
17 12 0 0.79
17 12 1 0.49
17 12 2 0.68
17 12 3 0.77
17 12 4 0.84
17 12 5 0.69
17 12 6 0.69
17 12 7 0.86
17 12 8 0.85
17 12 9 0.68
17 12 10 0.54
17 12 11 0.49
17 13 0 0.79
17 13 1 0.48
17 13 2 0.64
17 13 3 0.78
17 13 4 0.87
17 13 5 0.64
17 13 6 0.67
17 13 7 0.82
17 13 8 0.82
17 13 9 0.69
17 13 10 0.60
17 13 11 0.46
17 14 0 0.78
17 14 1 0.50
17 14 2 0.65
17 14 3 0.74
17 14 4 0.86
17 14 5 0.65
17 14 6 0.70
17 14 7 0.85
17 14 8 0.90
17 14 9 0.65
17 14 10 0.57
17 14 11 0.46
17 15 0 0.77
17 15 1 0.49
17 15 2 0.70
17 15 3 0.79
17 15 4 0.85
17 15 5 0.66
17 15 6 0.68
17 15 7 0.85
17 15 8 0.82
17 15 9 0.63
17 15 10 0.56
17 15 11 0.47
17 16 0 0.79
17 16 1 0.47
17 16 2 0.65
17 16 3 0.76
17 16 4 0.81
17 16 5 0.67
17 16 6 0.65
17 16 7 0.82
17 16 8 0.82
17 16 9 0.68
17 16 10 0.56
17 16 11 0.46
17 18 0 0.73
17 18 1 0.48
17 18 2 0.66
17 18 3 0.74
17 18 4 0.84
17 18 5 0.64
17 18 6 0.69
17 18 7 0.86
17 18 8 0.86
17 18 9 0.66
17 18 10 0.57
17 18 11 0.49
17 19 0 0.73
17 19 1 0.45
17 19 2 0.63
17 19 3 0.75
17 19 4 0.82
17 19 5 0.66
17 19 6 0.65
17 19 7 0.87
17 19 8 0.84
17 19 9 0.69
17 19 10 0.60
17 19 11 0.47
17 20 0 0.73
17 20 1 0.46
17 20 2 0.66
17 20 3 0.76
17 20 4 0.84
17 20 5 0.65
17 20 6 0.67
17 20 7 0.88
17 20 8 0.88
17 20 9 0.66
17 20 10 0.55
17 20 11 0.46
18 0 0 0.72
18 0 1 0.46
18 0 2 0.67
18 0 3 0.76
18 0 4 0.90
18 0 5 0.67
18 0 6 0.64
18 0 7 0.89
18 0 8 0.83
18 0 9 0.63
18 0 10 0.57
18 0 11 0.49
18 1 0 0.75
18 1 1 0.49
18 1 2 0.70
18 1 3 0.76
18 1 4 0.84
18 1 5 0.67
18 1 6 0.64
18 1 7 0.82
18 1 8 0.84
18 1 9 0.68
18 1 10 0.57
18 1 11 0.48
18 2 0 0.77
18 2 1 0.48
18 2 2 0.63
18 2 3 0.74
18 2 4 0.83
18 2 5 0.64
18 2 6 0.68
18 2 7 0.87
18 2 8 0.82
18 2 9 0.68
18 2 10 0.59
18 2 11 0.46
18 3 0 0.78
18 3 1 0.50
18 3 2 0.64
18 3 3 0.74
18 3 4 0.81
18 3 5 0.66
18 3 6 0.68
18 3 7 0.82
18 3 8 0.82
18 3 9 0.64
18 3 10 0.57
18 3 11 0.46
18 4 0 0.73
18 4 1 0.46
18 4 2 0.69
18 4 3 0.72
18 4 4 0.85
18 4 5 0.70
18 4 6 0.65
18 4 7 0.86
18 4 8 0.82
18 4 9 0.63
18 4 10 0.54
18 4 11 0.46
18 5 0 0.77
18 5 1 0.48
18 5 2 0.66
18 5 3 0.79
18 5 4 0.86
18 5 5 0.68
18 5 6 0.67
18 5 7 0.82
18 5 8 0.83
18 5 9 0.69
18 5 10 0.57
18 5 11 0.48
18 6 0 0.79
18 6 1 0.48
18 6 2 0.65
18 6 3 0.75
18 6 4 0.88
18 6 5 0.64
18 6 6 0.70
18 6 7 0.88
18 6 8 0.85
18 6 9 0.69
18 6 10 0.56
18 6 11 0.49
18 7 0 0.79
18 7 1 0.50
18 7 2 0.64
18 7 3 0.75
18 7 4 0.82
18 7 5 0.67
18 7 6 0.69
18 7 7 0.85
18 7 8 0.84
18 7 9 0.66
18 7 10 0.55
18 7 11 0.49
18 8 0 0.75
18 8 1 0.47
18 8 2 0.66
18 8 3 0.73
18 8 4 0.87
18 8 5 0.66
18 8 6 0.70
18 8 7 0.90
18 8 8 0.87
18 8 9 0.65
18 8 10 0.55
18 8 11 0.47
18 9 0 0.75
18 9 1 0.48
18 9 2 0.70
18 9 3 0.80
18 9 4 0.86
18 9 5 0.64
18 9 6 0.70
18 9 7 0.89
18 9 8 0.83
18 9 9 0.64
18 9 10 0.59
18 9 11 0.50
18 10 0 0.74
18 10 1 0.47
18 10 2 0.67
18 10 3 0.79
18 10 4 0.86
18 10 5 0.69
18 10 6 0.67
18 10 7 0.84
18 10 8 0.83
18 10 9 0.64
18 10 10 0.58
18 10 11 0.47
18 11 0 0.75
18 11 1 0.50
18 11 2 0.68
18 11 3 0.80
18 11 4 0.87
18 11 5 0.69
18 11 6 0.64
18 11 7 0.84
18 11 8 0.85
18 11 9 0.64
18 11 10 0.55
18 11 11 0.47
18 12 0 0.76
18 12 1 0.48
18 12 2 0.65
18 12 3 0.76
18 12 4 0.82
18 12 5 0.65
18 12 6 0.66
18 12 7 0.89
18 12 8 0.85
18 12 9 0.69
18 12 10 0.55
18 12 11 0.48
18 13 0 0.72
18 13 1 0.45
18 13 2 0.66
18 13 3 0.78
18 13 4 0.89
18 13 5 0.69
18 13 6 0.70
18 13 7 0.84
18 13 8 0.83
18 13 9 0.68
18 13 10 0.54
18 13 11 0.46
18 14 0 0.76
18 14 1 0.48
18 14 2 0.63
18 14 3 0.72
18 14 4 0.84
18 14 5 0.64
18 14 6 0.70
18 14 7 0.83
18 14 8 0.84
18 14 9 0.68
18 14 10 0.56
18 14 11 0.46
18 15 0 0.79
18 15 1 0.47
18 15 2 0.64
18 15 3 0.76
18 15 4 0.83
18 15 5 0.70
18 15 6 0.65
18 15 7 0.84
18 15 8 0.81
18 15 9 0.64
18 15 10 0.56
18 15 11 0.50
18 16 0 0.73
18 16 1 0.50
18 16 2 0.68
18 16 3 0.79
18 16 4 0.85
18 16 5 0.67
18 16 6 0.68
18 16 7 0.82
18 16 8 0.87
18 16 9 0.69
18 16 10 0.57
18 16 11 0.49
18 17 0 0.76
18 17 1 0.47
18 17 2 0.65
18 17 3 0.77
18 17 4 0.82
18 17 5 0.65
18 17 6 0.65
18 17 7 0.88
18 17 8 0.89
18 17 9 0.65
18 17 10 0.60
18 17 11 0.48
18 19 0 0.74
18 19 1 0.47
18 19 2 0.68
18 19 3 0.79
18 19 4 0.84
18 19 5 0.70
18 19 6 0.67
18 19 7 0.81
18 19 8 0.82
18 19 9 0.70
18 19 10 0.55
18 19 11 0.49
18 20 0 0.77
18 20 1 0.46
18 20 2 0.67
18 20 3 0.72
18 20 4 0.81
18 20 5 0.68
18 20 6 0.67
18 20 7 0.81
18 20 8 0.87
18 20 9 0.65
18 20 10 0.56
18 20 11 0.47
19 0 0 0.78
19 0 1 0.48
19 0 2 0.66
19 0 3 0.77
19 0 4 0.85
19 0 5 0.67
19 0 6 0.63
19 0 7 0.85
19 0 8 0.86
19 0 9 0.70
19 0 10 0.56
19 0 11 0.48
19 1 0 0.75
19 1 1 0.46
19 1 2 0.64
19 1 3 0.76
19 1 4 0.88
19 1 5 0.66
19 1 6 0.69
19 1 7 0.88
19 1 8 0.85
19 1 9 0.65
19 1 10 0.54
19 1 11 0.47
19 2 0 0.76
19 2 1 0.47
19 2 2 0.68
19 2 3 0.75
19 2 4 0.87
19 2 5 0.65
19 2 6 0.69
19 2 7 0.89
19 2 8 0.81
19 2 9 0.69
19 2 10 0.55
19 2 11 0.46
19 3 0 0.74
19 3 1 0.49
19 3 2 0.69
19 3 3 0.76
19 3 4 0.82
19 3 5 0.66
19 3 6 0.68
19 3 7 0.82
19 3 8 0.82
19 3 9 0.69
19 3 10 0.57
19 3 11 0.47
19 4 0 0.76
19 4 1 0.46
19 4 2 0.69
19 4 3 0.79
19 4 4 0.88
19 4 5 0.65
19 4 6 0.67
19 4 7 0.88
19 4 8 0.85
19 4 9 0.64
19 4 10 0.56
19 4 11 0.47
19 5 0 0.74
19 5 1 0.46
19 5 2 0.63
19 5 3 0.79
19 5 4 0.84
19 5 5 0.64
19 5 6 0.64
19 5 7 0.86
19 5 8 0.82
19 5 9 0.64
19 5 10 0.54
19 5 11 0.45
19 6 0 0.77
19 6 1 0.49
19 6 2 0.66
19 6 3 0.75
19 6 4 0.89
19 6 5 0.68
19 6 6 0.65
19 6 7 0.88
19 6 8 0.82
19 6 9 0.70
19 6 10 0.59
19 6 11 0.46
19 7 0 0.75
19 7 1 0.50
19 7 2 0.65
19 7 3 0.76
19 7 4 0.84
19 7 5 0.64
19 7 6 0.67
19 7 7 0.84
19 7 8 0.85
19 7 9 0.63
19 7 10 0.59
19 7 11 0.49
19 8 0 0.76
19 8 1 0.45
19 8 2 0.70
19 8 3 0.78
19 8 4 0.83
19 8 5 0.66
19 8 6 0.70
19 8 7 0.87
19 8 8 0.87
19 8 9 0.67
19 8 10 0.57
19 8 11 0.45
19 9 0 0.74
19 9 1 0.47
19 9 2 0.65
19 9 3 0.74
19 9 4 0.89
19 9 5 0.66
19 9 6 0.67
19 9 7 0.81
19 9 8 0.88
19 9 9 0.63
19 9 10 0.60
19 9 11 0.48
19 10 0 0.74
19 10 1 0.46
19 10 2 0.68
19 10 3 0.78
19 10 4 0.82
19 10 5 0.67
19 10 6 0.68
19 10 7 0.82
19 10 8 0.88
19 10 9 0.68
19 10 10 0.58
19 10 11 0.48
19 11 0 0.72
19 11 1 0.48
19 11 2 0.65
19 11 3 0.76
19 11 4 0.89
19 11 5 0.70
19 11 6 0.68
19 11 7 0.83
19 11 8 0.85
19 11 9 0.63
19 11 10 0.55
19 11 11 0.50
19 12 0 0.80
19 12 1 0.48
19 12 2 0.70
19 12 3 0.78
19 12 4 0.85
19 12 5 0.70
19 12 6 0.65
19 12 7 0.90
19 12 8 0.83
19 12 9 0.70
19 12 10 0.58
19 12 11 0.48
19 13 0 0.73
19 13 1 0.46
19 13 2 0.65
19 13 3 0.74
19 13 4 0.87
19 13 5 0.67
19 13 6 0.64
19 13 7 0.87
19 13 8 0.85
19 13 9 0.69
19 13 10 0.57
19 13 11 0.49
19 14 0 0.79
19 14 1 0.48
19 14 2 0.68
19 14 3 0.77
19 14 4 0.85
19 14 5 0.67
19 14 6 0.64
19 14 7 0.86
19 14 8 0.84
19 14 9 0.65
19 14 10 0.55
19 14 11 0.46
19 15 0 0.73
19 15 1 0.49
19 15 2 0.70
19 15 3 0.75
19 15 4 0.86
19 15 5 0.67
19 15 6 0.65
19 15 7 0.85
19 15 8 0.89
19 15 9 0.64
19 15 10 0.56
19 15 11 0.46
19 16 0 0.79
19 16 1 0.49
19 16 2 0.65
19 16 3 0.72
19 16 4 0.81
19 16 5 0.67
19 16 6 0.64
19 16 7 0.85
19 16 8 0.89
19 16 9 0.67
19 16 10 0.57
19 16 11 0.49
19 17 0 0.73
19 17 1 0.48
19 17 2 0.66
19 17 3 0.78
19 17 4 0.84
19 17 5 0.65
19 17 6 0.64
19 17 7 0.89
19 17 8 0.88
19 17 9 0.70
19 17 10 0.59
19 17 11 0.49
19 18 0 0.78
19 18 1 0.48
19 18 2 0.65
19 18 3 0.73
19 18 4 0.85
19 18 5 0.65
19 18 6 0.68
19 18 7 0.89
19 18 8 0.84
19 18 9 0.65
19 18 10 0.55
19 18 11 0.49
19 20 0 0.79
19 20 1 0.49
19 20 2 0.69
19 20 3 0.75
19 20 4 0.90
19 20 5 0.69
19 20 6 0.69
19 20 7 0.89
19 20 8 0.82
19 20 9 0.69
19 20 10 0.58
19 20 11 0.47
20 0 0 0.76
20 0 1 0.49
20 0 2 0.69
20 0 3 0.78
20 0 4 0.88
20 0 5 0.67
20 0 6 0.64
20 0 7 0.83
20 0 8 0.89
20 0 9 0.65
20 0 10 0.60
20 0 11 0.48
20 1 0 0.79
20 1 1 0.46
20 1 2 0.69
20 1 3 0.74
20 1 4 0.89
20 1 5 0.64
20 1 6 0.67
20 1 7 0.84
20 1 8 0.87
20 1 9 0.69
20 1 10 0.55
20 1 11 0.45
20 2 0 0.74
20 2 1 0.47
20 2 2 0.70
20 2 3 0.73
20 2 4 0.85
20 2 5 0.69
20 2 6 0.67
20 2 7 0.85
20 2 8 0.82
20 2 9 0.67
20 2 10 0.60
20 2 11 0.48
20 3 0 0.77
20 3 1 0.50
20 3 2 0.64
20 3 3 0.74
20 3 4 0.85
20 3 5 0.66
20 3 6 0.65
20 3 7 0.87
20 3 8 0.84
20 3 9 0.66
20 3 10 0.54
20 3 11 0.46
20 4 0 0.77
20 4 1 0.47
20 4 2 0.65
20 4 3 0.74
20 4 4 0.82
20 4 5 0.66
20 4 6 0.66
20 4 7 0.86
20 4 8 0.82
20 4 9 0.69
20 4 10 0.58
20 4 11 0.46
20 5 0 0.74
20 5 1 0.47
20 5 2 0.70
20 5 3 0.77
20 5 4 0.83
20 5 5 0.65
20 5 6 0.69
20 5 7 0.88
20 5 8 0.83
20 5 9 0.68
20 5 10 0.56
20 5 11 0.48
20 6 0 0.78
20 6 1 0.48
20 6 2 0.64
20 6 3 0.73
20 6 4 0.88
20 6 5 0.65
20 6 6 0.63
20 6 7 0.85
20 6 8 0.84
20 6 9 0.64
20 6 10 0.57
20 6 11 0.46
20 7 0 0.74
20 7 1 0.49
20 7 2 0.65
20 7 3 0.76
20 7 4 0.84
20 7 5 0.69
20 7 6 0.64
20 7 7 0.83
20 7 8 0.85
20 7 9 0.69
20 7 10 0.57
20 7 11 0.47
20 8 0 0.78
20 8 1 0.46
20 8 2 0.67
20 8 3 0.79
20 8 4 0.83
20 8 5 0.69
20 8 6 0.63
20 8 7 0.83
20 8 8 0.85
20 8 9 0.65
20 8 10 0.56
20 8 11 0.49
20 9 0 0.75
20 9 1 0.48
20 9 2 0.66
20 9 3 0.72
20 9 4 0.89
20 9 5 0.67
20 9 6 0.69
20 9 7 0.83
20 9 8 0.81
20 9 9 0.68
20 9 10 0.59
20 9 11 0.45
20 10 0 0.77
20 10 1 0.47
20 10 2 0.69
20 10 3 0.73
20 10 4 0.84
20 10 5 0.67
20 10 6 0.66
20 10 7 0.90
20 10 8 0.88
20 10 9 0.69
20 10 10 0.58
20 10 11 0.48
20 11 0 0.74
20 11 1 0.50
20 11 2 0.65
20 11 3 0.78
20 11 4 0.89
20 11 5 0.64
20 11 6 0.66
20 11 7 0.82
20 11 8 0.88
20 11 9 0.69
20 11 10 0.54
20 11 11 0.49
20 12 0 0.73
20 12 1 0.46
20 12 2 0.67
20 12 3 0.73
20 12 4 0.83
20 12 5 0.67
20 12 6 0.66
20 12 7 0.81
20 12 8 0.84
20 12 9 0.63
20 12 10 0.55
20 12 11 0.49
20 13 0 0.72
20 13 1 0.48
20 13 2 0.67
20 13 3 0.72
20 13 4 0.82
20 13 5 0.65
20 13 6 0.67
20 13 7 0.89
20 13 8 0.90
20 13 9 0.65
20 13 10 0.58
20 13 11 0.50
20 14 0 0.80
20 14 1 0.46
20 14 2 0.66
20 14 3 0.75
20 14 4 0.88
20 14 5 0.65
20 14 6 0.64
20 14 7 0.83
20 14 8 0.85
20 14 9 0.65
20 14 10 0.59
20 14 11 0.49
20 15 0 0.79
20 15 1 0.48
20 15 2 0.63
20 15 3 0.77
20 15 4 0.87
20 15 5 0.66
20 15 6 0.67
20 15 7 0.85
20 15 8 0.81
20 15 9 0.70
20 15 10 0.57
20 15 11 0.49
20 16 0 0.76
20 16 1 0.45
20 16 2 0.68
20 16 3 0.78
20 16 4 0.89
20 16 5 0.70
20 16 6 0.66
20 16 7 0.84
20 16 8 0.81
20 16 9 0.65
20 16 10 0.55
20 16 11 0.45
20 17 0 0.76
20 17 1 0.46
20 17 2 0.64
20 17 3 0.75
20 17 4 0.84
20 17 5 0.67
20 17 6 0.65
20 17 7 0.89
20 17 8 0.83
20 17 9 0.68
20 17 10 0.55
20 17 11 0.47
20 18 0 0.76
20 18 1 0.49
20 18 2 0.67
20 18 3 0.77
20 18 4 0.81
20 18 5 0.66
20 18 6 0.67
20 18 7 0.82
20 18 8 0.86
20 18 9 0.70
20 18 10 0.57
20 18 11 0.47
20 19 0 0.79
20 19 1 0.47
20 19 2 0.68
20 19 3 0.72
20 19 4 0.85
20 19 5 0.64
20 19 6 0.69
20 19 7 0.85
20 19 8 0.89
20 19 9 0.67
20 19 10 0.55
20 19 11 0.47
