# i j vmax_ij_m_per_s; symmetric values generated with Uniform(0.7,0.95)*15.6
0 1 11.224072
0 2 13.942814
0 3 14.180632
0 4 13.622916
0 5 11.286942
0 6 13.122628
0 7 11.444744
0 8 12.365418
0 9 13.263056
0 10 11.798915
0 11 11.755797
0 12 12.716629
0 13 12.049462
0 14 13.558208
0 15 13.212087
0 16 12.549851
0 17 11.116866
0 18 11.041605
0 19 12.580489
0 20 13.744678
1 0 11.224072
1 2 11.022482
1 3 11.914268
1 4 11.287232
1 5 12.646313
1 6 10.979093
1 7 12.357276
1 8 11.729530
1 9 12.154678
1 10 11.067821
1 11 11.791932
1 12 14.779456
1 13 13.591448
1 14 14.530085
1 15 11.752824
1 16 14.202263
1 17 14.803438
1 18 14.094130
1 19 11.062632
1 20 12.010466
2 0 13.942814
2 1 11.022482
2 3 11.349728
2 4 12.385899
2 5 10.929527
2 6 12.261023
2 7 14.658908
2 8 10.971916
2 9 14.385998
2 10 14.262983
2 11 12.813828
2 12 14.372665
2 13 13.863409
2 14 13.756549
2 15 12.201932
2 16 12.501144
2 17 12.871813
2 18 14.461164
2 19 14.197873
2 20 12.026655
3 0 14.180632
3 1 11.914268
3 2 11.349728
3 4 12.644322
3 5 13.161530
3 6 11.742980
3 7 12.655647
3 8 13.973560
3 9 11.749356
3 10 12.161732
3 11 12.504171
3 12 12.962235
3 13 14.271459
3 14 12.776901
3 15 13.012671
3 16 13.411573
3 17 12.477846
3 18 13.100175
3 19 12.815381
3 20 12.419526
4 0 13.622916
4 1 11.287232
4 2 12.385899
4 3 12.644322
4 5 12.410378
4 6 11.012951
4 7 14.401299
4 8 11.547530
4 9 12.658003
4 10 11.222500
4 11 13.660964
4 12 12.795608
4 13 12.063258
4 14 12.306785
4 15 11.984103
4 16 11.773412
4 17 12.490116
4 18 14.047810
4 19 11.433933
4 20 12.033863
5 0 11.286942
5 1 12.646313
5 2 10.929527
5 3 13.161530
5 4 12.410378
5 6 12.619826
5 7 11.850054
5 8 11.180085
5 9 11.568529
5 10 13.203096
5 11 12.457070
5 12 13.069336
5 13 11.204918
5 14 13.613880
5 15 11.842577
5 16 11.454633
5 17 11.801570
5 18 11.787570
5 19 11.834052
5 20 13.643397
6 0 13.122628
6 1 10.979093
6 2 12.261023
6 3 11.742980
6 4 11.012951
6 5 12.619826
6 7 14.382303
6 8 12.332369
6 9 14.461277
6 10 12.030833
6 11 14.796978
6 12 11.526531
6 13 12.624164
6 14 11.047161
6 15 11.779116
6 16 14.807300
6 17 13.379288
6 18 11.198047
6 19 11.486273
6 20 11.246090
7 0 11.444744
7 1 12.357276
7 2 14.658908
7 3 12.655647
7 4 14.401299
7 5 11.850054
7 6 14.382303
7 8 14.019384
7 9 12.104634
7 10 13.686128
7 11 11.449309
7 12 14.321694
7 13 14.250041
7 14 14.321416
7 15 12.264804
7 16 10.963937
7 17 14.364098
7 18 14.202982
7 19 14.392927
7 20 14.525595
8 0 12.365418
8 1 11.729530
8 2 10.971916
8 3 13.973560
8 4 11.547530
8 5 11.180085
8 6 12.332369
8 7 14.019384
8 9 13.726028
8 10 12.788269
8 11 14.390557
8 12 12.676024
8 13 12.298873
8 14 11.662869
8 15 12.007440
8 16 11.065526
8 17 11.075041
8 18 11.337440
8 19 12.372748
8 20 11.338853
9 0 13.263056
9 1 12.154678
9 2 14.385998
9 3 11.749356
9 4 12.658003
9 5 11.568529
9 6 14.461277
9 7 12.104634
9 8 13.726028
9 10 11.213654
9 11 14.261050
9 12 11.490786
9 13 10.972516
9 14 11.989415
9 15 13.539820
9 16 11.561926
9 17 14.126309
9 18 13.805885
9 19 13.203546
9 20 11.947505
10 0 11.798915
10 1 11.067821
10 2 14.262983
10 3 12.161732
10 4 11.222500
10 5 13.203096
10 6 12.030833
10 7 13.686128
10 8 12.788269
10 9 11.213654
10 11 12.293531
10 12 12.615508
10 13 11.202810
10 14 12.164259
10 15 13.920623
10 16 12.585704
10 17 12.336826
10 18 14.534813
10 19 14.301126
10 20 10.941979
11 0 11.755797
11 1 11.791932
11 2 12.813828
11 3 12.504171
11 4 13.660964
11 5 12.457070
11 6 14.796978
11 7 11.449309
11 8 14.390557
11 9 14.261050
11 10 12.293531
11 12 11.651176
11 13 12.935991
11 14 12.267127
11 15 12.271453
11 16 12.352943
11 17 12.276245
11 18 13.461181
11 19 14.555647
11 20 12.866256
12 0 12.716629
12 1 14.779456
12 2 14.372665
12 3 12.962235
12 4 12.795608
12 5 13.069336
12 6 11.526531
12 7 14.321694
12 8 12.676024
12 9 11.490786
12 10 12.615508
12 11 11.651176
12 13 11.751468
12 14 13.972017
12 15 11.958724
12 16 13.263124
12 17 14.579839
12 18 13.628015
12 19 13.432760
12 20 11.100171
13 0 12.049462
13 1 13.591448
13 2 13.863409
13 3 14.271459
13 4 12.063258
13 5 11.204918
13 6 12.624164
13 7 14.250041
13 8 12.298873
13 9 10.972516
13 10 11.202810
13 11 12.935991
13 12 11.751468
13 14 13.272513
13 15 13.424074
13 16 13.738213
13 17 14.570237
13 18 13.314066
13 19 11.374729
13 20 12.000968
14 0 13.558208
14 1 14.530085
14 2 13.756549
14 3 12.776901
14 4 12.306785
14 5 13.613880
14 6 11.047161
14 7 14.321416
14 8 11.662869
14 9 11.989415
14 10 12.164259
14 11 12.267127
14 12 13.972017
14 13 13.272513
14 15 14.797097
14 16 14.048970
14 17 14.765724
14 18 13.352377
14 19 12.394553
14 20 12.985515
15 0 13.212087
15 1 11.752824
15 2 12.201932
15 3 13.012671
15 4 11.984103
15 5 11.842577
15 6 11.779116
15 7 12.264804
15 8 12.007440
15 9 13.539820
15 10 13.920623
15 11 12.271453
15 12 11.958724
15 13 13.424074
15 14 14.797097
15 16 14.127916
15 17 13.712303
15 18 13.348031
15 19 14.515877
15 20 11.324801
16 0 12.549851
16 1 14.202263
16 2 12.501144
16 3 13.411573
16 4 11.773412
16 5 11.454633
16 6 14.807300
16 7 10.963937
16 8 11.065526
16 9 11.561926
16 10 12.585704
16 11 12.352943
16 12 13.263124
16 13 13.738213
16 14 14.048970
16 15 14.127916
16 17 13.999915
16 18 14.154349
16 19 11.535866
16 20 11.797382
17 0 11.116866
17 1 14.803438
17 2 12.871813
17 3 12.477846
17 4 12.490116
17 5 11.801570
17 6 13.379288
17 7 14.364098
17 8 11.075041
17 9 14.126309
17 10 12.336826
17 11 12.276245
17 12 14.579839
17 13 14.570237
17 14 14.765724
17 15 13.712303
17 16 13.999915
17 18 12.712045
17 19 14.335018
17 20 12.161391
18 0 11.041605
18 1 14.094130
18 2 14.461164
18 3 13.100175
18 4 14.047810
18 5 11.787570
18 6 11.198047
18 7 14.202982
18 8 11.337440
18 9 13.805885
18 10 14.534813
18 11 13.461181
18 12 13.628015
18 13 13.314066
18 14 13.352377
18 15 13.348031
18 16 14.154349
18 17 12.712045
18 19 14.518727
18 20 11.688534
19 0 12.580489
19 1 11.062632
19 2 14.197873
19 3 12.815381
19 4 11.433933
19 5 11.834052
19 6 11.486273
19 7 14.392927
19 8 12.372748
19 9 13.203546
19 10 14.301126
19 11 14.555647
19 12 13.432760
19 13 11.374729
19 14 12.394553
19 15 14.515877
19 16 11.535866
19 17 14.335018
19 18 14.518727
19 20 12.295272
20 0 13.744678
20 1 12.010466
20 2 12.026655
20 3 12.419526
20 4 12.033863
20 5 13.643397
20 6 11.246090
20 7 14.525595
20 8 11.338853
20 9 11.947505
20 10 10.941979
20 11 12.866256
20 12 11.100171
20 13 12.000968
20 14 12.985515
20 15 11.324801
20 16 11.797382
20 17 12.161391
20 18 11.688534
20 19 12.295272
