# i j vmax_ij_m_per_s; symmetric values generated with Uniform(0.7,0.95)*15.6
0 1 11.257545
0 2 13.301103
0 3 14.690805
0 4 12.798828
0 5 11.849800
0 6 14.449621
0 7 11.849836
0 8 12.508730
0 9 14.748803
0 10 11.616006
0 11 14.807773
0 12 14.804988
0 13 11.818424
0 14 12.297999
0 15 11.451529
0 16 11.367951
0 17 13.979860
0 18 11.089881
0 19 12.395195
0 20 11.151920
1 0 11.257545
1 2 12.590945
1 3 13.041093
1 4 11.081380
1 5 13.420104
1 6 11.084920
1 7 12.188114
1 8 12.818442
1 9 14.460890
1 10 12.924674
1 11 11.445612
1 12 13.277875
1 13 11.241801
1 14 14.123776
1 15 11.742729
1 16 14.000560
1 17 11.056472
1 18 12.371634
1 19 11.873310
1 20 11.015376
2 0 13.301103
2 1 12.590945
2 3 13.969819
2 4 14.705501
2 5 12.609394
2 6 12.277663
2 7 13.160435
2 8 14.428585
2 9 13.846552
2 10 11.556278
2 11 12.307074
2 12 14.577072
2 13 14.488851
2 14 13.763009
2 15 13.772618
2 16 14.518645
2 17 11.619634
2 18 14.745832
2 19 14.379683
2 20 12.561141
3 0 14.690805
3 1 13.041093
3 2 13.969819
3 4 14.553353
3 5 13.851164
3 6 11.386591
3 7 14.768301
3 8 11.711307
3 9 11.985058
3 10 13.432554
3 11 12.532709
3 12 12.029908
3 13 12.677323
3 14 11.334845
3 15 12.590512
3 16 13.179100
3 17 12.127962
3 18 11.545360
3 19 14.104928
3 20 12.790395
4 0 12.798828
4 1 11.081380
4 2 14.705501
4 3 14.553353
4 5 12.547356
4 6 11.561298
4 7 13.839115
4 8 11.325500
4 9 11.542001
4 10 11.618325
4 11 14.801304
4 12 11.284298
4 13 12.774215
4 14 11.576068
4 15 12.640948
4 16 13.533851
4 17 11.621967
4 18 14.709478
4 19 13.715863
4 20 11.540215
5 0 11.849800
5 1 13.420104
5 2 12.609394
5 3 13.851164
5 4 12.547356
5 6 11.538704
5 7 13.452712
5 8 11.449544
5 9 13.844152
5 10 13.101476
5 11 14.024812
5 12 12.486904
5 13 12.971942
5 14 14.711933
5 15 14.462870
5 16 13.139810
5 17 14.602468
5 18 11.544661
5 19 12.411033
5 20 13.754716
6 0 14.449621
6 1 11.084920
6 2 12.277663
6 3 11.386591
6 4 11.561298
6 5 11.538704
6 7 13.573404
6 8 12.843954
6 9 14.372067
6 10 13.236662
6 11 12.274666
6 12 13.572778
6 13 14.387249
6 14 12.912802
6 15 13.050818
6 16 13.712830
6 17 11.333663
6 18 11.817253
6 19 13.887636
6 20 11.365831
7 0 11.849836
7 1 12.188114
7 2 13.160435
7 3 14.768301
7 4 13.839115
7 5 13.452712
7 6 13.573404
7 8 13.019891
7 9 14.506489
7 10 13.705007
7 11 11.484854
7 12 13.530015
7 13 13.524096
7 14 13.058163
7 15 12.513379
7 16 12.954015
7 17 13.998929
7 18 11.634026
7 19 14.006953
7 20 14.489266
8 0 12.508730
8 1 12.818442
8 2 14.428585
8 3 11.711307
8 4 11.325500
8 5 11.449544
8 6 12.843954
8 7 13.019891
8 9 11.581556
8 10 14.176512
8 11 12.812523
8 12 13.822777
8 13 14.390542
8 14 12.581418
8 15 12.938041
8 16 12.889579
8 17 12.665756
8 18 13.906974
8 19 12.242994
8 20 12.726618
9 0 14.748803
9 1 14.460890
9 2 13.846552
9 3 11.985058
9 4 11.542001
9 5 13.844152
9 6 14.372067
9 7 14.506489
9 8 11.581556
9 10 11.875567
9 11 11.806269
9 12 11.552226
9 13 14.005883
9 14 13.223253
9 15 13.212114
9 16 11.762247
9 17 12.081989
9 18 12.421023
9 19 12.796310
9 20 11.659017
10 0 11.616006
10 1 12.924674
10 2 11.556278
10 3 13.432554
10 4 11.618325
10 5 13.101476
10 6 13.236662
10 7 13.705007
10 8 14.176512
10 9 11.875567
10 11 11.615337
10 12 12.533484
10 13 14.355815
10 14 13.799118
10 15 13.562958
10 16 13.056618
10 17 12.853219
10 18 13.039886
10 19 11.055921
10 20 14.481312
11 0 14.807773
11 1 11.445612
11 2 12.307074
11 3 12.532709
11 4 14.801304
11 5 14.024812
11 6 12.274666
11 7 11.484854
11 8 12.812523
11 9 11.806269
11 10 11.615337
11 12 12.864190
11 13 13.028786
11 14 13.232641
11 15 13.860243
11 16 14.713493
11 17 14.764542
11 18 13.996534
11 19 13.409362
11 20 11.773736
12 0 14.804988
12 1 13.277875
12 2 14.577072
12 3 12.029908
12 4 11.284298
12 5 12.486904
12 6 13.572778
12 7 13.530015
12 8 13.822777
12 9 11.552226
12 10 12.533484
12 11 12.864190
12 13 12.027572
12 14 14.071656
12 15 14.536112
12 16 13.292711
12 17 13.386709
12 18 14.225278
12 19 12.375992
12 20 11.249724
13 0 11.818424
13 1 11.241801
13 2 14.488851
13 3 12.677323
13 4 12.774215
13 5 12.971942
13 6 14.387249
13 7 13.524096
13 8 14.390542
13 9 14.005883
13 10 14.355815
13 11 13.028786
13 12 12.027572
13 14 11.734217
13 15 12.118055
13 16 14.580071
13 17 13.990955
13 18 11.682651
13 19 11.930575
13 20 12.402476
14 0 12.297999
14 1 14.123776
14 2 13.763009
14 3 11.334845
14 4 11.576068
14 5 14.711933
14 6 12.912802
14 7 13.058163
14 8 12.581418
14 9 13.223253
14 10 13.799118
14 11 13.232641
14 12 14.071656
14 13 11.734217
14 15 11.982394
14 16 12.770659
14 17 14.272790
14 18 11.667065
14 19 12.766392
14 20 12.309134
15 0 11.451529
15 1 11.742729
15 2 13.772618
15 3 12.590512
15 4 12.640948
15 5 14.462870
15 6 13.050818
15 7 12.513379
15 8 12.938041
15 9 13.212114
15 10 13.562958
15 11 13.860243
15 12 14.536112
15 13 12.118055
15 14 11.982394
15 16 11.133941
15 17 13.841936
15 18 11.982483
15 19 13.986427
15 20 14.398974
16 0 11.367951
16 1 14.000560
16 2 14.518645
16 3 13.179100
16 4 13.533851
16 5 13.139810
16 6 13.712830
16 7 12.954015
16 8 12.889579
16 9 11.762247
16 10 13.056618
16 11 14.713493
16 12 13.292711
16 13 14.580071
16 14 12.770659
16 15 11.133941
16 17 13.968622
16 18 13.151048
16 19 11.906159
16 20 11.487196
17 0 13.979860
17 1 11.056472
17 2 11.619634
17 3 12.127962
17 4 11.621967
17 5 14.602468
17 6 11.333663
17 7 13.998929
17 8 12.665756
17 9 12.081989
17 10 12.853219
17 11 14.764542
17 12 13.386709
17 13 13.990955
17 14 14.272790
17 15 13.841936
17 16 13.968622
17 18 13.789276
17 19 14.583594
17 20 12.183008
18 0 11.089881
18 1 12.371634
18 2 14.745832
18 3 11.545360
18 4 14.709478
18 5 11.544661
18 6 11.817253
18 7 11.634026
18 8 13.906974
18 9 12.421023
18 10 13.039886
18 11 13.996534
18 12 14.225278
18 13 11.682651
18 14 11.667065
18 15 11.982483
18 16 13.151048
18 17 13.789276
18 19 11.758487
18 20 11.289136
19 0 12.395195
19 1 11.873310
19 2 14.379683
19 3 14.104928
19 4 13.715863
19 5 12.411033
19 6 13.887636
19 7 14.006953
19 8 12.242994
19 9 12.796310
19 10 11.055921
19 11 13.409362
19 12 12.375992
19 13 11.930575
19 14 12.766392
19 15 13.986427
19 16 11.906159
19 17 14.583594
19 18 11.758487
19 20 12.220930
20 0 11.151920
20 1 11.015376
20 2 12.561141
20 3 12.790395
20 4 11.540215
20 5 13.754716
20 6 11.365831
20 7 14.489266
20 8 12.726618
20 9 11.659017
20 10 14.481312
20 11 11.773736
20 12 11.249724
20 13 12.402476
20 14 12.309134
20 15 14.398974
20 16 11.487196
20 17 12.183008
20 18 11.289136
20 19 12.220930
