trucks_count 10
drones_count 4
customers 200
depot 0 0
Coordinate X         Coordinate Y         Dronable Demand
X	Y	Dronable	Demand	Drone_service	Truck_service	Lw
7275.54825941168	2107.53946855537	1	1.93855736509684	60	60	1800
14777.94838186	-5064.55304893443	1	1.56555137375176	60	60	3600
3858.05824743998	6825.61816075075	1	0.921672507151212	60	60	3600
-7832.7524190886	3274.70115557297	1	1.78496721660688	60	60	2700
4879.59426452493	11689.4575635417	1	0.837588501333912	60	60	3600
7181.17688283764	15351.668977513	1	1.62332049055572	60	60	1800
9176.60896556823	359.527860160692	1	0.099692461044474	60	60	1800
249.859516300321	9169.26544913084	1	1.83670698209666	60	60	3600
15319.9212272942	-12118.9499453981	1	0.339177985621455	60	60	2700
6436.14535175515	5914.94569364871	1	1.62195471859071	60	60	3600
-6539.06982567026	-13734.4347046527	1	1.11034777635448	60	60	1800
10687.8678614776	12625.0299164528	1	1.23427724543202	60	60	1800
-423.127359484056	12406.178551575	1	0.0905388689217036	60	60	1800
-6419.11424454538	3473.6818685695	1	1.57179021750308	60	60	2700
-8819.98315986036	-3874.13252269915	1	1.91237836627417	60	60	1800
4229.61718744467	10723.9790635438	1	1.6154328787548	60	60	3600
5956.32993989605	1381.88761018972	1	0.654578290026151	60	60	1800
8527.89339478632	-14004.1795128125	1	0.182514294256319	60	60	1800
-11189.9832814408	-9218.50509176266	1	0.472708779700913	60	60	2700
9227.88949850649	1784.74552490266	1	1.59593765010671	60	60	2700
9246.66772460493	13141.7913995292	1	0.968605976588742	60	60	2700
8992.11477090089	-12823.3523122525	1	1.52365798433351	60	60	2700
9730.46778798558	-4031.41584321627	1	0.124525261465666	60	60	2700
7150.86033694822	2215.34285722592	1	1.70947709120049	60	60	1800
3976.02914745713	6493.6274486717	1	1.52076896809462	60	60	1800
3636.07822334797	3466.37011431527	1	0.995631240511332	60	60	2700
10651.2636468212	-13882.697163972	1	1.99645594523754	60	60	1800
-8390.60989452639	-7420.0924893664	1	1.74102724591789	60	60	1800
13807.7013790242	-1076.06132843545	1	1.84131987474469	60	60	3600
-7277.61927903377	-707.179392549162	1	0.373320883814633	60	60	2700
-8093.65144719883	15210.2640110104	1	1.89448726479897	60	60	2700
3872.7998159124	2094.16781912078	1	1.66897001179151	60	60	3600
980.132680238004	-2894.27129383986	1	1.91545491136226	60	60	3600
-10137.9659327734	-5614.14512901237	1	1.20943071638824	60	60	1800
15838.783783154	-756.902266762221	1	0.670564284197821	60	60	1800
32.1806168236441	-6412.59207600506	1	1.56714735122352	60	60	3600
13753.8447527085	5484.44553178412	1	0.671484956324145	60	60	1800
12204.5773304263	-8198.16208413797	1	1.81937684628762	60	60	3600
-11563.7787611902	3239.52728048031	1	0.0915045223973679	60	60	1800
-15665.8888952787	15640.6782369163	1	1.95764976735155	60	60	1800
8594.83389185994	288.214084169007	1	0.0341862690564407	60	60	1800
-9210.35850599164	-11950.180438439	1	1.49132063551517	60	60	3600
-7204.64683433852	-13252.6779560302	1	1.54571214788179	60	60	1800
6348.78601608614	-5742.90443991636	1	0.797591849905981	60	60	3600
6925.50118269733	13803.2819449388	1	1.56025030245013	60	60	1800
3395.95937248772	-15147.7974076481	1	0.883797936518961	60	60	1800
-405.79471710187	-10485.0101549608	1	0.0782983550316261	60	60	1800
5879.11414186606	-15170.3240188927	1	1.85505097693885	60	60	1800
-9014.16898123066	-9047.56693048473	1	0.0958676495582203	60	60	1800
9122.39302334321	-13553.5433862234	1	1.51031596855338	60	60	1800
645.881232172432	957.515971222885	1	1.73865054015456	60	60	2700
4507.42714314033	-732.504493459558	1	0.252358566136609	60	60	1800
5514.58729695523	13633.6488340126	1	1.54846796660227	60	60	2700
2027.04402640759	-1478.67303796217	1	1.54960655377975	60	60	2700
2263.36098552197	12307.7886920082	1	0.76420280239246	60	60	2700
-16051.2419311059	3737.46155160983	1	0.651338596931028	60	60	1800
-1459.2521366111	7679.82527412555	1	0.985717516836875	60	60	1800
-11632.8240166179	12694.0883544058	1	1.07807511115863	60	60	1800
-8910.57470171643	10052.1215661068	1	1.72151465195394	60	60	2700
14481.0864583606	6554.49408709226	1	1.37289013731897	60	60	2700
-3257.52048706188	10700.0152448972	1	0.349548965470843	60	60	1800
-3345.32764498182	-7377.70592786137	1	1.98013809821988	60	60	3600
-14954.2092365915	-8882.94064935416	1	1.57846962373699	60	60	2700
5808.40129904453	-5181.48187798734	1	1.70788518384079	60	60	3600
-12270.5239639602	-13084.5180237393	1	0.864782868868885	60	60	1800
7872.93356863294	6590.9694048016	1	1.51073315831922	60	60	3600
-7626.38237452302	15900.9211815013	1	0.53008525677593	60	60	2700
-2317.35422690475	-6613.2584731094	1	0.487897346350507	60	60	2700
8145.31202287134	9756.00426416689	1	1.79917216890385	60	60	3600
15069.9547391324	7678.62110672193	1	1.34270185320658	60	60	1800
-8580.53707972694	-6625.29696104629	1	0.510884769167343	60	60	2700
8584.71650200776	4779.63138713701	1	1.08067528937149	60	60	3600
3066.91923525673	-8549.01077948841	1	0.638488481060498	60	60	2700
3112.84697696547	-14293.1508036451	1	0.265932170349644	60	60	1800
11633.888772168	-13169.0767600512	1	0.280427013641754	60	60	2700
5734.91273324492	7048.41186002407	1	1.97942443849493	60	60	2700
-12215.2779067387	5688.99474016071	1	1.8211517058592	60	60	1800
-6555.22932360807	-7923.06091561781	1	1.39737245986617	60	60	3600
10007.3540985762	-5793.21326394127	1	1.59916401479245	60	60	3600
12526.2718716162	-6489.34423441357	1	1.75757684802219	60	60	3600
13066.7738110339	-3662.33136040917	1	1.55448945158612	60	60	3600
9003.31862576541	-10786.9058737654	1	0.19249090190568	60	60	3600
9653.16626843941	-8439.75523590154	1	1.99087075484611	60	60	2700
15418.5611876616	6073.64679391155	1	0.660955460132092	60	60	3600
14374.1106880941	14858.3245628369	1	0.405463481685275	60	60	2700
7580.67061850859	-8677.91917060367	1	1.15290984587074	60	60	2700
1640.83041231999	-1702.65422738917	1	1.09907848772635	60	60	2700
8255.15347268333	-14882.3279109919	1	0.977943058971424	60	60	1800
11737.0713664634	4715.34319224897	1	0.206822198167449	60	60	3600
-7159.7645120059	-2427.34968734439	1	1.88029497738725	60	60	1800
12415.8201253882	-12876.9688506742	1	0.92810296809471	60	60	1800
-3025.04448657137	-790.359347155483	1	1.73401440462116	60	60	2700
461.547528535731	-14267.3092938213	1	0.844943032591485	60	60	1800
-2785.5763161264	-8716.80196851879	1	1.99595542329203	60	60	3600
-1156.48938176219	8864.50750032961	1	1.61058517433196	60	60	3600
12999.7077077491	1694.71596294104	1	0.0395753049411527	60	60	1800
-625.076122611496	10753.4167860115	1	1.0810819890351	60	60	1800
-15036.129370334	-10975.7540095708	1	0.977868273303702	60	60	2700
5400.16462740167	1083.66181171945	1	1.86240829956934	60	60	3600
-9544.30925555128	-694.841752893383	1	1.57972902133954	60	60	3600
15210.1105170764	7256.19514596913	1	1.65782730705973	60	60	2700
13360.3530199034	-5205.23438021491	1	0.536519060954734	60	60	3600
-11946.3105931106	4683.33268334712	1	1.77121832140967	60	60	3600
6126.48486297369	5142.21425702297	1	1.9771655390884	60	60	2700
3594.86269687873	2825.55833641824	1	1.45546781621355	60	60	1800
-7837.65417352424	4113.31546528592	1	1.75356442662064	60	60	1800
-3147.91927603795	-71.1302791111715	1	0.10628790091763	60	60	3600
-3002.42334308699	-14754.2194640512	1	0.929127957794851	60	60	2700
3674.23055741994	10271.0227438984	1	1.9370808127731	60	60	3600
-9103.797203784	9743.66625678444	1	0.0445246488794526	60	60	2700
-6985.24062520439	-10470.8605924344	1	1.51312133364236	60	60	2700
1466.42037582816	7966.55226678364	1	0.887964557661786	60	60	3600
11843.26295545	6917.98258881548	1	1.86978588868769	60	60	3600
15682.4538207081	-7038.52160811614	1	0.553667681362734	60	60	3600
-7455.28289751007	-9185.25319185937	1	1.35398035504232	60	60	3600
6891.86005618767	683.387532738877	1	1.79939096291746	60	60	2700
-3074.04638345212	-8023.06971711961	1	1.22491033852815	60	60	1800
11998.9210011164	13016.1091966236	1	0.472269220827496	60	60	3600
5277.95263685722	-14706.2167270547	1	1.51380171839569	60	60	1800
-1059.78281806634	-994.925719362362	1	1.74771167358127	60	60	3600
8520.12568308166	9336.93537664982	1	1.61560918534278	60	60	3600
12913.4411776762	-7548.45411357021	1	0.681288124352917	60	60	3600
10771.7956976908	2612.94421871939	1	1.52406011539156	60	60	1800
3513.28814285002	3317.31797266271	1	1.02930386100884	60	60	2700
8359.12146782333	-9057.59732751577	1	1.9473141895566	60	60	2700
-1736.68099936664	-13134.9640219335	1	1.17508604552406	60	60	1800
-12874.435043212	961.781063051663	1	1.80359794242118	60	60	2700
8604.21010029406	5945.32666489188	1	1.68287014275838	60	60	3600
-12039.2980303739	-15976.4672354165	1	1.90752568856737	60	60	2700
-4134.96921755761	-10409.5594758794	1	1.77435214063909	60	60	3600
8826.99156534408	10629.8365209289	1	0.0891954292684076	60	60	1800
7482.76672278918	11904.1753354163	1	1.23478932698733	60	60	3600
2414.03735021911	5788.77934633003	1	0.0654698430188978	60	60	3600
-9768.70350669667	-4488.87855886556	1	0.0037187811112133	60	60	3600
11288.4171197223	9633.15549375074	1	1.9962701254614	60	60	2700
-13817.6934985411	4956.61723168357	1	0.337409445681022	60	60	2700
7650.71053041772	-7710.91297377838	1	1.31065881911768	60	60	2700
8944.64493606739	-13959.8801861563	1	1.65826804582788	60	60	2700
10651.3171925948	-1880.0773221942	1	0.761193783889995	60	60	2700
129.230527759451	3819.30583423039	1	0.990868973941508	60	60	2700
96.3650327449364	-13705.1459353156	1	1.94953777324249	60	60	1800
-15648.536772494	12295.4572617597	1	0.0483307439115863	60	60	1800
-9719.40213640604	-2033.24711251726	1	1.01635380534569	60	60	3600
1952.80997332283	-697.296160360556	1	1.8798794561759	60	60	2700
-8006.75357690962	915.226027037866	1	1.75110277261687	60	60	1800
-13966.1747855891	6321.4578742952	1	1.12698510335203	60	60	2700
-14967.8173884463	-6340.9304631919	1	1.79013770324579	60	60	1800
15932.617348695	13786.2861172391	1	1.85246913963076	60	60	2700
-578.525766135376	-6517.39988719809	1	0.957305039418085	60	60	2700
3293.64083870541	12373.9917693685	1	1.99965932359904	60	60	1800
-6855.23450844554	-8516.58896049986	1	0.733290177025085	60	60	2700
-747.478770900131	9440.5516035152	1	1.72745171637713	60	60	3600
-5261.28018775887	-2017.34151733088	1	0.87146232032833	60	60	3600
1853.94012078852	-14682.6698922648	1	1.11512460878941	60	60	1800
-10655.7795709786	-12183.0464790783	1	1.03282317089771	60	60	2700
-14481.4642816572	15344.9624555592	1	0.0758639868078975	60	60	1800
466.140884978042	13693.931302575	1	1.98902034731829	60	60	3600
13375.6867250847	9084.93516021111	1	1.55968361188845	60	60	3600
-9119.66703834971	-8644.80334767015	1	1.80366956871716	60	60	3600
11643.8815333117	6792.05837731252	1	0.230640225811403	60	60	2700
-13341.6808294039	-12000.8673775914	1	0.475501444558293	60	60	1800
-15798.3586523918	-14308.7872821927	1	1.50731907324384	60	60	2700
-531.971901612687	-13376.2556418404	1	0.584733425749225	60	60	3600
5129.08791758246	3487.49340862882	1	0.0878981068575365	60	60	1800
6280.09183040546	6022.34309408955	1	1.6052563434939	60	60	1800
10971.4351653539	1802.24195286525	1	1.80610489897979	60	60	1800
-3839.07409792275	15802.0120029568	1	1.67948480090514	60	60	3600
1886.27624768219	-15689.985877783	1	1.80878386266529	60	60	2700
5319.8731612164	-4925.87591457966	1	1.79260143599756	60	60	1800
13594.8911892161	4923.06762310458	1	0.306713442726976	60	60	3600
5250.66791332421	8709.74653285784	1	0.744470194579656	60	60	3600
2589.6868665663	-11219.525951683	1	1.61532046290591	60	60	3600
-342.61514894144	-10021.8399278298	1	0.882592028625742	60	60	2700
-11782.1595250481	-3790.42883446371	1	0.0759822121961514	60	60	3600
-14209.5896612221	-11399.4854644154	1	0.222254751327757	60	60	1800
-1364.02390117255	2903.90854801347	1	0.645882157830658	60	60	1800
-8958.36448265956	9766.47338517808	1	0.763904833202362	60	60	3600
-12771.8971196804	15700.1031740445	1	1.54948974930416	60	60	3600
-14734.6271231493	-6068.87770425824	1	1.63929916814752	60	60	2700
-9313.55487368708	-466.224493280506	1	0.347949345971555	60	60	1800
-7671.72687538616	12452.9705930405	1	1.88168376245191	60	60	3600
3329.48076177481	434.091889103171	1	1.86088526751272	60	60	3600
-7859.96904949299	-10304.5581498576	1	1.95736314997146	60	60	2700
15884.6395250955	-11582.5921568961	1	1.85188744764832	60	60	1800
-15051.5352337085	8352.51164738103	1	1.88297166812304	60	60	2700
-914.637027197006	14354.2588266234	1	1.74985976903959	60	60	3600
-13821.3945040287	9724.25383465449	1	1.08189519318557	60	60	2700
6721.474427768	-4544.5286414327	1	1.48118275187832	60	60	3600
-14362.8525925179	-6016.72262158946	1	1.8730542887242	60	60	2700
1464.73652596978	-2959.87581614882	1	1.35256470936349	60	60	2700
9510.99567888659	-1132.42798552137	1	0.0955924330487106	60	60	2700
12631.4161025547	-12731.1184035102	1	0.606216490216934	60	60	3600
13205.9279102656	12327.7811919349	1	1.55055498395117	60	60	2700
-12197.8661675514	12972.6446602367	1	0.200714385155728	60	60	1800
-15144.315150206	14890.5060448126	1	1.62213150893996	60	60	3600
-4258.85228111994	14661.6374088333	1	1.9589757539297	60	60	1800
3640.95641819585	1490.29480005715	1	1.26154571127888	60	60	1800
-2305.62102792847	-12556.7399038899	1	1.48267051636515	60	60	2700
5104.41853987928	1504.08687419097	1	0.722238385734327	60	60	2700
-10650.7113479771	11709.2016860881	1	1.87482141447464	60	60	2700
