trucks_count 10
drones_count 4
customers 200
depot 0 0
Coordinate X         Coordinate Y         Dronable Demand
X	Y	Dronable	Demand	Drone_service	Truck_service	Lw
14308.8963861304	11995.5902244804	1	1.6725992812752	60	60	1800
513.428433456186	6720.66193277782	1	1.25316738756419	60	60	3600
-1520.19116768403	2384.82616753391	1	0.819801496378277	60	60	2700
-3233.25479156989	25624.0379069449	1	1.12565525075116	60	60	2700
30802.0042482222	-19930.3628806596	1	1.95862620041655	60	60	2700
-12838.2360828978	-10767.0593975085	1	1.16218343830846	60	60	1800
13259.3707257863	-16561.5019397593	1	0.329711116785058	60	60	2700
-24429.8226506616	25918.443260227	1	0.474027462323503	60	60	1800
-6861.56076086548	23949.9272709276	1	0.879670148020796	60	60	3600
6312.563073366	-9138.81646759194	1	0.461998926283058	60	60	1800
8764.84793926526	290.137923900414	1	1.79834503018453	60	60	3600
4765.45920182309	1356.48987951227	1	0.0644155911713566	60	60	2700
-4295.83961232359	8725.58399998915	1	0.554464732524563	60	60	3600
6965.28628690088	8041.49558789426	1	1.8168180811829	60	60	1800
12179.3663416626	22939.175958837	1	1.78522007024906	60	60	2700
-17158.8922299346	-9482.91977355188	1	1.58955669919888	60	60	2700
28570.6787400403	-7307.20608055829	1	0.18038411833406	60	60	1800
18771.9524915791	101.786130045331	1	1.8885919967247	60	60	2700
22553.1837997185	10529.3628924593	1	1.24935679330296	60	60	2700
31913.8303905646	-3340.375836205	1	1.51517577704653	60	60	2700
-21206.3808333804	18699.9724004122	1	1.6291064424872	60	60	1800
7300.29564389366	21901.0208166106	1	1.68340587662574	60	60	3600
-12415.1071411098	25191.3979772962	1	0.573519678378253	60	60	3600
26722.3432429245	-19825.6596014912	1	0.538271267763066	60	60	3600
9152.72979233357	11357.5959965424	1	0.344797329590776	60	60	1800
18224.4662061599	-12423.3433558861	1	1.53730530247155	60	60	2700
-19183.7533645421	17227.3211652581	1	0.763959260623176	60	60	3600
8005.9930476452	13224.2690797794	1	1.31411250214708	60	60	3600
-5328.72416277521	5420.85846920516	1	0.308369107323202	60	60	2700
-1107.44859556617	-1180.21641147837	1	1.74207582127585	60	60	1800
32063.6397662761	21934.9425520315	1	0.499889879312396	60	60	1800
31858.6140855849	-14971.7441124717	1	0.110686222191978	60	60	2700
-19685.4987753166	29420.655545353	1	0.411846736126837	60	60	1800
-26804.6014222575	-17610.3677792816	1	1.57683745214392	60	60	1800
29515.7021621819	27774.0379161874	1	0.104143642449003	60	60	3600
2234.55224140242	-15674.2823165769	1	1.34128956405296	60	60	3600
18336.2611705314	-1401.40000901562	1	1.34075218310973	60	60	2700
22559.7705873248	20903.3223091863	1	0.124150763774191	60	60	3600
-16821.1027326326	-1322.46422703879	1	1.17411905979839	60	60	2700
-30589.9165905735	-25012.6507552101	1	0.107828600208701	60	60	1800
-3175.44705270431	-28798.2678680505	1	1.64653594599315	60	60	1800
-23494.7928050843	-7135.03411343326	1	1.90992695565641	60	60	3600
-26253.3326330538	18320.7934004767	1	1.95039829455119	60	60	3600
25354.4331680422	20060.0877240674	1	0.360932818184589	60	60	2700
6622.91777346067	27838.6939756666	1	0.164983329749956	60	60	2700
3679.14617499113	-29656.2248595988	1	1.77614496329777	60	60	1800
12200.2845038473	9172.01958442301	1	0.226405270839393	60	60	1800
21318.5956127236	-7920.69317564753	1	0.473204172917106	60	60	1800
-8660.62775528469	-794.486016040957	1	1.23405125510108	60	60	1800
11223.1036813497	-9734.70851753986	1	0.530237371231953	60	60	2700
-28924.2136187038	24117.1207238325	1	1.50456016744795	60	60	3600
-23312.3198277097	24936.5323933433	1	1.65545107039673	60	60	3600
104.962256985965	-24399.4549607588	1	0.58419438386724	60	60	3600
8990.87434765507	3987.76601283939	1	1.66563163660559	60	60	3600
5826.47418176745	-15881.8455295641	1	1.73180517947716	60	60	2700
-11817.7606418228	1398.07636656801	1	0.0056505938766482	60	60	2700
-19085.0991398796	21071.4168987996	1	0.756256849585259	60	60	2700
-9790.85127617212	-27023.2092449187	1	1.3091004205601	60	60	3600
17871.3229013552	-11553.7817599562	1	0.902334431920411	60	60	3600
-6535.73631819499	-24699.5201970383	1	0.503194786337114	60	60	1800
-16401.9561928617	25613.516902085	1	1.75691061651907	60	60	1800
4505.03812034822	14017.5632045509	1	1.61373876362711	60	60	3600
-6018.48064392148	6574.18429826129	1	1.89675619586762	60	60	3600
698.549831013492	15639.421799559	1	1.78032527082828	60	60	1800
32116.4613601836	-14898.0450973436	1	1.90687339952485	60	60	3600
4871.05199218907	-17585.9650668688	1	0.631013499575831	60	60	2700
31090.5174998226	13896.3487589857	1	0.172635550605895	60	60	1800
-20602.5507001119	19729.0422947539	1	0.219096479244614	60	60	3600
20250.79738448	-31341.2750577884	1	0.0417886995685778	60	60	1800
15744.4960159535	5958.33254792943	1	1.67623135208358	60	60	1800
14340.7737402654	24098.0052387497	1	1.01929209086522	60	60	1800
24099.7198700884	-21765.1063715927	1	1.54223142026782	60	60	2700
-15272.9191379864	-1236.73940241275	1	1.98065873602658	60	60	3600
10650.5780545437	6270.75229873962	1	1.87329390081671	60	60	1800
10534.1614849274	-14011.9094946404	1	1.0810328384048	60	60	1800
-13788.5243729187	16156.0192758149	1	1.93207008265907	60	60	1800
15486.7646932196	5040.77009169607	1	1.46625498705883	60	60	2700
-17787.5976551359	-22211.263512165	1	1.62702923873119	60	60	2700
-7049.73719252503	27598.085334061	1	1.75365964609364	60	60	1800
22418.8379093893	-15551.968109796	1	1.20018951512608	60	60	3600
28408.1359591508	12662.736300121	1	0.0727579163636891	60	60	3600
-20780.2855492118	26611.5531209548	1	0.742513175572333	60	60	3600
24073.3127735608	-14619.8631936818	1	0.680964806091584	60	60	1800
31898.844792743	-13677.0158695656	1	1.30014930552407	60	60	2700
12029.8392271137	18182.6614619841	1	1.28734299850003	60	60	1800
14195.7363576469	8266.2648904513	1	0.27217928250461	60	60	3600
27182.0436205291	-11217.2061023669	1	1.7584223047849	60	60	2700
10102.0595887612	3573.93030815358	1	0.370557387798363	60	60	2700
7978.23980586143	-28763.5508874777	1	1.7210019232379	60	60	3600
2396.51137273648	19683.3329105569	1	0.808895789166864	60	60	3600
15848.1892706081	8057.17793739019	1	0.229616572499298	60	60	3600
-555.194447514302	6959.96369788721	1	1.60218583662757	60	60	3600
-13966.9284448213	23041.8620867439	1	1.86600333344807	60	60	1800
21924.6620450797	-24896.570215189	1	1.49705295280556	60	60	2700
-23328.3474243008	6824.44060227991	1	1.01001708266693	60	60	1800
-9033.30998799434	3474.80548170816	1	1.6085823376545	60	60	1800
-32112.9972734633	-20470.0126627698	1	0.317379978162712	60	60	3600
25911.8121357438	-28179.8821668302	1	1.5196722908548	60	60	3600
16803.0480994343	23480.0404746025	1	1.93688549415507	60	60	1800
2261.59758466816	-11687.9495397955	1	1.72087694007874	60	60	2700
-18830.2851527856	-13117.8279732021	1	0.673139875221579	60	60	1800
4562.94064816792	-2651.21759326196	1	0.753911933070578	60	60	2700
-28418.3714099269	20500.4501560013	1	0.447497904704532	60	60	3600
-22373.5347144528	26835.2367240749	1	1.58149624795715	60	60	3600
4670.879779609	-28917.3449314984	1	0.580579504368225	60	60	1800
-14488.0266615399	-24184.8877193286	1	0.974269345485322	60	60	3600
-14928.0482131122	-15544.5247686297	1	1.86022738037523	60	60	2700
-6768.9791770828	-16250.4746226822	1	1.38459633510582	60	60	1800
1322.67063913779	-11992.1444481599	1	1.94799536844114	60	60	3600
-30950.790980684	-7371.28870227414	1	0.822419420551315	60	60	1800
-28647.9186750494	-12955.7219672722	1	0.332418994045581	60	60	3600
27010.283889348	26015.8147727283	1	1.86519462299622	60	60	1800
6754.94047976636	-28731.0337912597	1	0.583556660927783	60	60	2700
23528.7919771008	21517.3799677086	1	0.560799225116894	60	60	1800
-15673.2233933984	-18153.0657874903	1	1.88321305515604	60	60	2700
-30795.7293601959	481.339043526865	1	1.38106712740156	60	60	3600
-16258.8670803591	4348.64280650173	1	0.575532145038323	60	60	2700
-6220.77410274024	22967.8083175765	1	1.9179007409295	60	60	2700
-16717.7080248988	12716.0198722894	1	1.12139332036616	60	60	2700
-29894.4332232912	-28504.735974973	1	0.547372256853941	60	60	1800
-10288.096587922	-9508.99950099427	1	1.66640293135086	60	60	1800
13431.5127995284	-4356.74705802703	1	1.42603308877753	60	60	2700
-8023.90843033093	29136.2086231873	1	0.704027975366674	60	60	1800
-1526.04466706153	19483.3226762157	1	1.03004323131533	60	60	1800
-18588.0485025848	-24366.7796505775	1	1.60349049367094	60	60	3600
-13487.2406189465	12965.0748968506	1	0.198189583325788	60	60	2700
-24663.037068974	-15523.6236760238	1	1.97458424599946	60	60	1800
-5346.05365292567	-23593.9901901396	1	1.25374692972519	60	60	2700
-3001.6878107066	-2162.02006654794	1	0.907833823297663	60	60	2700
1704.91014368224	19549.9731603378	1	0.690005544469186	60	60	1800
-19047.4698747019	-8173.96233063841	1	1.3670795250523	60	60	3600
6844.48986977899	31519.8259149668	1	0.572621314307179	60	60	1800
-24718.1224733248	10403.6694619629	1	1.5366716425841	60	60	3600
-26636.0072746195	-946.355307846282	1	1.88240551347498	60	60	2700
-1832.82478913899	-9760.82378857706	1	1.06266249712343	60	60	2700
20838.945106968	-13453.136978625	1	0.989516031131622	60	60	1800
16784.1305455896	-24786.9785675167	1	1.12211046680514	60	60	3600
22083.212893551	30617.6581417805	1	1.41767497132166	60	60	3600
17593.5886718649	-16447.5262389403	1	1.1729476327613	60	60	1800
30412.2690571303	24885.0492491435	1	0.0172723818057673	60	60	1800
24442.0540687112	29759.5181261404	1	1.40842292225268	60	60	1800
17642.8027017244	8611.39319593929	1	0.0887472953120829	60	60	1800
1356.00435772435	-17267.7762257208	1	1.58440354104907	60	60	2700
-5700.25104060529	1479.22211477996	1	1.6103089869321	60	60	3600
-20750.4450634829	-12446.6510594047	1	0.761103709420302	60	60	1800
-9748.76936580042	23462.3087786044	1	0.663968018788436	60	60	1800
-10626.6831812973	5805.56315924704	1	1.10453231136851	60	60	2700
-30550.8105604742	-10762.193866399	1	1.51180503746955	60	60	3600
-18210.3874954035	6559.05885372049	1	0.465076934105222	60	60	2700
26041.971628764	19538.7341567102	1	1.92913537661985	60	60	1800
-12373.643567246	-25558.3376872846	1	1.50485739426129	60	60	2700
2117.1263443976	-10152.0750655978	1	1.83514147010278	60	60	3600
27470.2958678315	11648.900008566	1	0.68311447093839	60	60	3600
881.479087362905	-14626.5493272361	1	1.72829456807233	60	60	2700
-7534.95882700351	-10013.9625858108	1	1.71330632610564	60	60	1800
2117.21335590882	-96.5156150352975	1	0.623579756639107	60	60	2700
-1732.15738288115	27592.8401845312	1	0.354757395602877	60	60	2700
21534.1500501418	303.636383150661	1	0.849576113309688	60	60	2700
-9979.02424111753	-8845.26000977264	1	1.84435705565092	60	60	1800
18650.235293376	13916.8044744074	1	0.506011254529105	60	60	2700
31911.1852195991	-25824.3579362249	1	0.43795399506411	60	60	2700
-2972.85613163623	-23407.2585325356	1	1.20448257522357	60	60	2700
27286.1655295117	-15697.0474265445	1	1.88529554804613	60	60	3600
-15703.7838861442	-3599.3435490858	1	1.42332615150646	60	60	1800
13219.6361978159	-14391.9721270931	1	1.89455042482346	60	60	1800
-18254.0584294695	30453.8196847052	1	1.85453416687783	60	60	1800
802.131945178205	-22777.7470014793	1	1.6624522286437	60	60	3600
-10664.333113761	-16044.8597727675	1	1.21065324098355	60	60	3600
22245.8561361626	-1056.36997630288	1	1.61921237062586	60	60	1800
-29401.4335986714	-30809.0273368906	1	1.61369649920002	60	60	2700
32005.2237703047	-29477.7836963165	1	1.37067239637574	60	60	2700
24232.9466889048	27677.4432045708	1	0.508132094718351	60	60	3600
-31054.2662284467	-4462.4308083255	1	0.959573438134083	60	60	2700
15294.2260130233	-13393.9193555925	1	0.694331954122026	60	60	2700
-19181.4986044644	-25590.5252823313	1	1.50175933652958	60	60	1800
-5046.30529616654	8081.38593485476	1	1.94373728536239	60	60	3600
-8467.72341466896	26500.8801681123	1	0.253804059815418	60	60	3600
-14188.1108850292	23907.3203062536	1	1.39364377518419	60	60	2700
-3483.87946592612	18677.3571706426	1	0.618324233959907	60	60	2700
-21070.4827031124	-1548.76585827869	1	0.0035831736649623	60	60	3600
-23017.3513168181	-10036.0767685867	1	1.60799559434157	60	60	2700
-25147.9123874463	17014.1834277382	1	1.40923246685958	60	60	3600
13713.0157718823	-5028.28543560096	1	1.44231237936128	60	60	1800
-18628.3689092312	-14284.796808786	1	1.32491437935731	60	60	3600
-26023.2550682513	29194.5386397839	1	1.559617917536	60	60	3600
25609.8580004534	-31908.0536740716	1	1.58916320995636	60	60	3600
28132.0521253227	7257.39977045178	1	1.68399765065736	60	60	2700
-3394.50871241327	11005.7012472659	1	1.71237204100241	60	60	3600
-14516.0514537248	-25586.181989887	1	0.363315391751486	60	60	2700
-12459.1803878486	2250.0183611245	1	1.85653243823665	60	60	2700
25607.8249417346	-24802.911408882	1	0.646811147948948	60	60	3600
20370.7228429294	-10391.919775215	1	1.86986390803588	60	60	3600
10043.8220572194	-15169.5488558095	1	1.75217434093419	60	60	2700
-17076.4069169873	-9025.31701248984	1	0.875352025089186	60	60	1800
-17243.4379480109	3225.80024472701	1	1.24767391400705	60	60	1800
-19100.5240696981	14969.8767943324	1	0.106659721720377	60	60	2700
-22314.9344351285	-23122.3377887011	1	1.80302530121245	60	60	3600
-28564.794737966	-2415.39061655428	1	1.50066357524902	60	60	1800
-28500.9798344359	2537.76073230672	1	1.67316731235915	60	60	2700
7202.62794992192	20229.7650213783	1	1.85775974151274	60	60	3600
