trucks_count 10
drones_count 4
customers 200
depot 0 0
Coordinate X         Coordinate Y         Dronable Demand
X	Y	Dronable	Demand	Drone_service	Truck_service	Lw
14291.5962396175	-19635.5380785526	1	0.505753832434473	60	60	2700
7635.2175643677	7924.216175453	1	1.34457833608682	60	60	3600
11614.4505357704	1580.08292769471	1	1.23332803513023	60	60	1800
25243.516806477	-9798.49452138639	1	1.56680171530674	60	60	3600
9314.43373689651	18359.2494439074	1	1.66713063451168	60	60	2700
-5584.88427181155	-13729.2296777315	1	0.556588453454108	60	60	3600
-898.852440472169	-22393.9519678802	1	0.260229263177827	60	60	1800
-3219.8759021071	-14923.2661993625	1	1.33444586772445	60	60	3600
-14138.357311189	27391.9139660927	1	0.525467557479162	60	60	3600
-12548.4915518064	-29029.0841715126	1	1.27276229033614	60	60	2700
-31058.0704325642	6871.04994478968	1	1.00665548423852	60	60	3600
12775.2624444913	27238.56025454	1	1.41945999341765	60	60	1800
-27532.8677213628	-24610.3513587	1	1.63590130981982	60	60	2700
17576.0740740815	26512.1510626781	1	1.84296741193582	60	60	2700
-17877.5617364859	6738.63358452975	1	1.95448441913981	60	60	3600
8599.99628082529	-25486.6456119529	1	0.154578661373255	60	60	2700
-16220.7190220728	1169.6900889426	1	0.39324973102087	60	60	3600
5100.15875018584	29698.4075842919	1	0.933052839046625	60	60	1800
-6424.1853915784	26392.7668206358	1	1.85577648138138	60	60	2700
-3909.88600698489	9960.43993436213	1	1.95196511592325	60	60	1800
-14845.8226713025	-23224.8463759318	1	1.16675107789291	60	60	2700
11135.2831540971	16101.0343946974	1	1.873540370855	60	60	3600
22093.0388587206	-4620.17962979638	1	1.55428824145063	60	60	3600
-22969.8523563766	19824.8757330843	1	1.52906031614461	60	60	3600
18434.7427170291	29633.694440933	1	1.25684136050552	60	60	3600
14408.6479892489	13782.8343531431	1	1.44627197577189	60	60	1800
-17477.505388266	-2549.54160269448	1	0.820900126622768	60	60	3600
-22410.3724349076	19826.9987924223	1	0.519245844009378	60	60	2700
6112.50016643961	-3234.46491386617	1	1.50507854630303	60	60	2700
18245.6099337781	-24154.1210072703	1	1.57230656113889	60	60	3600
-15069.2474606026	7534.45209280052	1	1.84883174087414	60	60	2700
-21596.5368587144	-11742.1960713762	1	1.54314329435843	60	60	2700
-25829.7502252322	31935.5988857977	1	1.09875405983854	60	60	2700
4915.945791669	-27262.4814768384	1	1.8116945581629	60	60	2700
-25816.2247500275	25267.9012223793	1	1.92025052280823	60	60	1800
29978.32037608	-25074.0411680076	1	1.93254742846425	60	60	2700
17681.1588040239	16107.5107656918	1	0.627415765859496	60	60	1800
27025.7975077331	-31609.926073636	1	1.99127075892541	60	60	1800
29610.615124048	-6477.84052963293	1	0.481927858230813	60	60	1800
6248.07893535568	3153.22722104659	1	1.54729270574006	60	60	3600
-23022.6015862485	-7905.83132251039	1	1.88688680578803	60	60	3600
17525.9045697482	-15133.7624758283	1	1.35080378323694	60	60	1800
5087.54478932864	-15262.3445742881	1	1.38594187123217	60	60	2700
-5928.38539077027	-9873.51353597807	1	0.103733382773801	60	60	1800
15302.8779250873	-18125.9833375034	1	1.95622239253669	60	60	1800
-5739.44560329701	-20414.304216995	1	0.40732131122491	60	60	3600
22325.9548142483	-20861.8578400506	1	1.0512865953041	60	60	2700
-989.149303993043	-24711.77054846	1	1.36452360875841	60	60	3600
5802.87229891947	-8754.97708981259	1	1.03507761247581	60	60	3600
-16867.1990706761	-17690.0757165291	1	1.44321045198854	60	60	1800
-17288.1197966046	-24876.3994711346	1	0.683641121521812	60	60	2700
29556.1043988119	-19158.9009818661	1	0.994520263202968	60	60	3600
13119.038655669	-23491.8101382348	1	1.07730247828893	60	60	2700
13941.62710629	9081.97068241492	1	1.54892240579828	60	60	2700
-3276.93821428535	13412.3605144538	1	1.65857596407352	60	60	2700
12621.7773477188	-12830.3618741353	1	1.69323654924876	60	60	2700
-29436.1072761235	-1511.22877297995	1	0.0949242378713081	60	60	1800
27956.6392355869	-21570.6282416137	1	0.959180175568808	60	60	3600
25018.9116082999	18371.8106792285	1	1.11308617203045	60	60	2700
23115.5792160757	-9007.62466959255	1	0.0173985845234735	60	60	2700
1284.33898251062	16718.2287201597	1	1.44379949962604	60	60	3600
-13087.7718707219	-16114.1044281787	1	1.7852473653543	60	60	1800
-13508.3086955229	3714.63510914932	1	1.92805234933765	60	60	3600
22909.3031362764	-14690.1453575788	1	1.09166234696336	60	60	3600
-621.579267917025	-298.597720473262	1	0.662457801315021	60	60	1800
22486.7821334171	-10587.421332115	1	1.94824639311929	60	60	1800
-20776.755940084	31009.8880613399	1	1.70663870527392	60	60	1800
-21743.1105864924	22083.0112230707	1	0.90967830918767	60	60	1800
-16251.3388741276	-2786.77231976232	1	0.760362342329703	60	60	1800
14716.2526768389	9885.10743478644	1	0.774279838835605	60	60	1800
2796.52804210608	17569.5113042001	1	0.170719510443025	60	60	1800
1604.11144650651	3586.19324920076	1	1.91110592424017	60	60	1800
-30596.3492994578	13690.5876307093	1	1.90266139171782	60	60	1800
-16622.1130811268	-28024.46357676	1	0.953995479861077	60	60	2700
-13366.010816675	5261.04052911716	1	1.80658607090982	60	60	1800
-29387.0699095872	7106.85440888001	1	0.544194407295805	60	60	2700
32132.3791521614	-27598.7687786499	1	1.66068712752197	60	60	1800
-27317.929961794	-4273.41301557469	1	1.67191004460557	60	60	3600
27802.0935084824	21200.7288432276	1	0.988163192248518	60	60	3600
8436.33871570539	16451.1050367674	1	1.23370545409759	60	60	1800
19374.3566334684	-4302.09506134848	1	1.52130197389866	60	60	1800
-23550.7796238746	-29722.2694569565	1	0.071499789852007	60	60	3600
-30763.6973465682	13130.2935783148	1	1.69009783912039	60	60	1800
-9408.44904622881	-6325.35859032148	1	1.86453772459193	60	60	3600
-30547.4627660675	3564.42819446967	1	1.5475236690035	60	60	1800
332.387506209312	900.163555677805	1	0.497771134296631	60	60	1800
24291.0879689149	20411.6801807584	1	1.70897888917275	60	60	1800
-22542.5522282472	1357.13176348749	1	1.80569248314633	60	60	2700
-16119.2393857477	14489.5471354124	1	0.534520295156567	60	60	2700
-28596.365330677	21436.0480634945	1	1.44139010616497	60	60	2700
-30774.7427367089	-30910.8734601129	1	0.0417446898162455	60	60	1800
-4760.82796975335	21364.3891034223	1	0.757191513445503	60	60	3600
-28824.8784208868	22127.77104893	1	0.983601673999666	60	60	1800
-22092.6073758671	20551.6173596609	1	1.01699482608301	60	60	1800
25749.9373972884	24438.0463158711	1	1.78625415428635	60	60	3600
-29928.1510591322	17275.2807356957	1	1.76576148880699	60	60	2700
2467.51861950749	-5075.85582822016	1	0.92869417852321	60	60	2700
-29864.9602185822	12758.3651884969	1	0.657117746940506	60	60	3600
-10356.9410341425	-11782.6272939817	1	0.206565012332208	60	60	2700
-23802.1402378728	15165.2150000922	1	1.54929260027929	60	60	2700
23633.0791706264	30889.8429729254	1	1.59797100718709	60	60	2700
-15412.2595313969	-20489.4884297308	1	1.48425564810318	60	60	2700
-14947.2622087091	25893.8460068282	1	1.43784917328972	60	60	3600
-6454.35380860507	-22561.9456836721	1	1.04148897289739	60	60	1800
-13901.5411010235	-8395.89212043349	1	0.837083129338396	60	60	2700
22381.783722629	5686.88270939992	1	0.747877660185631	60	60	3600
-20142.7605373099	-12046.5593447932	1	1.59564045939727	60	60	2700
-20617.9368010432	16883.4035128791	1	0.110262877136239	60	60	2700
-22098.3707840065	-521.638563153293	1	1.85099489741836	60	60	2700
325.860213042964	-93.5106973133878	1	1.69755110942778	60	60	3600
25481.2016459396	-3189.04216019293	1	0.235807117713018	60	60	1800
28730.1006396693	17539.7567956336	1	1.73733685628406	60	60	1800
947.415943148785	28004.0999514485	1	1.94222981742439	60	60	2700
-21.5583880873035	-3528.91531360054	1	1.57585510132361	60	60	3600
30253.5584807871	14049.3454095992	1	1.53190078163944	60	60	3600
12001.2819399026	-17974.4084900638	1	0.538142711969669	60	60	1800
6009.56332582266	-30979.5922681092	1	0.323314281938208	60	60	1800
10013.2552162322	-23232.3347796353	1	1.81453908273965	60	60	2700
-273.32012930148	29519.571841642	1	1.19035132967347	60	60	3600
9504.77909191181	-21202.4052130063	1	0.744496497840697	60	60	1800
24544.8845465701	16066.6924866642	1	0.478696463809413	60	60	1800
30938.632528074	14802.9105109253	1	1.27934009271263	60	60	2700
3658.50437074363	3255.33407667115	1	1.97628746924799	60	60	2700
30049.932397447	-20982.0458940569	1	0.362345216082027	60	60	2700
-21109.9263939411	-20215.1957216879	1	1.66534402730041	60	60	2700
-5006.26609764121	6571.32395240009	1	0.561516373304452	60	60	3600
30592.0306611139	-21367.9775642611	1	0.407558352300446	60	60	3600
11435.4141927416	1460.14649574224	1	1.92003545021865	60	60	2700
-24486.82382643	13760.2793282059	1	1.75925224747407	60	60	2700
-15975.1032551911	-18949.6516887982	1	0.0405551561012124	60	60	1800
19714.1283741327	12714.2640567703	1	1.14861015218339	60	60	3600
6264.41526013304	18276.268774992	1	1.14943803991342	60	60	3600
19152.6923568507	14917.9465621412	1	1.24792560209669	60	60	2700
5043.83032920052	-4970.80973835273	1	0.0651336045242382	60	60	1800
-26567.0000229333	20352.6891676334	1	0.779685721078305	60	60	1800
5908.89440593675	-24318.4145276629	1	0.53608043502399	60	60	1800
16890.037338168	-16259.6667488344	1	1.56640183703363	60	60	1800
-607.848857050003	30200.7770866948	1	1.9952431060502	60	60	3600
-10260.0981356896	14833.1130013948	1	1.65974925850143	60	60	1800
14173.6097657088	26116.9387440423	1	1.86527859049916	60	60	3600
-24405.2336001163	24646.8247600334	1	1.26226821157859	60	60	1800
-11048.3721261515	-10922.5043843321	1	1.66077324119641	60	60	2700
-10953.0291059708	4779.90342582081	1	1.08747732668666	60	60	1800
16604.2436833245	-25904.2592316338	1	0.705434825169466	60	60	3600
-25686.9241022585	18720.435861061	1	0.857660711036899	60	60	3600
5344.43445496182	15038.8719601001	1	1.9173117015473	60	60	1800
4546.905337956	30116.722296576	1	1.36103390927509	60	60	2700
6374.03219517662	27882.7404631602	1	1.13504232108584	60	60	3600
8160.27054216378	30949.2484816592	1	1.94422096473542	60	60	1800
27431.5927506794	9970.39348656548	1	1.9070379366014	60	60	2700
-26072.5335205727	-16971.0265160889	1	1.78169955168138	60	60	2700
-29811.7471155918	-7627.74827897881	1	1.75749456443765	60	60	1800
-6600.93433198327	3572.90389499704	1	1.73326331536367	60	60	1800
23670.2223416838	-8975.65320858786	1	0.228967633872279	60	60	2700
30234.0890132302	18599.9446230484	1	1.70886287684139	60	60	2700
-4859.02745595336	25293.206519351	1	1.11949807241934	60	60	2700
30264.4043014599	-9177.52441111924	1	0.0135463334438682	60	60	3600
2768.98858426349	31214.3569532375	1	0.213573784990008	60	60	3600
-27781.5042134559	-22036.4702174062	1	1.93810771036619	60	60	1800
13720.8570471476	27734.9447517508	1	1.90028684732469	60	60	3600
-9884.74776288564	1634.20904793233	1	1.80224759484224	60	60	2700
-23918.9231906971	9151.78566499736	1	0.652158796625987	60	60	2700
6320.54517866883	-19505.4978362089	1	0.574962620554058	60	60	3600
-8361.95897416089	18635.9755049089	1	0.141570544049276	60	60	1800
4070.48776819618	-2485.92737845404	1	1.56008858158047	60	60	2700
-7330.89055228528	-27404.0055191676	1	1.99471253584908	60	60	2700
24398.4943327723	28515.3504514141	1	1.45024043369354	60	60	3600
11295.090164939	-19547.6200028376	1	1.84996634092513	60	60	2700
18476.7390194063	13366.2485904378	1	0.481221346887925	60	60	3600
21733.845602694	-10722.3388129344	1	0.0412578356418093	60	60	1800
24344.9644747435	8555.54327701377	1	1.69173262522155	60	60	2700
25593.9157746412	-19322.1903445922	1	0.46462677281691	60	60	1800
-5634.72790418921	-17143.8616591762	1	1.79332128757798	60	60	3600
-27911.4202885606	32172.1184101859	1	1.96357335998999	60	60	1800
32057.71824709	-7397.41868510234	1	0.137318174342055	60	60	3600
22376.8581407993	22038.1600982223	1	1.08732305563369	60	60	1800
10599.7087529645	8606.08663382838	1	0.258070484170498	60	60	1800
9613.6378574771	-4216.63930309716	1	1.18819162328844	60	60	3600
7568.46968162146	-29700.94649063	1	0.718333305344464	60	60	1800
-12048.7578457192	-24583.4167208143	1	1.86550655367062	60	60	2700
-18967.3612799991	15056.8190232768	1	0.558386566795697	60	60	3600
-18223.5801128415	4373.09080933727	1	1.68158533155129	60	60	3600
25011.62139096	9879.00860865454	1	0.414717866823609	60	60	2700
23753.0569216985	13938.2705960734	1	0.0244254978674371	60	60	3600
-16535.5890077167	-25090.8614871623	1	1.67182330511816	60	60	3600
-23009.5865787022	14341.5746364021	1	1.56200997974277	60	60	3600
-13865.287519652	-21202.1472514353	1	1.02292477708383	60	60	3600
4599.06573672469	-28942.0895326046	1	0.800446587822354	60	60	3600
9489.5512879474	-31152.3599863505	1	1.63783667154746	60	60	3600
-8960.24441052854	30422.3266871252	1	1.07065008311498	60	60	2700
-6108.63960701016	14970.3585058822	1	1.89713858298802	60	60	1800
-30558.0959861218	-27707.9717583874	1	1.68445864865146	60	60	1800
4276.5508000561	-18014.1997956786	1	1.68831608741303	60	60	1800
20231.4066594566	2271.15940394314	1	1.77903347491439	60	60	2700
2080.86484249683	-21661.6294468354	1	0.0607057003143939	60	60	3600
-10660.1888683702	-9045.99558932727	1	1.76945356465434	60	60	2700
-29027.1208058433	-15790.580419925	1	1.17562639013005	60	60	3600
-30275.7628552055	13000.2784058382	1	0.672976447304122	60	60	1800
-3677.2124026467	-25084.5944831272	1	1.64124204984988	60	60	3600
-4555.74578092488	-30577.3781290689	1	0.970029075482527	60	60	2700
