trucks_count 10
drones_count 4
customers 200
depot 0 0
Coordinate X         Coordinate Y         Dronable Demand
X	Y	Dronable	Demand	Drone_service	Truck_service	Lw
3644.98252408621	3504.44692689299	1	0.536149431205002	60	60	2700
-6307.39826669774	7695.20230127384	1	1.53370996569025	60	60	1800
-3543.73825271933	3748.11908338963	1	1.930599113777	60	60	2700
311.742211332493	-5061.18115021974	1	1.77654039363675	60	60	3600
6028.47151198148	-4744.79619359146	1	0.845983550126011	60	60	1800
-4796.12155980411	-1818.88741486205	1	0.560240300624777	60	60	1800
-5605.87586460818	7974.43176154532	1	1.82259831534887	60	60	3600
-3348.06797381056	-5220.38841387593	1	1.48974721441692	60	60	1800
-37.0004240332011	-7493.63617562145	1	1.35734690802041	60	60	3600
-5016.59464357092	-4848.35560987537	1	1.94388488475263	60	60	2700
7958.86766215685	-4244.78394775991	1	0.605638688587689	60	60	2700
7370.99599289734	6257.27912850551	1	1.0431700374367	60	60	1800
-1258.42887411995	-1364.85773802902	1	0.275947062724702	60	60	3600
-2266.23862032764	-594.785273730919	1	1.83358677333447	60	60	3600
-7979.71170724226	4813.15996775608	1	1.28156024447034	60	60	2700
-3253.58137928335	6665.72887091659	1	0.960896313672876	60	60	3600
5547.80777051337	7887.86381440647	1	1.74625597170575	60	60	3600
4596.04726309973	7488.3846376577	1	0.644286256620896	60	60	3600
-4250.04781101334	-490.044022747608	1	1.97815063417688	60	60	2700
3447.05324823218	-4649.6334089334	1	1.91336957519697	60	60	1800
-3391.37846541907	7946.12987015999	1	1.65672402598853	60	60	1800
-7830.81407713432	6733.94477306729	1	0.692833986949895	60	60	2700
1215.79996720774	-323.177251986223	1	0.218381444121218	60	60	2700
-7906.36833181709	-4684.42464104557	1	0.744721929476131	60	60	1800
3484.98910850177	-4368.22753397116	1	0.701082186567579	60	60	1800
-7320.9967911537	1542.90490462101	1	1.82112978882459	60	60	1800
-6114.26507318206	1299.01146421978	1	1.29843490332376	60	60	1800
3113.70027078225	-6461.18346507709	1	0.244629528591416	60	60	3600
-3227.80651401232	-2296.12568146039	1	0.96121405195347	60	60	3600
-6338.10426655461	-1510.08960790192	1	1.87595945949888	60	60	3600
-501.562712399975	2876.37636351811	1	1.90916197218794	60	60	2700
-2613.02077173004	5065.91873256332	1	1.71319523470479	60	60	2700
-2314.30880914588	-7859.50830575368	1	1.79208709772615	60	60	2700
3172.04252101787	6579.12139620547	1	1.74558037623516	60	60	3600
-1212.51856166907	665.772728849867	1	0.0438777310040952	60	60	3600
-814.853001100198	-4654.20992984339	1	1.70114890565266	60	60	3600
7149.88161579537	-4553.15664363238	1	0.881503770436877	60	60	2700
-1123.03604483094	-3676.4812023076	1	1.93922036673006	60	60	3600
1693.96135258068	-6961.12282040864	1	0.0021075265506228	60	60	3600
-1724.18948992081	6813.51598885535	1	1.63642534160072	60	60	1800
1838.10458830305	2167.88522804643	1	1.80668710681136	60	60	2700
-5603.69665238333	2722.19310523781	1	0.295301809742595	60	60	1800
-567.581943477048	2002.15517813691	1	0.0572645081012319	60	60	1800
5479.9406609446	-1128.07820173192	1	1.39248782595576	60	60	2700
5210.58028835997	-6133.29030691705	1	1.61984445697446	60	60	1800
5622.3931670082	-6060.21897157566	1	1.12950892365468	60	60	2700
-4421.92689436227	7271.61059598724	1	1.81042120735499	60	60	3600
-3858.98913383138	4775.6003091625	1	1.55326794673942	60	60	1800
195.417393277217	-6571.39226444117	1	1.59607412427115	60	60	1800
5536.52940495268	-3462.03544013651	1	1.93712590562763	60	60	1800
-4525.43156997752	-5929.67558623355	1	1.82751873070942	60	60	3600
7047.60355712312	1913.40467319288	1	0.211052015345922	60	60	3600
-2665.23810437002	-4290.3202062792	1	0.804120735736125	60	60	2700
4315.18796408765	2502.55796221817	1	0.678907055887193	60	60	2700
-5804.19140856859	-6052.02523868828	1	1.61994163154028	60	60	1800
-7479.80171459163	2432.76654955731	1	1.89193530931388	60	60	3600
-7145.66609147426	7884.86801388967	1	1.91588112261253	60	60	2700
5277.86678525084	4075.1355856998	1	1.11316875135578	60	60	3600
3295.51060797784	-2078.45630641786	1	0.065013462426993	60	60	3600
-5114.17149682887	2103.43756019168	1	1.63377695274758	60	60	1800
1730.91018000091	-1672.58230174921	1	1.75214083329153	60	60	2700
5657.67383366227	3501.52854970664	1	0.620905964278737	60	60	2700
-4356.34332981341	7478.96866399354	1	1.96013590749708	60	60	2700
-6350.28005421124	4682.09847000279	1	1.50491439543636	60	60	1800
-3223.37140052361	3468.07775456041	1	1.58781915302252	60	60	1800
1961.05914553449	5743.90489285704	1	1.93946771056248	60	60	3600
1704.73322565483	6184.29905489581	1	0.59891325166214	60	60	3600
4681.03601266555	1077.03069639455	1	0.845302366033542	60	60	2700
3188.43937258519	-1655.22726215712	1	0.727231599550398	60	60	1800
7963.4124938822	2203.15403075595	1	1.59105603447497	60	60	3600
-4844.64608569342	4772.03764528713	1	0.0388067681913289	60	60	3600
2936.56834755934	7920.21434477853	1	0.501104721403691	60	60	1800
2553.74274446698	5599.21533286955	1	0.113478374177241	60	60	2700
-3173.39536486184	1778.61803950958	1	1.51787294622569	60	60	2700
-5682.57064812232	6842.98641623791	1	1.26802910013849	60	60	1800
-1362.10989957662	-3434.26830908017	1	1.37366535194806	60	60	2700
-7678.83164459506	350.865392598489	1	0.266613069865013	60	60	1800
693.357052699856	4657.8055682967	1	1.77043554796285	60	60	2700
1211.04076399439	-231.041027771783	1	0.833334725221938	60	60	2700
1360.21702669876	-5850.32640789674	1	1.54555288190948	60	60	1800
-431.497895826805	5237.51397380406	1	0.868404944021093	60	60	3600
5656.03216374015	7350.01305731005	1	0.467612628263202	60	60	3600
-4511.54288887084	-5053.48317942696	1	1.78752188365223	60	60	3600
-7266.22681339031	-5390.84721599958	1	1.37436874425793	60	60	3600
-7259.28247854205	-2573.3470305766	1	1.26177139873452	60	60	3600
4202.25082389393	-1269.75069581288	1	0.875236271061157	60	60	3600
7389.45990112527	-3301.07013134838	1	1.88866202015649	60	60	3600
-3728.42175317514	-6517.49797515541	1	1.65057768476757	60	60	1800
5180.19177325788	5793.46757979422	1	0.463916608798707	60	60	2700
3969.33677010425	3420.50637656733	1	1.59652892414475	60	60	1800
4176.21173240947	4433.7238967668	1	1.69421607369735	60	60	3600
-5124.65486241577	-6397.02399223562	1	0.596748430640615	60	60	2700
-4307.3738256418	3976.1767787191	1	1.84074030143343	60	60	3600
854.300927205247	3527.25387313856	1	1.77194516599074	60	60	1800
430.389886853099	7822.21176918669	1	1.44191474839583	60	60	1800
-6251.88260629563	5826.11979910173	1	1.65891083270509	60	60	1800
1372.35325027153	-6402.00362138995	1	0.251440803792135	60	60	2700
4993.29696926154	4276.92001043196	1	1.58296598314094	60	60	2700
-2076.6956272458	-858.830537482239	1	1.62731047677706	60	60	2700
-4641.22338876171	4557.20056526673	1	1.69643513957975	60	60	2700
-4723.53312961315	-3979.47182802793	1	0.0901678214091186	60	60	1800
-1090.26373497757	-5898.96442151576	1	1.35707919588605	60	60	3600
4507.32269614452	-5270.06200944127	1	1.78042936688501	60	60	2700
7159.21030744664	7059.82630519879	1	0.887616140991582	60	60	3600
4171.45964901799	-7137.82640954554	1	0.177306755338661	60	60	1800
-3187.80831997677	339.045921302935	1	1.32975865248481	60	60	1800
-4765.64307608088	-6857.53009332497	1	0.130469175334722	60	60	1800
-6459.77250168602	-5089.45212863548	1	0.695042704144415	60	60	1800
-4497.55706196165	356.133680052129	1	1.3851214724994	60	60	2700
3874.08340072176	7203.90530657732	1	1.46056075331804	60	60	2700
775.979393778399	6788.55978416644	1	1.66699721663505	60	60	1800
5381.09947559531	7514.96727692922	1	1.73113689249063	60	60	3600
-7752.00663201767	-4087.20808480195	1	1.69640563698763	60	60	3600
-3804.04686433993	1552.21548321709	1	1.38847340798956	60	60	2700
-6770.36048306201	-1916.85808792428	1	1.95941822901069	60	60	3600
-3657.19769386595	-2697.37118815684	1	0.92057082663185	60	60	1800
5277.90413903153	-5384.87667099432	1	1.41019957804402	60	60	1800
-6129.19870209492	-6428.76569791298	1	0.584793983521325	60	60	3600
-4212.85197140359	1738.85124955752	1	1.5958079092141	60	60	3600
-6217.26995363806	1824.37932283272	1	1.5528048903743	60	60	3600
475.280941980053	-5988.07063986612	1	0.189517472680444	60	60	3600
-6202.39247151529	4336.02252929571	1	1.1429644206606	60	60	3600
5882.70592833465	6725.68991701175	1	1.99484839786049	60	60	1800
4693.42608190634	-2938.69085599205	1	0.147946604990271	60	60	1800
5230.34310870646	4470.33493901573	1	1.38930158992679	60	60	2700
-4402.07980362355	-3903.41879769779	1	1.30600180949844	60	60	1800
-2637.76248907963	-7812.92209497897	1	0.77542819942452	60	60	1800
2674.30638143408	3262.39955345456	1	1.80029973088585	60	60	2700
-7796.46940832042	-3893.56511212597	1	1.84510987537101	60	60	3600
-65.2921993742654	-5256.70946407004	1	1.34481527888141	60	60	3600
-6372.69023427936	-3388.5092410819	1	1.76758370227807	60	60	2700
3983.08111541373	741.276396093977	1	0.918920762882558	60	60	1800
-979.047424193219	-4351.03863895407	1	1.6982762261129	60	60	3600
3373.63623147458	-5932.06302691082	1	1.915465334911	60	60	3600
-5507.80485291358	2998.24052191372	1	1.84747392789472	60	60	2700
-687.992050696611	1641.02783441849	1	1.56495733671406	60	60	2700
-6947.73304465403	3320.45700193016	1	1.90230979430304	60	60	2700
-2166.50822940493	3922.72034654089	1	0.619779855380388	60	60	3600
6202.40095315655	2119.80149555597	1	1.85647095239346	60	60	1800
6830.72322203503	-3968.11389280408	1	1.66263362405307	60	60	2700
4307.77928486153	-4722.28390523928	1	1.50449428303158	60	60	2700
-1234.0922079654	-7171.06745727741	1	0.269697632868535	60	60	2700
5633.54279506632	525.803335536021	1	1.50926836233923	60	60	1800
-2952.65472145363	5696.65605396973	1	1.95857307953961	60	60	1800
3417.96947770167	3564.76711640615	1	0.363269816582235	60	60	3600
-2542.96231811213	6670.49483774994	1	0.194357806532343	60	60	3600
7651.68299589891	-2571.1548721497	1	1.68587398560576	60	60	1800
3309.91760609665	-3844.43259228222	1	1.49460359950427	60	60	2700
-548.077465072294	8036.64112469682	1	1.68847757524667	60	60	2700
6432.29193830254	4809.32433737062	1	1.85274327325534	60	60	2700
2280.25355966335	2892.61895860758	1	1.64015808614258	60	60	2700
7565.47788954553	-7060.48710593728	1	1.88534173040265	60	60	3600
-4527.73417728994	2356.32730224039	1	1.38981804608327	60	60	2700
-3203.85946903214	1033.08484455689	1	1.52949166170082	60	60	1800
-4971.55329206432	-7285.02433675286	1	1.31479939891699	60	60	2700
-4333.9647362011	7822.390098641	1	1.37539832988976	60	60	2700
2994.60942093232	710.030739601231	1	1.76932842158589	60	60	3600
-6951.25912019742	2391.96059596572	1	1.43475775419443	60	60	2700
-2506.61313101564	1173.93551299401	1	0.055809660939252	60	60	3600
-2853.11203043388	-7726.00942011078	1	1.60487633663204	60	60	1800
-5349.30865841453	-6712.54310565394	1	1.28819233442111	60	60	1800
-4536.13130498356	-4627.22245642003	1	1.82762064296226	60	60	2700
-7623.75072468483	5627.68611675505	1	0.866201252376905	60	60	2700
4869.92968590601	3207.99035187965	1	1.94217561706948	60	60	2700
-3776.76914559998	3414.79972831914	1	0.0168225531135455	60	60	2700
-4430.08244608678	3550.62774502806	1	1.76259311776094	60	60	1800
-6386.87495026986	-2742.15761747925	1	0.300105623581348	60	60	1800
7886.81866419371	-6385.50926988467	1	1.29280179174326	60	60	2700
4230.40260548221	-3107.88251997239	1	1.75694828649	60	60	2700
-3779.96033960928	-543.439660159171	1	0.316467068718058	60	60	3600
452.628583208938	4601.0939340189	1	0.544957088450458	60	60	1800
727.772900956001	-7484.50257016788	1	1.8884105084453	60	60	3600
-5398.30163643374	5637.48923752498	1	1.72672290567936	60	60	3600
-3982.16681711619	576.856114008916	1	1.12200480031233	60	60	2700
-1632.06883850661	-2551.24349463853	1	1.87798789400714	60	60	1800
-6743.85044900695	6365.59146612596	1	1.68936426107051	60	60	3600
-1694.98540469946	6974.92058527036	1	0.238781412149018	60	60	1800
-5574.38394915477	3474.92865047724	1	0.75425855579148	60	60	1800
-1243.49951934136	1029.74767340112	1	1.43490489499988	60	60	2700
-3051.34938082041	4000.17926583085	1	1.72952055924335	60	60	1800
-5523.35928636768	1135.59196997352	1	1.80142831068077	60	60	2700
-6584.8779869276	5484.16762907434	1	1.87884387221269	60	60	1800
-3273.25670615489	-5999.17127362065	1	1.14703937808688	60	60	1800
-4352.12734725839	-6821.94757707642	1	0.816058015353065	60	60	1800
-750.002048554584	5337.25254325143	1	1.80307319767241	60	60	1800
3707.34315457203	-6729.06888951172	1	0.375044971478084	60	60	1800
-140.765573400943	626.83182952813	1	1.49526318079879	60	60	1800
5394.56079372494	3643.68906378857	1	0.858088535152511	60	60	3600
4274.15866848544	4675.35960100205	1	0.883000230455176	60	60	3600
-725.521727565125	2875.03972986645	1	1.31405580061021	60	60	3600
7241.7308418614	-1044.96979057908	1	0.765110189012516	60	60	1800
6078.12970967059	849.461978278159	1	1.9981222356098	60	60	3600
-1722.96635438247	-3379.79817908709	1	0.533866497851696	60	60	3600
5178.54411308412	1779.45699673063	1	0.771991424712434	60	60	2700
-4894.98984492234	7086.05531395365	1	1.67331342276462	60	60	2700
-5646.23255438361	-4120.48804220278	1	0.447759302299235	60	60	3600
-747.257549707872	-7674.23142369117	1	0.237899899075925	60	60	1800
4924.57270834492	3391.87438224725	1	1.31087395833316	60	60	3600
-2426.54723990952	1532.397950319	1	1.20384458684722	60	60	2700
4938.44687373823	5566.3235825861	1	1.73573705330729	60	60	2700
