# i j vmax_ij_m_per_s; symmetric values generated with Uniform(0.7,0.95)*15.6
0 1 11.522025
0 2 14.118643
0 3 14.398257
0 4 12.534535
0 5 13.556573
0 6 13.564106
0 7 11.582882
0 8 12.483001
0 9 13.202891
0 10 12.579227
0 11 14.510317
0 12 11.854619
0 13 13.968404
0 14 13.007164
0 15 13.854936
0 16 13.067838
0 17 12.149045
0 18 14.703986
0 19 12.591751
0 20 12.231335
0 21 14.184570
0 22 11.581708
0 23 11.449345
0 24 12.163560
0 25 11.148366
0 26 12.326184
0 27 12.903964
0 28 11.753810
0 29 13.404114
0 30 13.277255
0 31 12.922240
0 32 13.989018
0 33 14.798193
0 34 14.285519
0 35 14.159340
0 36 13.497748
0 37 12.350798
0 38 13.099390
0 39 12.726219
0 40 13.476381
0 41 12.228265
0 42 14.105966
0 43 11.162160
0 44 13.508336
0 45 11.954676
0 46 13.671643
0 47 13.261573
0 48 14.325066
0 49 13.464036
0 50 14.785851
1 0 11.522025
1 2 12.527629
1 3 13.687577
1 4 11.897303
1 5 14.767977
1 6 14.099282
1 7 13.144282
1 8 12.990838
1 9 12.207868
1 10 14.327965
1 11 14.802610
1 12 14.052849
1 13 11.379001
1 14 12.045372
1 15 11.872741
1 16 14.542016
1 17 11.754792
1 18 12.219366
1 19 12.341138
1 20 13.278699
1 21 12.815181
1 22 11.860782
1 23 12.703824
1 24 11.755882
1 25 12.038086
1 26 11.860672
1 27 11.956130
1 28 11.676867
1 29 14.508841
1 30 14.182086
1 31 11.896345
1 32 13.153401
1 33 12.979027
1 34 11.511797
1 35 14.560200
1 36 14.156548
1 37 12.560448
1 38 11.455737
1 39 13.069593
1 40 13.522968
1 41 11.555788
1 42 13.323625
1 43 12.137740
1 44 11.932328
1 45 13.542672
1 46 14.532708
1 47 11.404852
1 48 14.183294
1 49 13.753086
1 50 13.578952
2 0 14.118643
2 1 12.527629
2 3 12.066288
2 4 12.826689
2 5 12.763723
2 6 12.828422
2 7 11.275135
2 8 11.505508
2 9 11.909814
2 10 14.227278
2 11 14.097980
2 12 11.826898
2 13 12.518829
2 14 12.492594
2 15 13.251645
2 16 12.318189
2 17 12.333188
2 18 12.803826
2 19 11.340179
2 20 11.308139
2 21 13.497410
2 22 12.767348
2 23 12.151829
2 24 13.578778
2 25 13.800849
2 26 13.011576
2 27 11.055424
2 28 13.551626
2 29 10.933498
2 30 12.864020
2 31 12.175899
2 32 11.989174
2 33 11.240978
2 34 12.907865
2 35 12.525227
2 36 12.846553
2 37 12.253054
2 38 11.510819
2 39 12.448811
2 40 14.499388
2 41 13.452687
2 42 14.024132
2 43 12.092360
2 44 14.188166
2 45 14.117336
2 46 11.420704
2 47 13.274743
2 48 11.719848
2 49 14.211717
2 50 11.584167
3 0 14.398257
3 1 13.687577
3 2 12.066288
3 4 12.201891
3 5 14.544224
3 6 11.872412
3 7 13.961081
3 8 11.532786
3 9 12.618266
3 10 13.396134
3 11 14.476016
3 12 14.426289
3 13 11.477775
3 14 13.984080
3 15 14.552633
3 16 11.118591
3 17 13.461408
3 18 11.646921
3 19 11.007441
3 20 14.441823
3 21 11.203123
3 22 13.681262
3 23 11.173081
3 24 12.125742
3 25 12.086709
3 26 13.407108
3 27 13.335939
3 28 11.356318
3 29 13.124463
3 30 13.945625
3 31 13.605785
3 32 11.760393
3 33 12.139728
3 34 14.439358
3 35 11.151896
3 36 13.003584
3 37 11.141549
3 38 14.037623
3 39 14.124872
3 40 11.427173
3 41 12.775341
3 42 13.578226
3 43 13.796915
3 44 14.623541
3 45 13.988315
3 46 13.952314
3 47 14.563385
3 48 12.907941
3 49 11.331076
3 50 13.261652
4 0 12.534535
4 1 11.897303
4 2 12.826689
4 3 12.201891
4 5 13.175236
4 6 14.187140
4 7 14.502548
4 8 13.185238
4 9 11.381662
4 10 13.884126
4 11 12.758666
4 12 13.098136
4 13 11.069025
4 14 11.774080
4 15 12.394813
4 16 12.116720
4 17 14.120907
4 18 11.319702
4 19 13.836394
4 20 12.919572
4 21 14.733063
4 22 13.822853
4 23 11.443709
4 24 13.642555
4 25 11.635818
4 26 12.111963
4 27 12.879114
4 28 14.053979
4 29 13.503710
4 30 12.484608
4 31 12.166724
4 32 12.389125
4 33 12.532777
4 34 12.617517
4 35 10.969860
4 36 14.279325
4 37 11.006658
4 38 13.716356
4 39 13.529428
4 40 13.594987
4 41 12.147175
4 42 13.961668
4 43 12.107801
4 44 13.425419
4 45 12.898464
4 46 12.763014
4 47 14.139149
4 48 11.430003
4 49 14.219741
4 50 10.989677
5 0 13.556573
5 1 14.767977
5 2 12.763723
5 3 14.544224
5 4 13.175236
5 6 12.891790
5 7 12.226770
5 8 13.946120
5 9 11.068875
5 10 12.458605
5 11 13.032770
5 12 11.135596
5 13 14.514920
5 14 11.203939
5 15 14.705432
5 16 11.903004
5 17 13.362848
5 18 13.435367
5 19 12.483739
5 20 14.703625
5 21 14.087614
5 22 12.741040
5 23 13.335213
5 24 11.133592
5 25 12.923909
5 26 14.042203
5 27 13.507892
5 28 13.565718
5 29 12.170524
5 30 11.913668
5 31 12.099972
5 32 13.811160
5 33 13.116610
5 34 12.130327
5 35 13.757352
5 36 13.544314
5 37 14.759048
5 38 11.542481
5 39 13.372604
5 40 12.976808
5 41 11.320106
5 42 12.054454
5 43 13.711519
5 44 11.109691
5 45 14.180507
5 46 12.369640
5 47 13.971074
5 48 13.103072
5 49 11.487565
5 50 12.495097
6 0 13.564106
6 1 14.099282
6 2 12.828422
6 3 11.872412
6 4 14.187140
6 5 12.891790
6 7 11.110215
6 8 14.193701
6 9 12.034626
6 10 14.573172
6 11 11.071510
6 12 12.842136
6 13 12.822385
6 14 13.409059
6 15 12.346085
6 16 11.369414
6 17 11.369498
6 18 14.511294
6 19 12.780586
6 20 12.730206
6 21 12.043693
6 22 13.855400
6 23 13.388931
6 24 12.697100
6 25 11.989359
6 26 11.559866
6 27 14.304917
6 28 13.754367
6 29 11.300344
6 30 12.916026
6 31 14.294043
6 32 13.600556
6 33 13.354361
6 34 12.285056
6 35 14.506246
6 36 12.629146
6 37 13.901700
6 38 14.760494
6 39 11.570208
6 40 14.215781
6 41 12.997954
6 42 12.432015
6 43 14.556856
6 44 12.079526
6 45 11.234011
6 46 14.000149
6 47 14.429729
6 48 11.292242
6 49 13.074938
6 50 11.298222
7 0 11.582882
7 1 13.144282
7 2 11.275135
7 3 13.961081
7 4 14.502548
7 5 12.226770
7 6 11.110215
7 8 12.682865
7 9 12.155536
7 10 14.246990
7 11 14.413691
7 12 14.548119
7 13 14.286441
7 14 11.294729
7 15 11.471699
7 16 10.926398
7 17 13.907844
7 18 13.711413
7 19 13.598228
7 20 13.101435
7 21 12.591168
7 22 13.477397
7 23 12.830690
7 24 12.431570
7 25 11.912226
7 26 12.581060
7 27 11.483738
7 28 14.422055
7 29 11.308449
7 30 11.974137
7 31 13.758851
7 32 12.582413
7 33 14.449734
7 34 12.786921
7 35 11.979329
7 36 13.043003
7 37 12.697321
7 38 13.947728
7 39 14.218886
7 40 12.669011
7 41 14.426616
7 42 13.697999
7 43 14.702740
7 44 13.292069
7 45 11.732323
7 46 11.598462
7 47 11.120780
7 48 13.322747
7 49 11.120715
7 50 13.000961
8 0 12.483001
8 1 12.990838
8 2 11.505508
8 3 11.532786
8 4 13.185238
8 5 13.946120
8 6 14.193701
8 7 12.682865
8 9 13.595062
8 10 10.960844
8 11 10.975621
8 12 11.416887
8 13 12.906918
8 14 11.360246
8 15 13.575614
8 16 11.880337
8 17 11.875203
8 18 13.010579
8 19 12.596637
8 20 12.494452
8 21 13.813344
8 22 12.032889
8 23 13.088123
8 24 14.271205
8 25 11.672717
8 26 14.643715
8 27 13.373582
8 28 13.964142
8 29 13.475686
8 30 14.797251
8 31 12.786868
8 32 14.469627
8 33 12.159740
8 34 13.780138
8 35 11.810637
8 36 12.272558
8 37 12.753004
8 38 14.280075
8 39 13.627394
8 40 14.368773
8 41 13.423120
8 42 11.483350
8 43 11.921126
8 44 14.075687
8 45 11.185952
8 46 14.235629
8 47 11.186037
8 48 12.680830
8 49 14.789273
8 50 11.132110
9 0 13.202891
9 1 12.207868
9 2 11.909814
9 3 12.618266
9 4 11.381662
9 5 11.068875
9 6 12.034626
9 7 12.155536
9 8 13.595062
9 10 12.177270
9 11 13.486717
9 12 13.240421
9 13 14.242735
9 14 12.627899
9 15 11.279975
9 16 13.008551
9 17 13.842033
9 18 14.450087
9 19 13.822236
9 20 13.482756
9 21 13.738933
9 22 14.091965
9 23 12.968840
9 24 14.360318
9 25 13.796335
9 26 12.111181
9 27 13.580282
9 28 12.305969
9 29 11.404483
9 30 14.274583
9 31 14.093432
9 32 12.176369
9 33 13.522733
9 34 14.517234
9 35 13.494985
9 36 12.291878
9 37 12.469192
9 38 14.062959
9 39 12.849071
9 40 13.835312
9 41 12.066066
9 42 14.739161
9 43 13.965191
9 44 13.597184
9 45 14.027047
9 46 11.158625
9 47 13.601484
9 48 14.742902
9 49 12.199096
9 50 13.468324
10 0 12.579227
10 1 14.327965
10 2 14.227278
10 3 13.396134
10 4 13.884126
10 5 12.458605
10 6 14.573172
10 7 14.246990
10 8 10.960844
10 9 12.177270
10 11 12.539888
10 12 13.541280
10 13 11.349940
10 14 13.534715
10 15 13.113176
10 16 12.911614
10 17 13.063821
10 18 11.347761
10 19 11.369685
10 20 11.254324
10 21 13.013324
10 22 14.139953
10 23 14.463734
10 24 11.371841
10 25 12.501166
10 26 13.344787
10 27 12.629023
10 28 12.364725
10 29 13.717324
10 30 11.727426
10 31 12.324225
10 32 12.632927
10 33 12.658817
10 34 11.324673
10 35 14.344126
10 36 11.330803
10 37 11.480171
10 38 14.808098
10 39 11.248426
10 40 12.098582
10 41 14.523422
10 42 12.521150
10 43 11.555827
10 44 13.296554
10 45 12.446541
10 46 10.973776
10 47 14.113766
10 48 13.431345
10 49 14.163966
10 50 13.981616
11 0 14.510317
11 1 14.802610
11 2 14.097980
11 3 14.476016
11 4 12.758666
11 5 13.032770
11 6 11.071510
11 7 14.413691
11 8 10.975621
11 9 13.486717
11 10 12.539888
11 12 13.945023
11 13 13.147861
11 14 12.370267
11 15 12.337054
11 16 10.970922
11 17 14.758443
11 18 13.485667
11 19 14.471335
11 20 11.447899
11 21 12.584067
11 22 12.715207
11 23 14.552957
11 24 12.878047
11 25 11.015044
11 26 13.567490
11 27 13.199513
11 28 12.872156
11 29 12.009179
11 30 13.125970
11 31 11.100889
11 32 13.220820
11 33 14.394992
11 34 14.116616
11 35 12.301419
11 36 13.258995
11 37 14.323052
11 38 12.499481
11 39 14.424157
11 40 11.979542
11 41 14.215921
11 42 14.628887
11 43 14.618647
11 44 12.591182
11 45 13.498017
11 46 12.632289
11 47 12.543675
11 48 14.565589
11 49 11.614779
11 50 14.454306
12 0 11.854619
12 1 14.052849
12 2 11.826898
12 3 14.426289
12 4 13.098136
12 5 11.135596
12 6 12.842136
12 7 14.548119
12 8 11.416887
12 9 13.240421
12 10 13.541280
12 11 13.945023
12 13 11.015901
12 14 13.706831
12 15 12.143590
12 16 14.652252
12 17 12.299096
12 18 12.567374
12 19 14.476443
12 20 12.079870
12 21 14.465337
12 22 13.281366
12 23 14.173535
12 24 10.978086
12 25 11.548268
12 26 13.349382
12 27 12.882953
12 28 11.852858
12 29 13.543865
12 30 11.262253
12 31 14.320807
12 32 14.354232
12 33 11.879522
12 34 13.557720
12 35 11.749059
12 36 11.029633
12 37 11.555345
12 38 14.495350
12 39 14.795681
12 40 12.864006
12 41 13.357394
12 42 12.237535
12 43 11.631926
12 44 14.363317
12 45 14.517214
12 46 14.679624
12 47 10.948161
12 48 13.504087
12 49 12.963444
12 50 12.939097
13 0 13.968404
13 1 11.379001
13 2 12.518829
13 3 11.477775
13 4 11.069025
13 5 14.514920
13 6 12.822385
13 7 14.286441
13 8 12.906918
13 9 14.242735
13 10 11.349940
13 11 13.147861
13 12 11.015901
13 14 12.398308
13 15 12.212264
13 16 11.208281
13 17 12.153583
13 18 11.864676
13 19 13.461742
13 20 14.110495
13 21 13.537244
13 22 12.893760
13 23 11.881474
13 24 14.587587
13 25 11.748235
13 26 12.594273
13 27 12.911288
13 28 11.695729
13 29 12.770885
13 30 14.213743
13 31 13.506959
13 32 14.598852
13 33 11.557740
13 34 13.711484
13 35 11.585830
13 36 14.523678
13 37 12.529761
13 38 11.312587
13 39 12.125862
13 40 12.885596
13 41 11.212317
13 42 11.772172
13 43 14.472636
13 44 12.436221
13 45 11.251108
13 46 14.270808
13 47 13.238719
13 48 14.651183
13 49 12.208920
13 50 12.185266
14 0 13.007164
14 1 12.045372
14 2 12.492594
14 3 13.984080
14 4 11.774080
14 5 11.203939
14 6 13.409059
14 7 11.294729
14 8 11.360246
14 9 12.627899
14 10 13.534715
14 11 12.370267
14 12 13.706831
14 13 12.398308
14 15 14.597583
14 16 11.207932
14 17 14.278352
14 18 13.218495
14 19 13.292580
14 20 12.855206
14 21 14.491190
14 22 12.466542
14 23 12.127110
14 24 11.233133
14 25 11.178501
14 26 12.471948
14 27 13.484246
14 28 11.074270
14 29 11.847463
14 30 11.119529
14 31 11.076921
14 32 14.334678
14 33 12.063143
14 34 12.540082
14 35 11.648581
14 36 13.316417
14 37 11.288689
14 38 14.467190
14 39 14.437919
14 40 12.384530
14 41 11.978381
14 42 14.411787
14 43 13.942077
14 44 12.922994
14 45 14.689101
14 46 12.636252
14 47 12.564020
14 48 12.119288
14 49 13.390142
14 50 13.249721
15 0 13.854936
15 1 11.872741
15 2 13.251645
15 3 14.552633
15 4 12.394813
15 5 14.705432
15 6 12.346085
15 7 11.471699
15 8 13.575614
15 9 11.279975
15 10 13.113176
15 11 12.337054
15 12 12.143590
15 13 12.212264
15 14 14.597583
15 16 14.762816
15 17 13.397774
15 18 13.443561
15 19 14.814426
15 20 12.266470
15 21 13.801155
15 22 12.226062
15 23 12.959033
15 24 14.559271
15 25 12.888758
15 26 12.375849
15 27 13.569762
15 28 12.814470
15 29 14.761788
15 30 12.632820
15 31 13.036334
15 32 12.167098
15 33 12.399577
15 34 13.839897
15 35 14.711189
15 36 12.571319
15 37 14.819196
15 38 13.095330
15 39 12.657175
15 40 12.304987
15 41 11.541460
15 42 11.174850
15 43 12.212692
15 44 11.762772
15 45 12.341418
15 46 14.274838
15 47 13.707788
15 48 14.761907
15 49 11.415401
15 50 11.981088
16 0 13.067838
16 1 14.542016
16 2 12.318189
16 3 11.118591
16 4 12.116720
16 5 11.903004
16 6 11.369414
16 7 10.926398
16 8 11.880337
16 9 13.008551
16 10 12.911614
16 11 10.970922
16 12 14.652252
16 13 11.208281
16 14 11.207932
16 15 14.762816
16 17 11.323762
16 18 11.842966
16 19 12.280337
16 20 12.368903
16 21 13.311199
16 22 14.056439
16 23 11.231537
16 24 12.628797
16 25 11.573807
16 26 14.618322
16 27 13.932155
16 28 14.468247
16 29 11.886679
16 30 13.116099
16 31 14.600719
16 32 12.269689
16 33 12.351666
16 34 11.862386
16 35 13.033559
16 36 12.824630
16 37 11.938902
16 38 11.123197
16 39 11.692298
16 40 14.281385
16 41 11.004168
16 42 13.769465
16 43 13.928613
16 44 12.105671
16 45 14.054835
16 46 12.716848
16 47 12.879727
16 48 12.021603
16 49 14.601897
16 50 14.382778
17 0 12.149045
17 1 11.754792
17 2 12.333188
17 3 13.461408
17 4 14.120907
17 5 13.362848
17 6 11.369498
17 7 13.907844
17 8 11.875203
17 9 13.842033
17 10 13.063821
17 11 14.758443
17 12 12.299096
17 13 12.153583
17 14 14.278352
17 15 13.397774
17 16 11.323762
17 18 12.015737
17 19 13.774367
17 20 11.674688
17 21 12.946027
17 22 14.578806
17 23 11.344996
17 24 13.964358
17 25 14.744378
17 26 10.940486
17 27 11.393357
17 28 13.360702
17 29 13.114478
17 30 13.994362
17 31 14.349518
17 32 12.030648
17 33 13.023442
17 34 12.183374
17 35 13.414566
17 36 11.124993
17 37 12.818998
17 38 13.895312
17 39 12.284288
17 40 14.453521
17 41 13.106368
17 42 12.100262
17 43 14.745780
17 44 12.592695
17 45 12.017349
17 46 11.699730
17 47 12.190635
17 48 12.477727
17 49 11.362592
17 50 12.349034
18 0 14.703986
18 1 12.219366
18 2 12.803826
18 3 11.646921
18 4 11.319702
18 5 13.435367
18 6 14.511294
18 7 13.711413
18 8 13.010579
18 9 14.450087
18 10 11.347761
18 11 13.485667
18 12 12.567374
18 13 11.864676
18 14 13.218495
18 15 13.443561
18 16 11.842966
18 17 12.015737
18 19 13.696730
18 20 13.326898
18 21 11.418532
18 22 12.666592
18 23 12.347933
18 24 14.687874
18 25 11.263271
18 26 14.693409
18 27 11.245609
18 28 12.466470
18 29 13.423932
18 30 11.833776
18 31 13.538594
18 32 12.967441
18 33 11.860579
18 34 11.582104
18 35 13.574640
18 36 12.590327
18 37 14.216197
18 38 13.978782
18 39 11.772472
18 40 12.705622
18 41 11.029866
18 42 10.964989
18 43 11.586289
18 44 13.985064
18 45 11.085201
18 46 13.559600
18 47 14.720404
18 48 11.273664
18 49 11.326298
18 50 11.975751
19 0 12.591751
19 1 12.341138
19 2 11.340179
19 3 11.007441
19 4 13.836394
19 5 12.483739
19 6 12.780586
19 7 13.598228
19 8 12.596637
19 9 13.822236
19 10 11.369685
19 11 14.471335
19 12 14.476443
19 13 13.461742
19 14 13.292580
19 15 14.814426
19 16 12.280337
19 17 13.774367
19 18 13.696730
19 20 12.987613
19 21 11.682452
19 22 10.936343
19 23 14.128089
19 24 12.055246
19 25 14.603681
19 26 14.072940
19 27 11.256599
19 28 14.171659
19 29 14.290952
19 30 13.529935
19 31 14.415997
19 32 12.840843
19 33 13.831677
19 34 12.779733
19 35 13.976274
19 36 11.110578
19 37 11.000833
19 38 11.892118
19 39 11.371972
19 40 13.045076
19 41 13.496473
19 42 12.207342
19 43 12.723217
19 44 12.218377
19 45 14.202910
19 46 12.714065
19 47 14.395984
19 48 11.057898
19 49 14.604806
19 50 14.484332
20 0 12.231335
20 1 13.278699
20 2 11.308139
20 3 14.441823
20 4 12.919572
20 5 14.703625
20 6 12.730206
20 7 13.101435
20 8 12.494452
20 9 13.482756
20 10 11.254324
20 11 11.447899
20 12 12.079870
20 13 14.110495
20 14 12.855206
20 15 12.266470
20 16 12.368903
20 17 11.674688
20 18 13.326898
20 19 12.987613
20 21 11.538761
20 22 12.473471
20 23 14.237422
20 24 13.421722
20 25 11.910301
20 26 14.148280
20 27 11.380898
20 28 12.851144
20 29 12.357549
20 30 11.459549
20 31 14.004044
20 32 12.506642
20 33 11.063172
20 34 11.550027
20 35 12.316705
20 36 13.218627
20 37 13.466422
20 38 12.622475
20 39 12.899450
20 40 12.213566
20 41 13.901380
20 42 11.649714
20 43 14.703655
20 44 14.811023
20 45 11.931396
20 46 13.865458
20 47 12.953670
20 48 13.354310
20 49 13.182838
20 50 12.668491
21 0 14.184570
21 1 12.815181
21 2 13.497410
21 3 11.203123
21 4 14.733063
21 5 14.087614
21 6 12.043693
21 7 12.591168
21 8 13.813344
21 9 13.738933
21 10 13.013324
21 11 12.584067
21 12 14.465337
21 13 13.537244
21 14 14.491190
21 15 13.801155
21 16 13.311199
21 17 12.946027
21 18 11.418532
21 19 11.682452
21 20 11.538761
21 22 12.234755
21 23 11.379980
21 24 14.590046
21 25 12.451496
21 26 11.300912
21 27 13.340781
21 28 12.714065
21 29 11.546597
21 30 14.069116
21 31 13.235801
21 32 12.848336
21 33 14.487422
21 34 12.129175
21 35 12.689202
21 36 13.408688
21 37 11.856809
21 38 11.941668
21 39 13.650757
21 40 11.218364
21 41 13.887157
21 42 13.514334
21 43 12.591205
21 44 13.119386
21 45 14.122924
21 46 11.745956
21 47 11.460027
21 48 14.576810
21 49 12.539227
21 50 12.983656
22 0 11.581708
22 1 11.860782
22 2 12.767348
22 3 13.681262
22 4 13.822853
22 5 12.741040
22 6 13.855400
22 7 13.477397
22 8 12.032889
22 9 14.091965
22 10 14.139953
22 11 12.715207
22 12 13.281366
22 13 12.893760
22 14 12.466542
22 15 12.226062
22 16 14.056439
22 17 14.578806
22 18 12.666592
22 19 10.936343
22 20 12.473471
22 21 12.234755
22 23 12.115057
22 24 14.521802
22 25 13.986797
22 26 13.310173
22 27 12.258847
22 28 13.979141
22 29 12.656985
22 30 12.874048
22 31 11.692297
22 32 12.333931
22 33 12.528424
22 34 12.938553
22 35 11.551157
22 36 12.447772
22 37 12.600027
22 38 12.231256
22 39 11.213829
22 40 14.131311
22 41 14.446311
22 42 14.076190
22 43 14.662574
22 44 12.650777
22 45 12.402210
22 46 12.863989
22 47 13.158915
22 48 13.737486
22 49 12.404440
22 50 14.568570
23 0 11.449345
23 1 12.703824
23 2 12.151829
23 3 11.173081
23 4 11.443709
23 5 13.335213
23 6 13.388931
23 7 12.830690
23 8 13.088123
23 9 12.968840
23 10 14.463734
23 11 14.552957
23 12 14.173535
23 13 11.881474
23 14 12.127110
23 15 12.959033
23 16 11.231537
23 17 11.344996
23 18 12.347933
23 19 14.128089
23 20 14.237422
23 21 11.379980
23 22 12.115057
23 24 13.100691
23 25 14.782757
23 26 13.520298
23 27 14.806645
23 28 14.485304
23 29 12.736766
23 30 11.809370
23 31 11.550770
23 32 14.777960
23 33 14.028369
23 34 13.230165
23 35 12.566609
23 36 11.562305
23 37 10.932365
23 38 13.095448
23 39 14.643965
23 40 13.965349
23 41 11.857012
23 42 12.841414
23 43 14.712866
23 44 11.247252
23 45 14.454423
23 46 13.019205
23 47 11.245298
23 48 12.228799
23 49 14.599757
23 50 14.054256
24 0 12.163560
24 1 11.755882
24 2 13.578778
24 3 12.125742
24 4 13.642555
24 5 11.133592
24 6 12.697100
24 7 12.431570
24 8 14.271205
24 9 14.360318
24 10 11.371841
24 11 12.878047
24 12 10.978086
24 13 14.587587
24 14 11.233133
24 15 14.559271
24 16 12.628797
24 17 13.964358
24 18 14.687874
24 19 12.055246
24 20 13.421722
24 21 14.590046
24 22 14.521802
24 23 13.100691
24 25 14.018384
24 26 11.485555
24 27 13.396569
24 28 13.064998
24 29 11.810274
24 30 11.072060
24 31 11.379693
24 32 13.741869
24 33 13.019431
24 34 13.541925
24 35 12.335977
24 36 13.128145
24 37 13.267296
24 38 14.504770
24 39 13.777303
24 40 14.544249
24 41 11.141709
24 42 13.513430
24 43 14.673537
24 44 13.144022
24 45 10.933606
24 46 13.063734
24 47 12.178480
24 48 11.579498
24 49 14.645569
24 50 14.100075
25 0 11.148366
25 1 12.038086
25 2 13.800849
25 3 12.086709
25 4 11.635818
25 5 12.923909
25 6 11.989359
25 7 11.912226
25 8 11.672717
25 9 13.796335
25 10 12.501166
25 11 11.015044
25 12 11.548268
25 13 11.748235
25 14 11.178501
25 15 12.888758
25 16 11.573807
25 17 14.744378
25 18 11.263271
25 19 14.603681
25 20 11.910301
25 21 12.451496
25 22 13.986797
25 23 14.782757
25 24 14.018384
25 26 12.106299
25 27 10.967271
25 28 14.656016
25 29 11.446867
25 30 14.534638
25 31 12.442186
25 32 13.913488
25 33 11.038758
25 34 13.001594
25 35 11.642419
25 36 10.923188
25 37 13.768664
25 38 14.558623
25 39 13.194157
25 40 14.780498
25 41 12.558462
25 42 13.890922
25 43 12.068289
25 44 13.453169
25 45 10.993148
25 46 11.243482
25 47 13.923005
25 48 14.526013
25 49 13.661945
25 50 14.789401
26 0 12.326184
26 1 11.860672
26 2 13.011576
26 3 13.407108
26 4 12.111963
26 5 14.042203
26 6 11.559866
26 7 12.581060
26 8 14.643715
26 9 12.111181
26 10 13.344787
26 11 13.567490
26 12 13.349382
26 13 12.594273
26 14 12.471948
26 15 12.375849
26 16 14.618322
26 17 10.940486
26 18 14.693409
26 19 14.072940
26 20 14.148280
26 21 11.300912
26 22 13.310173
26 23 13.520298
26 24 11.485555
26 25 12.106299
26 27 12.208938
26 28 11.606970
26 29 12.622887
26 30 12.010939
26 31 13.818663
26 32 11.317330
26 33 11.442445
26 34 13.686269
26 35 11.995937
26 36 13.768232
26 37 14.709670
26 38 11.824217
26 39 11.529891
26 40 11.882714
26 41 11.101109
26 42 11.263163
26 43 13.059453
26 44 12.257101
26 45 13.106916
26 46 14.204413
26 47 14.197513
26 48 13.780659
26 49 12.650865
26 50 11.362289
27 0 12.903964
27 1 11.956130
27 2 11.055424
27 3 13.335939
27 4 12.879114
27 5 13.507892
27 6 14.304917
27 7 11.483738
27 8 13.373582
27 9 13.580282
27 10 12.629023
27 11 13.199513
27 12 12.882953
27 13 12.911288
27 14 13.484246
27 15 13.569762
27 16 13.932155
27 17 11.393357
27 18 11.245609
27 19 11.256599
27 20 11.380898
27 21 13.340781
27 22 12.258847
27 23 14.806645
27 24 13.396569
27 25 10.967271
27 26 12.208938
27 28 12.724057
27 29 13.532625
27 30 12.255713
27 31 12.441094
27 32 11.495592
27 33 11.373860
27 34 10.933294
27 35 12.842811
27 36 11.458889
27 37 11.968524
27 38 14.604059
27 39 11.479190
27 40 12.636767
27 41 14.814450
27 42 14.662321
27 43 13.661577
27 44 12.221178
27 45 10.967042
27 46 12.165883
27 47 11.669610
27 48 14.181988
27 49 13.367978
27 50 14.083599
28 0 11.753810
28 1 11.676867
28 2 13.551626
28 3 11.356318
28 4 14.053979
28 5 13.565718
28 6 13.754367
28 7 14.422055
28 8 13.964142
28 9 12.305969
28 10 12.364725
28 11 12.872156
28 12 11.852858
28 13 11.695729
28 14 11.074270
28 15 12.814470
28 16 14.468247
28 17 13.360702
28 18 12.466470
28 19 14.171659
28 20 12.851144
28 21 12.714065
28 22 13.979141
28 23 14.485304
28 24 13.064998
28 25 14.656016
28 26 11.606970
28 27 12.724057
28 29 11.925118
28 30 12.590898
28 31 10.994241
28 32 11.814689
28 33 11.957548
28 34 14.050853
28 35 12.582875
28 36 14.628856
28 37 12.212590
28 38 14.574591
28 39 14.156146
28 40 12.313099
28 41 11.306090
28 42 13.211400
28 43 11.623834
28 44 11.232824
28 45 14.804726
28 46 11.107102
28 47 11.752173
28 48 11.694195
28 49 13.902993
28 50 12.724395
29 0 13.404114
29 1 14.508841
29 2 10.933498
29 3 13.124463
29 4 13.503710
29 5 12.170524
29 6 11.300344
29 7 11.308449
29 8 13.475686
29 9 11.404483
29 10 13.717324
29 11 12.009179
29 12 13.543865
29 13 12.770885
29 14 11.847463
29 15 14.761788
29 16 11.886679
29 17 13.114478
29 18 13.423932
29 19 14.290952
29 20 12.357549
29 21 11.546597
29 22 12.656985
29 23 12.736766
29 24 11.810274
29 25 11.446867
29 26 12.622887
29 27 13.532625
29 28 11.925118
29 30 14.706696
29 31 12.533437
29 32 14.327189
29 33 12.591988
29 34 14.208959
29 35 11.005388
29 36 12.058033
29 37 13.930794
29 38 13.098878
29 39 13.154524
29 40 11.767659
29 41 12.651372
29 42 14.809753
29 43 11.696697
29 44 11.120014
29 45 12.755642
29 46 13.634189
29 47 11.729149
29 48 11.186987
29 49 11.190157
29 50 12.603302
30 0 13.277255
30 1 14.182086
30 2 12.864020
30 3 13.945625
30 4 12.484608
30 5 11.913668
30 6 12.916026
30 7 11.974137
30 8 14.797251
30 9 14.274583
30 10 11.727426
30 11 13.125970
30 12 11.262253
30 13 14.213743
30 14 11.119529
30 15 12.632820
30 16 13.116099
30 17 13.994362
30 18 11.833776
30 19 13.529935
30 20 11.459549
30 21 14.069116
30 22 12.874048
30 23 11.809370
30 24 11.072060
30 25 14.534638
30 26 12.010939
30 27 12.255713
30 28 12.590898
30 29 14.706696
30 31 13.454995
30 32 13.742268
30 33 13.816806
30 34 14.270885
30 35 13.360962
30 36 13.672596
30 37 12.891536
30 38 13.442289
30 39 12.451353
30 40 14.465467
30 41 14.170283
30 42 11.039545
30 43 13.123249
30 44 11.826373
30 45 11.211286
30 46 13.336216
30 47 11.490211
30 48 14.303090
30 49 11.796048
30 50 14.663334
31 0 12.922240
31 1 11.896345
31 2 12.175899
31 3 13.605785
31 4 12.166724
31 5 12.099972
31 6 14.294043
31 7 13.758851
31 8 12.786868
31 9 14.093432
31 10 12.324225
31 11 11.100889
31 12 14.320807
31 13 13.506959
31 14 11.076921
31 15 13.036334
31 16 14.600719
31 17 14.349518
31 18 13.538594
31 19 14.415997
31 20 14.004044
31 21 13.235801
31 22 11.692297
31 23 11.550770
31 24 11.379693
31 25 12.442186
31 26 13.818663
31 27 12.441094
31 28 10.994241
31 29 12.533437
31 30 13.454995
31 32 13.682292
31 33 12.376604
31 34 11.941760
31 35 14.629626
31 36 11.970265
31 37 14.808223
31 38 13.565106
31 39 13.504072
31 40 12.168194
31 41 12.056702
31 42 11.477351
31 43 14.799727
31 44 11.852415
31 45 12.847809
31 46 12.833315
31 47 12.834440
31 48 10.966724
31 49 14.245528
31 50 12.455127
32 0 13.989018
32 1 13.153401
32 2 11.989174
32 3 11.760393
32 4 12.389125
32 5 13.811160
32 6 13.600556
32 7 12.582413
32 8 14.469627
32 9 12.176369
32 10 12.632927
32 11 13.220820
32 12 14.354232
32 13 14.598852
32 14 14.334678
32 15 12.167098
32 16 12.269689
32 17 12.030648
32 18 12.967441
32 19 12.840843
32 20 12.506642
32 21 12.848336
32 22 12.333931
32 23 14.777960
32 24 13.741869
32 25 13.913488
32 26 11.317330
32 27 11.495592
32 28 11.814689
32 29 14.327189
32 30 13.742268
32 31 13.682292
32 33 12.927976
32 34 14.550826
32 35 14.390332
32 36 14.372323
32 37 13.921376
32 38 12.185475
32 39 14.216166
32 40 13.208589
32 41 13.691876
32 42 11.366997
32 43 12.404776
32 44 13.039430
32 45 11.860473
32 46 10.965409
32 47 13.564248
32 48 14.615053
32 49 12.870967
32 50 12.634030
33 0 14.798193
33 1 12.979027
33 2 11.240978
33 3 12.139728
33 4 12.532777
33 5 13.116610
33 6 13.354361
33 7 14.449734
33 8 12.159740
33 9 13.522733
33 10 12.658817
33 11 14.394992
33 12 11.879522
33 13 11.557740
33 14 12.063143
33 15 12.399577
33 16 12.351666
33 17 13.023442
33 18 11.860579
33 19 13.831677
33 20 11.063172
33 21 14.487422
33 22 12.528424
33 23 14.028369
33 24 13.019431
33 25 11.038758
33 26 11.442445
33 27 11.373860
33 28 11.957548
33 29 12.591988
33 30 13.816806
33 31 12.376604
33 32 12.927976
33 34 11.804462
33 35 11.339600
33 36 11.329052
33 37 12.403983
33 38 13.470464
33 39 13.619854
33 40 12.579695
33 41 12.428110
33 42 14.507749
33 43 14.199047
33 44 14.786029
33 45 12.525572
33 46 14.724588
33 47 14.758795
33 48 14.396987
33 49 14.764719
33 50 12.377090
34 0 14.285519
34 1 11.511797
34 2 12.907865
34 3 14.439358
34 4 12.617517
34 5 12.130327
34 6 12.285056
34 7 12.786921
34 8 13.780138
34 9 14.517234
34 10 11.324673
34 11 14.116616
34 12 13.557720
34 13 13.711484
34 14 12.540082
34 15 13.839897
34 16 11.862386
34 17 12.183374
34 18 11.582104
34 19 12.779733
34 20 11.550027
34 21 12.129175
34 22 12.938553
34 23 13.230165
34 24 13.541925
34 25 13.001594
34 26 13.686269
34 27 10.933294
34 28 14.050853
34 29 14.208959
34 30 14.270885
34 31 11.941760
34 32 14.550826
34 33 11.804462
34 35 11.503638
34 36 13.161409
34 37 13.504441
34 38 11.965701
34 39 11.740977
34 40 12.405909
34 41 11.215815
34 42 12.750465
34 43 14.623326
34 44 12.919359
34 45 11.187998
34 46 12.028602
34 47 11.799511
34 48 12.487934
34 49 13.630145
34 50 11.561603
35 0 14.159340
35 1 14.560200
35 2 12.525227
35 3 11.151896
35 4 10.969860
35 5 13.757352
35 6 14.506246
35 7 11.979329
35 8 11.810637
35 9 13.494985
35 10 14.344126
35 11 12.301419
35 12 11.749059
35 13 11.585830
35 14 11.648581
35 15 14.711189
35 16 13.033559
35 17 13.414566
35 18 13.574640
35 19 13.976274
35 20 12.316705
35 21 12.689202
35 22 11.551157
35 23 12.566609
35 24 12.335977
35 25 11.642419
35 26 11.995937
35 27 12.842811
35 28 12.582875
35 29 11.005388
35 30 13.360962
35 31 14.629626
35 32 14.390332
35 33 11.339600
35 34 11.503638
35 36 11.696868
35 37 14.795341
35 38 14.690457
35 39 11.535743
35 40 12.663631
35 41 11.798415
35 42 11.695952
35 43 14.216178
35 44 11.245152
35 45 13.233196
35 46 11.017870
35 47 13.365004
35 48 13.817127
35 49 13.399562
35 50 13.765875
36 0 13.497748
36 1 14.156548
36 2 12.846553
36 3 13.003584
36 4 14.279325
36 5 13.544314
36 6 12.629146
36 7 13.043003
36 8 12.272558
36 9 12.291878
36 10 11.330803
36 11 13.258995
36 12 11.029633
36 13 14.523678
36 14 13.316417
36 15 12.571319
36 16 12.824630
36 17 11.124993
36 18 12.590327
36 19 11.110578
36 20 13.218627
36 21 13.408688
36 22 12.447772
36 23 11.562305
36 24 13.128145
36 25 10.923188
36 26 13.768232
36 27 11.458889
36 28 14.628856
36 29 12.058033
36 30 13.672596
36 31 11.970265
36 32 14.372323
36 33 11.329052
36 34 13.161409
36 35 11.696868
36 37 13.909616
36 38 12.946214
36 39 11.548925
36 40 11.873971
36 41 11.053679
36 42 12.341843
36 43 12.144490
36 44 11.093370
36 45 11.031321
36 46 13.949803
36 47 14.560030
36 48 14.788661
36 49 13.760183
36 50 13.587056
37 0 12.350798
37 1 12.560448
37 2 12.253054
37 3 11.141549
37 4 11.006658
37 5 14.759048
37 6 13.901700
37 7 12.697321
37 8 12.753004
37 9 12.469192
37 10 11.480171
37 11 14.323052
37 12 11.555345
37 13 12.529761
37 14 11.288689
37 15 14.819196
37 16 11.938902
37 17 12.818998
37 18 14.216197
37 19 11.000833
37 20 13.466422
37 21 11.856809
37 22 12.600027
37 23 10.932365
37 24 13.267296
37 25 13.768664
37 26 14.709670
37 27 11.968524
37 28 12.212590
37 29 13.930794
37 30 12.891536
37 31 14.808223
37 32 13.921376
37 33 12.403983
37 34 13.504441
37 35 14.795341
37 36 13.909616
37 38 10.938113
37 39 12.318330
37 40 14.252760
37 41 12.345756
37 42 11.175026
37 43 11.226281
37 44 14.555984
37 45 14.321175
37 46 11.837260
37 47 14.129257
37 48 13.718327
37 49 11.583035
37 50 11.426700
38 0 13.099390
38 1 11.455737
38 2 11.510819
38 3 14.037623
38 4 13.716356
38 5 11.542481
38 6 14.760494
38 7 13.947728
38 8 14.280075
38 9 14.062959
38 10 14.808098
38 11 12.499481
38 12 14.495350
38 13 11.312587
38 14 14.467190
38 15 13.095330
38 16 11.123197
38 17 13.895312
38 18 13.978782
38 19 11.892118
38 20 12.622475
38 21 11.941668
38 22 12.231256
38 23 13.095448
38 24 14.504770
38 25 14.558623
38 26 11.824217
38 27 14.604059
38 28 14.574591
38 29 13.098878
38 30 13.442289
38 31 13.565106
38 32 12.185475
38 33 13.470464
38 34 11.965701
38 35 14.690457
38 36 12.946214
38 37 10.938113
38 39 13.859606
38 40 13.298602
38 41 13.243605
38 42 10.926293
38 43 13.117753
38 44 13.386576
38 45 13.990743
38 46 14.507693
38 47 11.181691
38 48 14.070769
38 49 14.116696
38 50 13.599327
39 0 12.726219
39 1 13.069593
39 2 12.448811
39 3 14.124872
39 4 13.529428
39 5 13.372604
39 6 11.570208
39 7 14.218886
39 8 13.627394
39 9 12.849071
39 10 11.248426
39 11 14.424157
39 12 14.795681
39 13 12.125862
39 14 14.437919
39 15 12.657175
39 16 11.692298
39 17 12.284288
39 18 11.772472
39 19 11.371972
39 20 12.899450
39 21 13.650757
39 22 11.213829
39 23 14.643965
39 24 13.777303
39 25 13.194157
39 26 11.529891
39 27 11.479190
39 28 14.156146
39 29 13.154524
39 30 12.451353
39 31 13.504072
39 32 14.216166
39 33 13.619854
39 34 11.740977
39 35 11.535743
39 36 11.548925
39 37 12.318330
39 38 13.859606
39 40 12.130233
39 41 12.853706
39 42 13.002879
39 43 11.282020
39 44 13.225542
39 45 13.309650
39 46 12.643171
39 47 11.975109
39 48 11.770560
39 49 13.920156
39 50 11.712813
40 0 13.476381
40 1 13.522968
40 2 14.499388
40 3 11.427173
40 4 13.594987
40 5 12.976808
40 6 14.215781
40 7 12.669011
40 8 14.368773
40 9 13.835312
40 10 12.098582
40 11 11.979542
40 12 12.864006
40 13 12.885596
40 14 12.384530
40 15 12.304987
40 16 14.281385
40 17 14.453521
40 18 12.705622
40 19 13.045076
40 20 12.213566
40 21 11.218364
40 22 14.131311
40 23 13.965349
40 24 14.544249
40 25 14.780498
40 26 11.882714
40 27 12.636767
40 28 12.313099
40 29 11.767659
40 30 14.465467
40 31 12.168194
40 32 13.208589
40 33 12.579695
40 34 12.405909
40 35 12.663631
40 36 11.873971
40 37 14.252760
40 38 13.298602
40 39 12.130233
40 41 11.191736
40 42 13.865547
40 43 11.272585
40 44 12.630523
40 45 12.156501
40 46 12.716180
40 47 13.316919
40 48 11.040461
40 49 13.855174
40 50 13.328176
41 0 12.228265
41 1 11.555788
41 2 13.452687
41 3 12.775341
41 4 12.147175
41 5 11.320106
41 6 12.997954
41 7 14.426616
41 8 13.423120
41 9 12.066066
41 10 14.523422
41 11 14.215921
41 12 13.357394
41 13 11.212317
41 14 11.978381
41 15 11.541460
41 16 11.004168
41 17 13.106368
41 18 11.029866
41 19 13.496473
41 20 13.901380
41 21 13.887157
41 22 14.446311
41 23 11.857012
41 24 11.141709
41 25 12.558462
41 26 11.101109
41 27 14.814450
41 28 11.306090
41 29 12.651372
41 30 14.170283
41 31 12.056702
41 32 13.691876
41 33 12.428110
41 34 11.215815
41 35 11.798415
41 36 11.053679
41 37 12.345756
41 38 13.243605
41 39 12.853706
41 40 11.191736
41 42 12.022326
41 43 13.012965
41 44 11.695179
41 45 13.683163
41 46 13.229804
41 47 13.534961
41 48 13.206617
41 49 11.921987
41 50 14.098643
42 0 14.105966
42 1 13.323625
42 2 14.024132
42 3 13.578226
42 4 13.961668
42 5 12.054454
42 6 12.432015
42 7 13.697999
42 8 11.483350
42 9 14.739161
42 10 12.521150
42 11 14.628887
42 12 12.237535
42 13 11.772172
42 14 14.411787
42 15 11.174850
42 16 13.769465
42 17 12.100262
42 18 10.964989
42 19 12.207342
42 20 11.649714
42 21 13.514334
42 22 14.076190
42 23 12.841414
42 24 13.513430
42 25 13.890922
42 26 11.263163
42 27 14.662321
42 28 13.211400
42 29 14.809753
42 30 11.039545
42 31 11.477351
42 32 11.366997
42 33 14.507749
42 34 12.750465
42 35 11.695952
42 36 12.341843
42 37 11.175026
42 38 10.926293
42 39 13.002879
42 40 13.865547
42 41 12.022326
42 43 14.741208
42 44 13.617011
42 45 12.049256
42 46 10.947107
42 47 12.357105
42 48 12.227764
42 49 14.030459
42 50 14.777498
43 0 11.162160
43 1 12.137740
43 2 12.092360
43 3 13.796915
43 4 12.107801
43 5 13.711519
43 6 14.556856
43 7 14.702740
43 8 11.921126
43 9 13.965191
43 10 11.555827
43 11 14.618647
43 12 11.631926
43 13 14.472636
43 14 13.942077
43 15 12.212692
43 16 13.928613
43 17 14.745780
43 18 11.586289
43 19 12.723217
43 20 14.703655
43 21 12.591205
43 22 14.662574
43 23 14.712866
43 24 14.673537
43 25 12.068289
43 26 13.059453
43 27 13.661577
43 28 11.623834
43 29 11.696697
43 30 13.123249
43 31 14.799727
43 32 12.404776
43 33 14.199047
43 34 14.623326
43 35 14.216178
43 36 12.144490
43 37 11.226281
43 38 13.117753
43 39 11.282020
43 40 11.272585
43 41 13.012965
43 42 14.741208
43 44 13.674830
43 45 12.299126
43 46 12.815988
43 47 11.683296
43 48 11.797109
43 49 12.857485
43 50 12.620873
44 0 13.508336
44 1 11.932328
44 2 14.188166
44 3 14.623541
44 4 13.425419
44 5 11.109691
44 6 12.079526
44 7 13.292069
44 8 14.075687
44 9 13.597184
44 10 13.296554
44 11 12.591182
44 12 14.363317
44 13 12.436221
44 14 12.922994
44 15 11.762772
44 16 12.105671
44 17 12.592695
44 18 13.985064
44 19 12.218377
44 20 14.811023
44 21 13.119386
44 22 12.650777
44 23 11.247252
44 24 13.144022
44 25 13.453169
44 26 12.257101
44 27 12.221178
44 28 11.232824
44 29 11.120014
44 30 11.826373
44 31 11.852415
44 32 13.039430
44 33 14.786029
44 34 12.919359
44 35 11.245152
44 36 11.093370
44 37 14.555984
44 38 13.386576
44 39 13.225542
44 40 12.630523
44 41 11.695179
44 42 13.617011
44 43 13.674830
44 45 13.771431
44 46 12.120784
44 47 14.195838
44 48 13.384930
44 49 14.097922
44 50 13.838248
45 0 11.954676
45 1 13.542672
45 2 14.117336
45 3 13.988315
45 4 12.898464
45 5 14.180507
45 6 11.234011
45 7 11.732323
45 8 11.185952
45 9 14.027047
45 10 12.446541
45 11 13.498017
45 12 14.517214
45 13 11.251108
45 14 14.689101
45 15 12.341418
45 16 14.054835
45 17 12.017349
45 18 11.085201
45 19 14.202910
45 20 11.931396
45 21 14.122924
45 22 12.402210
45 23 14.454423
45 24 10.933606
45 25 10.993148
45 26 13.106916
45 27 10.967042
45 28 14.804726
45 29 12.755642
45 30 11.211286
45 31 12.847809
45 32 11.860473
45 33 12.525572
45 34 11.187998
45 35 13.233196
45 36 11.031321
45 37 14.321175
45 38 13.990743
45 39 13.309650
45 40 12.156501
45 41 13.683163
45 42 12.049256
45 43 12.299126
45 44 13.771431
45 46 11.072081
45 47 11.178004
45 48 14.592875
45 49 13.187613
45 50 11.433428
46 0 13.671643
46 1 14.532708
46 2 11.420704
46 3 13.952314
46 4 12.763014
46 5 12.369640
46 6 14.000149
46 7 11.598462
46 8 14.235629
46 9 11.158625
46 10 10.973776
46 11 12.632289
46 12 14.679624
46 13 14.270808
46 14 12.636252
46 15 14.274838
46 16 12.716848
46 17 11.699730
46 18 13.559600
46 19 12.714065
46 20 13.865458
46 21 11.745956
46 22 12.863989
46 23 13.019205
46 24 13.063734
46 25 11.243482
46 26 14.204413
46 27 12.165883
46 28 11.107102
46 29 13.634189
46 30 13.336216
46 31 12.833315
46 32 10.965409
46 33 14.724588
46 34 12.028602
46 35 11.017870
46 36 13.949803
46 37 11.837260
46 38 14.507693
46 39 12.643171
46 40 12.716180
46 41 13.229804
46 42 10.947107
46 43 12.815988
46 44 12.120784
46 45 11.072081
46 47 14.467386
46 48 14.171413
46 49 14.277525
46 50 14.495858
47 0 13.261573
47 1 11.404852
47 2 13.274743
47 3 14.563385
47 4 14.139149
47 5 13.971074
47 6 14.429729
47 7 11.120780
47 8 11.186037
47 9 13.601484
47 10 14.113766
47 11 12.543675
47 12 10.948161
47 13 13.238719
47 14 12.564020
47 15 13.707788
47 16 12.879727
47 17 12.190635
47 18 14.720404
47 19 14.395984
47 20 12.953670
47 21 11.460027
47 22 13.158915
47 23 11.245298
47 24 12.178480
47 25 13.923005
47 26 14.197513
47 27 11.669610
47 28 11.752173
47 29 11.729149
47 30 11.490211
47 31 12.834440
47 32 13.564248
47 33 14.758795
47 34 11.799511
47 35 13.365004
47 36 14.560030
47 37 14.129257
47 38 11.181691
47 39 11.975109
47 40 13.316919
47 41 13.534961
47 42 12.357105
47 43 11.683296
47 44 14.195838
47 45 11.178004
47 46 14.467386
47 48 11.572214
47 49 14.360072
47 50 12.917355
48 0 14.325066
48 1 14.183294
48 2 11.719848
48 3 12.907941
48 4 11.430003
48 5 13.103072
48 6 11.292242
48 7 13.322747
48 8 12.680830
48 9 14.742902
48 10 13.431345
48 11 14.565589
48 12 13.504087
48 13 14.651183
48 14 12.119288
48 15 14.761907
48 16 12.021603
48 17 12.477727
48 18 11.273664
48 19 11.057898
48 20 13.354310
48 21 14.576810
48 22 13.737486
48 23 12.228799
48 24 11.579498
48 25 14.526013
48 26 13.780659
48 27 14.181988
48 28 11.694195
48 29 11.186987
48 30 14.303090
48 31 10.966724
48 32 14.615053
48 33 14.396987
48 34 12.487934
48 35 13.817127
48 36 14.788661
48 37 13.718327
48 38 14.070769
48 39 11.770560
48 40 11.040461
48 41 13.206617
48 42 12.227764
48 43 11.797109
48 44 13.384930
48 45 14.592875
48 46 14.171413
48 47 11.572214
48 49 11.275750
48 50 14.044034
49 0 13.464036
49 1 13.753086
49 2 14.211717
49 3 11.331076
49 4 14.219741
49 5 11.487565
49 6 13.074938
49 7 11.120715
49 8 14.789273
49 9 12.199096
49 10 14.163966
49 11 11.614779
49 12 12.963444
49 13 12.208920
49 14 13.390142
49 15 11.415401
49 16 14.601897
49 17 11.362592
49 18 11.326298
49 19 14.604806
49 20 13.182838
49 21 12.539227
49 22 12.404440
49 23 14.599757
49 24 14.645569
49 25 13.661945
49 26 12.650865
49 27 13.367978
49 28 13.902993
49 29 11.190157
49 30 11.796048
49 31 14.245528
49 32 12.870967
49 33 14.764719
49 34 13.630145
49 35 13.399562
49 36 13.760183
49 37 11.583035
49 38 14.116696
49 39 13.920156
49 40 13.855174
49 41 11.921987
49 42 14.030459
49 43 12.857485
49 44 14.097922
49 45 13.187613
49 46 14.277525
49 47 14.360072
49 48 11.275750
49 50 12.953277
50 0 14.785851
50 1 13.578952
50 2 11.584167
50 3 13.261652
50 4 10.989677
50 5 12.495097
50 6 11.298222
50 7 13.000961
50 8 11.132110
50 9 13.468324
50 10 13.981616
50 11 14.454306
50 12 12.939097
50 13 12.185266
50 14 13.249721
50 15 11.981088
50 16 14.382778
50 17 12.349034
50 18 11.975751
50 19 14.484332
50 20 12.668491
50 21 12.983656
50 22 14.568570
50 23 14.054256
50 24 14.100075
50 25 14.789401
50 26 11.362289
50 27 14.083599
50 28 12.724395
50 29 12.603302
50 30 14.663334
50 31 12.455127
50 32 12.634030
50 33 12.377090
50 34 11.561603
50 35 13.765875
50 36 13.587056
50 37 11.426700
50 38 13.599327
50 39 11.712813
50 40 13.328176
50 41 14.098643
50 42 14.777498
50 43 12.620873
50 44 13.838248
50 45 11.433428
50 46 14.495858
50 47 12.917355
50 48 14.044034
50 49 12.953277
