# i j vmax_ij_m_per_s; symmetric values generated with Uniform(0.7,0.95)*15.6
0 1 13.195230
0 2 11.979177
0 3 11.991001
0 4 13.637615
0 5 12.037525
0 6 14.341867
0 7 11.640789
0 8 12.091574
0 9 13.207624
0 10 13.986982
0 11 14.416001
0 12 12.297474
0 13 12.658367
0 14 14.473773
0 15 10.981645
0 16 12.057544
0 17 11.871249
0 18 12.185037
0 19 11.925426
0 20 11.047203
0 21 13.182570
0 22 11.354521
0 23 14.076132
0 24 13.879706
0 25 11.345345
0 26 13.781843
0 27 13.126075
0 28 14.047957
0 29 13.791299
0 30 12.492115
0 31 14.207721
0 32 14.069898
0 33 12.411609
0 34 11.526041
0 35 11.707517
0 36 11.562231
0 37 11.113072
0 38 11.354488
0 39 12.719310
0 40 11.851517
0 41 12.259440
0 42 13.889858
0 43 14.661491
0 44 12.003898
0 45 12.278594
0 46 13.579435
0 47 12.867889
0 48 11.249306
0 49 12.423362
0 50 12.873432
1 0 13.195230
1 2 14.310119
1 3 13.424377
1 4 12.085128
1 5 14.320053
1 6 11.677158
1 7 14.146748
1 8 14.260965
1 9 13.315925
1 10 12.260527
1 11 13.137405
1 12 12.147599
1 13 13.464636
1 14 14.010529
1 15 12.019326
1 16 12.791551
1 17 11.437395
1 18 13.849348
1 19 12.602961
1 20 12.492866
1 21 11.329398
1 22 12.046541
1 23 11.026720
1 24 11.167945
1 25 11.275192
1 26 14.161354
1 27 13.247203
1 28 11.299247
1 29 11.155470
1 30 11.617758
1 31 11.041780
1 32 11.841829
1 33 11.810620
1 34 14.716560
1 35 14.783054
1 36 13.165207
1 37 12.652626
1 38 12.915056
1 39 11.083702
1 40 14.039367
1 41 12.845948
1 42 13.072953
1 43 14.380076
1 44 13.895697
1 45 12.557990
1 46 11.290199
1 47 11.905784
1 48 13.861407
1 49 12.833781
1 50 13.330502
2 0 11.979177
2 1 14.310119
2 3 14.291082
2 4 13.310938
2 5 11.999716
2 6 12.344555
2 7 13.931130
2 8 13.832560
2 9 13.216096
2 10 13.257697
2 11 14.122925
2 12 14.665941
2 13 11.185176
2 14 14.679738
2 15 10.924763
2 16 12.977823
2 17 13.022692
2 18 13.817924
2 19 10.964439
2 20 14.065467
2 21 11.068707
2 22 11.004753
2 23 11.258508
2 24 13.646168
2 25 13.799222
2 26 12.601569
2 27 12.067338
2 28 12.143280
2 29 14.491272
2 30 11.743979
2 31 12.465319
2 32 14.662442
2 33 12.838502
2 34 14.817637
2 35 14.234259
2 36 12.500579
2 37 13.418971
2 38 13.775256
2 39 11.689801
2 40 12.480205
2 41 13.053842
2 42 13.956926
2 43 14.630684
2 44 13.133674
2 45 13.884182
2 46 13.084405
2 47 11.140866
2 48 13.367481
2 49 12.055663
2 50 12.145117
3 0 11.991001
3 1 13.424377
3 2 14.291082
3 4 14.408242
3 5 11.023530
3 6 11.632660
3 7 13.844310
3 8 11.164748
3 9 11.525694
3 10 11.018890
3 11 13.609386
3 12 12.541726
3 13 14.665338
3 14 11.128749
3 15 14.087176
3 16 13.027012
3 17 10.989519
3 18 14.700917
3 19 13.755120
3 20 12.476149
3 21 14.607471
3 22 13.407104
3 23 11.036632
3 24 14.386976
3 25 11.254201
3 26 14.342527
3 27 11.902028
3 28 14.009150
3 29 12.404425
3 30 13.255020
3 31 12.775629
3 32 13.521152
3 33 11.234260
3 34 10.949320
3 35 11.956797
3 36 13.560225
3 37 12.222761
3 38 13.142514
3 39 11.084057
3 40 11.179330
3 41 12.867570
3 42 14.012828
3 43 14.089837
3 44 12.773358
3 45 12.901302
3 46 13.024028
3 47 14.472242
3 48 13.151562
3 49 12.308711
3 50 12.733968
4 0 13.637615
4 1 12.085128
4 2 13.310938
4 3 14.408242
4 5 12.423792
4 6 11.641162
4 7 14.039318
4 8 12.550185
4 9 13.597718
4 10 14.406119
4 11 12.444977
4 12 13.310797
4 13 13.501351
4 14 12.502414
4 15 12.518527
4 16 12.950785
4 17 12.830369
4 18 11.507623
4 19 13.564738
4 20 14.398187
4 21 13.179277
4 22 11.830087
4 23 11.040272
4 24 14.391983
4 25 12.016211
4 26 12.009004
4 27 11.681541
4 28 11.219346
4 29 14.723066
4 30 11.864743
4 31 12.035210
4 32 12.698170
4 33 11.221785
4 34 11.249311
4 35 13.553598
4 36 14.392189
4 37 14.779461
4 38 14.049379
4 39 14.150547
4 40 13.718916
4 41 11.490468
4 42 13.791437
4 43 12.785293
4 44 14.423206
4 45 12.871625
4 46 11.103939
4 47 13.147189
4 48 11.605726
4 49 13.781457
4 50 13.486211
5 0 12.037525
5 1 14.320053
5 2 11.999716
5 3 11.023530
5 4 12.423792
5 6 12.605531
5 7 12.018222
5 8 14.530626
5 9 11.884730
5 10 13.656351
5 11 11.095366
5 12 12.010711
5 13 13.095361
5 14 13.866711
5 15 12.668551
5 16 13.411885
5 17 13.412832
5 18 13.636761
5 19 13.782423
5 20 13.842130
5 21 13.759205
5 22 13.354931
5 23 13.558504
5 24 11.481110
5 25 12.314894
5 26 14.568945
5 27 14.209528
5 28 13.702015
5 29 13.007629
5 30 11.305530
5 31 13.394280
5 32 12.778944
5 33 11.021394
5 34 13.155495
5 35 11.690298
5 36 12.002993
5 37 10.964481
5 38 12.380920
5 39 11.113495
5 40 11.817848
5 41 14.023863
5 42 11.650291
5 43 14.353728
5 44 11.524979
5 45 11.231918
5 46 14.086650
5 47 13.710208
5 48 14.411684
5 49 14.642936
5 50 12.268370
6 0 14.341867
6 1 11.677158
6 2 12.344555
6 3 11.632660
6 4 11.641162
6 5 12.605531
6 7 13.896495
6 8 13.619278
6 9 13.527065
6 10 14.172869
6 11 11.966154
6 12 14.534144
6 13 12.625998
6 14 13.331047
6 15 14.450958
6 16 12.522042
6 17 12.022716
6 18 14.467673
6 19 11.895294
6 20 11.642338
6 21 11.380592
6 22 12.895452
6 23 12.664088
6 24 12.709709
6 25 12.311008
6 26 13.061315
6 27 12.565328
6 28 11.134805
6 29 13.968558
6 30 13.632367
6 31 13.356472
6 32 13.469433
6 33 13.664196
6 34 14.361666
6 35 11.720152
6 36 12.623481
6 37 12.525745
6 38 14.480215
6 39 11.727311
6 40 13.012588
6 41 14.031073
6 42 12.936472
6 43 13.148873
6 44 12.631627
6 45 13.985134
6 46 14.473705
6 47 10.974049
6 48 13.902007
6 49 11.957222
6 50 10.937145
7 0 11.640789
7 1 14.146748
7 2 13.931130
7 3 13.844310
7 4 14.039318
7 5 12.018222
7 6 13.896495
7 8 10.956905
7 9 11.799176
7 10 13.240043
7 11 12.825275
7 12 13.249904
7 13 12.401269
7 14 11.344583
7 15 12.162595
7 16 14.655781
7 17 14.697283
7 18 13.011799
7 19 12.744341
7 20 14.773794
7 21 13.468813
7 22 13.009819
7 23 12.528783
7 24 11.966679
7 25 12.525988
7 26 14.735822
7 27 12.406446
7 28 13.424651
7 29 13.188392
7 30 14.015795
7 31 11.454019
7 32 13.868178
7 33 14.051327
7 34 13.032861
7 35 11.800485
7 36 14.210184
7 37 12.882403
7 38 13.956140
7 39 14.149041
7 40 12.667594
7 41 14.016231
7 42 11.301920
7 43 11.982010
7 44 11.040960
7 45 14.252394
7 46 11.669979
7 47 11.387049
7 48 14.159421
7 49 11.823910
7 50 11.108435
8 0 12.091574
8 1 14.260965
8 2 13.832560
8 3 11.164748
8 4 12.550185
8 5 14.530626
8 6 13.619278
8 7 10.956905
8 9 14.111166
8 10 11.880806
8 11 12.134362
8 12 13.169156
8 13 14.531165
8 14 12.710876
8 15 12.125785
8 16 11.221057
8 17 11.874680
8 18 12.303002
8 19 13.675455
8 20 11.613304
8 21 13.099937
8 22 11.863913
8 23 11.326598
8 24 14.737079
8 25 11.828408
8 26 13.224329
8 27 11.143076
8 28 12.556881
8 29 12.569369
8 30 11.663876
8 31 12.279575
8 32 14.356386
8 33 11.469420
8 34 12.709891
8 35 13.736295
8 36 11.094975
8 37 12.342140
8 38 12.439484
8 39 11.172532
8 40 14.091336
8 41 11.685709
8 42 13.793509
8 43 12.510058
8 44 14.705397
8 45 13.595649
8 46 13.627454
8 47 11.240025
8 48 12.567825
8 49 12.950206
8 50 14.714872
9 0 13.207624
9 1 13.315925
9 2 13.216096
9 3 11.525694
9 4 13.597718
9 5 11.884730
9 6 13.527065
9 7 11.799176
9 8 14.111166
9 10 11.819699
9 11 13.379138
9 12 13.296859
9 13 11.637783
9 14 12.814074
9 15 12.833425
9 16 13.721462
9 17 11.490693
9 18 14.432516
9 19 11.663621
9 20 13.164645
9 21 12.996652
9 22 12.756196
9 23 13.328991
9 24 11.912738
9 25 12.722150
9 26 12.051846
9 27 10.993204
9 28 11.255997
9 29 11.541457
9 30 13.791000
9 31 11.417819
9 32 12.868799
9 33 12.983871
9 34 11.474065
9 35 13.648756
9 36 12.987707
9 37 11.134494
9 38 11.265621
9 39 12.446009
9 40 12.833390
9 41 14.486154
9 42 12.691973
9 43 13.006033
9 44 11.276382
9 45 14.204936
9 46 11.615112
9 47 13.150020
9 48 12.327362
9 49 13.561181
9 50 12.714832
10 0 13.986982
10 1 12.260527
10 2 13.257697
10 3 11.018890
10 4 14.406119
10 5 13.656351
10 6 14.172869
10 7 13.240043
10 8 11.880806
10 9 11.819699
10 11 13.588221
10 12 14.202166
10 13 14.101473
10 14 14.680890
10 15 12.156746
10 16 13.610723
10 17 14.794389
10 18 12.413446
10 19 14.800980
10 20 14.402591
10 21 14.112351
10 22 13.235770
10 23 11.547489
10 24 11.236772
10 25 13.645022
10 26 13.089116
10 27 12.038443
10 28 14.462773
10 29 13.769947
10 30 13.518481
10 31 12.159525
10 32 11.654006
10 33 11.687917
10 34 11.512472
10 35 11.246977
10 36 14.698702
10 37 11.275020
10 38 13.766083
10 39 13.015048
10 40 11.152700
10 41 14.402858
10 42 11.483431
10 43 12.319192
10 44 14.643215
10 45 12.680224
10 46 13.118969
10 47 10.973813
10 48 14.191399
10 49 11.230235
10 50 13.769405
11 0 14.416001
11 1 13.137405
11 2 14.122925
11 3 13.609386
11 4 12.444977
11 5 11.095366
11 6 11.966154
11 7 12.825275
11 8 12.134362
11 9 13.379138
11 10 13.588221
11 12 11.064494
11 13 13.167237
11 14 12.150051
11 15 14.149170
11 16 11.823999
11 17 13.536775
11 18 14.548058
11 19 11.827384
11 20 13.973521
11 21 10.928966
11 22 13.669423
11 23 14.625182
11 24 12.091009
11 25 10.921418
11 26 14.022096
11 27 13.125982
11 28 12.658602
11 29 13.162225
11 30 12.731348
11 31 11.272557
11 32 13.417105
11 33 14.038699
11 34 12.169495
11 35 12.120773
11 36 13.519965
11 37 11.379412
11 38 12.338307
11 39 11.730039
11 40 14.628234
11 41 13.693873
11 42 13.765846
11 43 13.880345
11 44 14.190794
11 45 11.494211
11 46 13.962192
11 47 11.634624
11 48 11.635989
11 49 14.309546
11 50 11.242937
12 0 12.297474
12 1 12.147599
12 2 14.665941
12 3 12.541726
12 4 13.310797
12 5 12.010711
12 6 14.534144
12 7 13.249904
12 8 13.169156
12 9 13.296859
12 10 14.202166
12 11 11.064494
12 13 14.446565
12 14 12.673719
12 15 13.509578
12 16 14.716948
12 17 11.610300
12 18 12.158002
12 19 14.660096
12 20 13.837610
12 21 13.415210
12 22 11.624664
12 23 14.317258
12 24 12.354305
12 25 13.781850
12 26 12.208982
12 27 12.995070
12 28 14.450732
12 29 13.754716
12 30 13.198595
12 31 12.424114
12 32 13.946851
12 33 14.114407
12 34 13.397029
12 35 12.429768
12 36 13.256838
12 37 12.186367
12 38 12.508206
12 39 12.214263
12 40 11.705162
12 41 13.925480
12 42 11.291930
12 43 11.108306
12 44 11.507145
12 45 13.915588
12 46 13.322248
12 47 11.929735
12 48 13.739772
12 49 11.243425
12 50 13.725626
13 0 12.658367
13 1 13.464636
13 2 11.185176
13 3 14.665338
13 4 13.501351
13 5 13.095361
13 6 12.625998
13 7 12.401269
13 8 14.531165
13 9 11.637783
13 10 14.101473
13 11 13.167237
13 12 14.446565
13 14 11.069777
13 15 11.152277
13 16 11.142329
13 17 12.525336
13 18 11.064573
13 19 13.630175
13 20 14.305115
13 21 12.766760
13 22 11.366126
13 23 14.814973
13 24 13.902176
13 25 12.322345
13 26 12.708869
13 27 12.490568
13 28 13.231766
13 29 13.364623
13 30 14.800092
13 31 14.480681
13 32 11.976037
13 33 13.633536
13 34 13.820411
13 35 13.821939
13 36 12.260112
13 37 11.217657
13 38 14.592086
13 39 11.149066
13 40 13.948699
13 41 12.970366
13 42 14.191781
13 43 14.773037
13 44 14.629866
13 45 13.179662
13 46 12.545892
13 47 12.649050
13 48 12.614544
13 49 12.026426
13 50 14.087960
14 0 14.473773
14 1 14.010529
14 2 14.679738
14 3 11.128749
14 4 12.502414
14 5 13.866711
14 6 13.331047
14 7 11.344583
14 8 12.710876
14 9 12.814074
14 10 14.680890
14 11 12.150051
14 12 12.673719
14 13 11.069777
14 15 12.147157
14 16 12.737756
14 17 11.846884
14 18 11.114931
14 19 13.071390
14 20 12.955742
14 21 13.391507
14 22 13.386254
14 23 14.474817
14 24 11.964201
14 25 11.010608
14 26 12.388506
14 27 12.596872
14 28 11.511389
14 29 12.393784
14 30 14.425113
14 31 14.710565
14 32 11.151051
14 33 11.074073
14 34 14.522046
14 35 14.352434
14 36 12.400284
14 37 11.618137
14 38 14.068785
14 39 11.728595
14 40 12.683498
14 41 11.330713
14 42 13.278957
14 43 12.395852
14 44 13.101153
14 45 13.045948
14 46 14.430024
14 47 13.540866
14 48 14.436134
14 49 12.704316
14 50 12.000023
15 0 10.981645
15 1 12.019326
15 2 10.924763
15 3 14.087176
15 4 12.518527
15 5 12.668551
15 6 14.450958
15 7 12.162595
15 8 12.125785
15 9 12.833425
15 10 12.156746
15 11 14.149170
15 12 13.509578
15 13 11.152277
15 14 12.147157
15 16 13.908317
15 17 11.807321
15 18 13.388067
15 19 13.827068
15 20 14.068214
15 21 14.455484
15 22 10.939259
15 23 11.369806
15 24 13.911105
15 25 14.154635
15 26 11.085957
15 27 11.591115
15 28 14.683812
15 29 11.957633
15 30 14.712458
15 31 11.866589
15 32 12.771846
15 33 14.748358
15 34 13.221993
15 35 11.613814
15 36 10.958850
15 37 11.772549
15 38 13.471464
15 39 11.235793
15 40 13.270545
15 41 12.493621
15 42 14.241824
15 43 12.955835
15 44 11.288366
15 45 12.583831
15 46 12.626346
15 47 11.054500
15 48 13.466124
15 49 11.848549
15 50 14.464827
16 0 12.057544
16 1 12.791551
16 2 12.977823
16 3 13.027012
16 4 12.950785
16 5 13.411885
16 6 12.522042
16 7 14.655781
16 8 11.221057
16 9 13.721462
16 10 13.610723
16 11 11.823999
16 12 14.716948
16 13 11.142329
16 14 12.737756
16 15 13.908317
16 17 12.334030
16 18 13.247509
16 19 11.160378
16 20 12.699656
16 21 12.062086
16 22 14.570810
16 23 13.842367
16 24 11.312058
16 25 12.938207
16 26 12.266000
16 27 11.525932
16 28 12.674696
16 29 11.399086
16 30 12.479314
16 31 14.583903
16 32 13.603430
16 33 13.462172
16 34 13.282197
16 35 13.690331
16 36 11.170962
16 37 12.154211
16 38 11.406165
16 39 14.467773
16 40 14.526996
16 41 11.132253
16 42 11.387313
16 43 11.584498
16 44 11.824626
16 45 12.104833
16 46 14.629683
16 47 14.627012
16 48 11.862881
16 49 14.786926
16 50 11.687367
17 0 11.871249
17 1 11.437395
17 2 13.022692
17 3 10.989519
17 4 12.830369
17 5 13.412832
17 6 12.022716
17 7 14.697283
17 8 11.874680
17 9 11.490693
17 10 14.794389
17 11 13.536775
17 12 11.610300
17 13 12.525336
17 14 11.846884
17 15 11.807321
17 16 12.334030
17 18 11.125914
17 19 11.756393
17 20 11.851919
17 21 14.346799
17 22 13.572427
17 23 11.564330
17 24 14.506987
17 25 13.000053
17 26 11.820274
17 27 13.791560
17 28 14.025991
17 29 11.311108
17 30 13.377111
17 31 12.912488
17 32 11.974881
17 33 12.376976
17 34 12.561554
17 35 11.000928
17 36 14.260886
17 37 12.948479
17 38 13.230639
17 39 14.603878
17 40 13.952064
17 41 13.223279
17 42 12.179922
17 43 10.990941
17 44 13.426785
17 45 11.386031
17 46 12.942400
17 47 11.755714
17 48 13.850693
17 49 12.291729
17 50 12.565959
18 0 12.185037
18 1 13.849348
18 2 13.817924
18 3 14.700917
18 4 11.507623
18 5 13.636761
18 6 14.467673
18 7 13.011799
18 8 12.303002
18 9 14.432516
18 10 12.413446
18 11 14.548058
18 12 12.158002
18 13 11.064573
18 14 11.114931
18 15 13.388067
18 16 13.247509
18 17 11.125914
18 19 11.439759
18 20 11.943571
18 21 13.901345
18 22 14.035935
18 23 11.206364
18 24 14.431838
18 25 11.300492
18 26 13.487073
18 27 11.851053
18 28 12.833432
18 29 12.194294
18 30 14.099615
18 31 13.514452
18 32 12.045686
18 33 13.536920
18 34 14.764770
18 35 11.163559
18 36 13.222658
18 37 14.016877
18 38 14.530350
18 39 11.025801
18 40 12.179875
18 41 11.719957
18 42 13.965799
18 43 11.406637
18 44 11.954332
18 45 14.623669
18 46 13.523812
18 47 13.510180
18 48 13.249947
18 49 11.786742
18 50 11.540794
19 0 11.925426
19 1 12.602961
19 2 10.964439
19 3 13.755120
19 4 13.564738
19 5 13.782423
19 6 11.895294
19 7 12.744341
19 8 13.675455
19 9 11.663621
19 10 14.800980
19 11 11.827384
19 12 14.660096
19 13 13.630175
19 14 13.071390
19 15 13.827068
19 16 11.160378
19 17 11.756393
19 18 11.439759
19 20 12.753377
19 21 11.793493
19 22 14.322342
19 23 11.406203
19 24 12.769222
19 25 13.284393
19 26 10.936238
19 27 14.286394
19 28 11.404720
19 29 13.309901
19 30 13.680042
19 31 13.152542
19 32 12.211389
19 33 13.775113
19 34 12.934818
19 35 13.678520
19 36 13.584162
19 37 11.210117
19 38 14.525884
19 39 13.802466
19 40 12.685945
19 41 11.193137
19 42 11.424927
19 43 14.165617
19 44 13.139288
19 45 12.088475
19 46 13.347962
19 47 11.572984
19 48 14.437578
19 49 11.721677
19 50 11.862562
20 0 11.047203
20 1 12.492866
20 2 14.065467
20 3 12.476149
20 4 14.398187
20 5 13.842130
20 6 11.642338
20 7 14.773794
20 8 11.613304
20 9 13.164645
20 10 14.402591
20 11 13.973521
20 12 13.837610
20 13 14.305115
20 14 12.955742
20 15 14.068214
20 16 12.699656
20 17 11.851919
20 18 11.943571
20 19 12.753377
20 21 11.410247
20 22 11.929329
20 23 11.525204
20 24 14.215934
20 25 14.052802
20 26 12.726188
20 27 12.049425
20 28 14.490367
20 29 11.987147
20 30 12.732201
20 31 13.588129
20 32 13.796617
20 33 11.842266
20 34 10.963416
20 35 11.755107
20 36 13.531226
20 37 12.965876
20 38 14.469959
20 39 12.204689
20 40 14.477419
20 41 14.752479
20 42 11.692936
20 43 13.538347
20 44 13.872501
20 45 11.841110
20 46 14.346761
20 47 12.014607
20 48 14.081314
20 49 11.724270
20 50 14.182568
21 0 13.182570
21 1 11.329398
21 2 11.068707
21 3 14.607471
21 4 13.179277
21 5 13.759205
21 6 11.380592
21 7 13.468813
21 8 13.099937
21 9 12.996652
21 10 14.112351
21 11 10.928966
21 12 13.415210
21 13 12.766760
21 14 13.391507
21 15 14.455484
21 16 12.062086
21 17 14.346799
21 18 13.901345
21 19 11.793493
21 20 11.410247
21 22 11.973528
21 23 11.813127
21 24 14.388426
21 25 12.647958
21 26 11.356238
21 27 14.085962
21 28 13.438587
21 29 12.499911
21 30 12.754230
21 31 11.506761
21 32 13.834446
21 33 14.502048
21 34 13.385546
21 35 11.970147
21 36 11.926967
21 37 12.647161
21 38 11.960908
21 39 12.152839
21 40 11.809150
21 41 11.714320
21 42 12.340185
21 43 13.024976
21 44 13.627667
21 45 12.244611
21 46 12.530898
21 47 11.085019
21 48 12.749244
21 49 11.760754
21 50 11.360176
22 0 11.354521
22 1 12.046541
22 2 11.004753
22 3 13.407104
22 4 11.830087
22 5 13.354931
22 6 12.895452
22 7 13.009819
22 8 11.863913
22 9 12.756196
22 10 13.235770
22 11 13.669423
22 12 11.624664
22 13 11.366126
22 14 13.386254
22 15 10.939259
22 16 14.570810
22 17 13.572427
22 18 14.035935
22 19 14.322342
22 20 11.929329
22 21 11.973528
22 23 12.082980
22 24 14.792017
22 25 13.983188
22 26 12.504434
22 27 13.011676
22 28 13.333626
22 29 12.156928
22 30 13.104004
22 31 11.116393
22 32 13.664036
22 33 12.046326
22 34 14.165498
22 35 14.467518
22 36 10.946118
22 37 12.194554
22 38 11.960324
22 39 12.808168
22 40 13.371523
22 41 13.561554
22 42 14.009941
22 43 14.337225
22 44 13.570813
22 45 11.662403
22 46 12.943627
22 47 11.097926
22 48 12.625128
22 49 14.103179
22 50 12.180124
23 0 14.076132
23 1 11.026720
23 2 11.258508
23 3 11.036632
23 4 11.040272
23 5 13.558504
23 6 12.664088
23 7 12.528783
23 8 11.326598
23 9 13.328991
23 10 11.547489
23 11 14.625182
23 12 14.317258
23 13 14.814973
23 14 14.474817
23 15 11.369806
23 16 13.842367
23 17 11.564330
23 18 11.206364
23 19 11.406203
23 20 11.525204
23 21 11.813127
23 22 12.082980
23 24 11.462677
23 25 12.161531
23 26 11.572171
23 27 11.264939
23 28 12.688746
23 29 11.752390
23 30 13.081178
23 31 12.155177
23 32 12.369304
23 33 11.151758
23 34 12.559302
23 35 11.142819
23 36 13.359435
23 37 12.812044
23 38 11.055193
23 39 13.118686
23 40 14.803517
23 41 12.707718
23 42 14.157239
23 43 13.820666
23 44 12.686549
23 45 13.437821
23 46 14.612234
23 47 14.812525
23 48 12.771556
23 49 13.401925
23 50 12.616810
24 0 13.879706
24 1 11.167945
24 2 13.646168
24 3 14.386976
24 4 14.391983
24 5 11.481110
24 6 12.709709
24 7 11.966679
24 8 14.737079
24 9 11.912738
24 10 11.236772
24 11 12.091009
24 12 12.354305
24 13 13.902176
24 14 11.964201
24 15 13.911105
24 16 11.312058
24 17 14.506987
24 18 14.431838
24 19 12.769222
24 20 14.215934
24 21 14.388426
24 22 14.792017
24 23 11.462677
24 25 13.589479
24 26 12.035345
24 27 11.531489
24 28 13.591212
24 29 13.453027
24 30 13.016741
24 31 12.508627
24 32 11.559402
24 33 14.185296
24 34 14.219047
24 35 12.780415
24 36 14.363429
24 37 11.122375
24 38 11.546022
24 39 12.954005
24 40 13.253191
24 41 13.434155
24 42 13.571145
24 43 12.072008
24 44 14.745736
24 45 12.042146
24 46 11.988271
24 47 14.235554
24 48 13.300430
24 49 14.017323
24 50 14.671872
25 0 11.345345
25 1 11.275192
25 2 13.799222
25 3 11.254201
25 4 12.016211
25 5 12.314894
25 6 12.311008
25 7 12.525988
25 8 11.828408
25 9 12.722150
25 10 13.645022
25 11 10.921418
25 12 13.781850
25 13 12.322345
25 14 11.010608
25 15 14.154635
25 16 12.938207
25 17 13.000053
25 18 11.300492
25 19 13.284393
25 20 14.052802
25 21 12.647958
25 22 13.983188
25 23 12.161531
25 24 13.589479
25 26 14.735428
25 27 12.506622
25 28 14.306620
25 29 12.261568
25 30 12.239962
25 31 13.448920
25 32 13.586724
25 33 10.920037
25 34 11.950886
25 35 11.859149
25 36 13.369882
25 37 11.937962
25 38 13.648707
25 39 13.765562
25 40 14.696958
25 41 12.128747
25 42 12.259464
25 43 11.343210
25 44 13.263280
25 45 11.162168
25 46 12.984781
25 47 12.581516
25 48 13.743881
25 49 12.176049
25 50 11.959332
26 0 13.781843
26 1 14.161354
26 2 12.601569
26 3 14.342527
26 4 12.009004
26 5 14.568945
26 6 13.061315
26 7 14.735822
26 8 13.224329
26 9 12.051846
26 10 13.089116
26 11 14.022096
26 12 12.208982
26 13 12.708869
26 14 12.388506
26 15 11.085957
26 16 12.266000
26 17 11.820274
26 18 13.487073
26 19 10.936238
26 20 12.726188
26 21 11.356238
26 22 12.504434
26 23 11.572171
26 24 12.035345
26 25 14.735428
26 27 14.065258
26 28 13.525495
26 29 11.728676
26 30 11.719830
26 31 12.901982
26 32 11.253666
26 33 14.396625
26 34 13.022277
26 35 13.439518
26 36 11.299648
26 37 14.028125
26 38 11.112749
26 39 12.024651
26 40 12.957471
26 41 13.849036
26 42 14.202925
26 43 14.518350
26 44 14.175709
26 45 10.988322
26 46 13.255522
26 47 13.083597
26 48 14.050735
26 49 14.344267
26 50 11.982942
27 0 13.126075
27 1 13.247203
27 2 12.067338
27 3 11.902028
27 4 11.681541
27 5 14.209528
27 6 12.565328
27 7 12.406446
27 8 11.143076
27 9 10.993204
27 10 12.038443
27 11 13.125982
27 12 12.995070
27 13 12.490568
27 14 12.596872
27 15 11.591115
27 16 11.525932
27 17 13.791560
27 18 11.851053
27 19 14.286394
27 20 12.049425
27 21 14.085962
27 22 13.011676
27 23 11.264939
27 24 11.531489
27 25 12.506622
27 26 14.065258
27 28 12.921382
27 29 14.267047
27 30 12.227661
27 31 14.486929
27 32 13.115581
27 33 12.151129
27 34 11.722861
27 35 12.673520
27 36 12.142837
27 37 12.804248
27 38 12.964899
27 39 14.518518
27 40 14.455222
27 41 11.496397
27 42 12.514863
27 43 12.650877
27 44 13.794847
27 45 12.429466
27 46 12.930985
27 47 14.030557
27 48 13.050039
27 49 13.843260
27 50 11.158026
28 0 14.047957
28 1 11.299247
28 2 12.143280
28 3 14.009150
28 4 11.219346
28 5 13.702015
28 6 11.134805
28 7 13.424651
28 8 12.556881
28 9 11.255997
28 10 14.462773
28 11 12.658602
28 12 14.450732
28 13 13.231766
28 14 11.511389
28 15 14.683812
28 16 12.674696
28 17 14.025991
28 18 12.833432
28 19 11.404720
28 20 14.490367
28 21 13.438587
28 22 13.333626
28 23 12.688746
28 24 13.591212
28 25 14.306620
28 26 13.525495
28 27 12.921382
28 29 13.467505
28 30 11.978970
28 31 13.990247
28 32 12.451091
28 33 11.434497
28 34 13.202832
28 35 11.949415
28 36 13.136378
28 37 12.758377
28 38 12.114849
28 39 12.431436
28 40 13.789706
28 41 11.212400
28 42 11.646134
28 43 14.094285
28 44 13.483402
28 45 11.855286
28 46 14.747681
28 47 11.838504
28 48 14.393478
28 49 11.767208
28 50 12.812687
29 0 13.791299
29 1 11.155470
29 2 14.491272
29 3 12.404425
29 4 14.723066
29 5 13.007629
29 6 13.968558
29 7 13.188392
29 8 12.569369
29 9 11.541457
29 10 13.769947
29 11 13.162225
29 12 13.754716
29 13 13.364623
29 14 12.393784
29 15 11.957633
29 16 11.399086
29 17 11.311108
29 18 12.194294
29 19 13.309901
29 20 11.987147
29 21 12.499911
29 22 12.156928
29 23 11.752390
29 24 13.453027
29 25 12.261568
29 26 11.728676
29 27 14.267047
29 28 13.467505
29 30 13.771159
29 31 10.953910
29 32 12.310113
29 33 11.849802
29 34 14.550728
29 35 13.415049
29 36 11.821028
29 37 12.456240
29 38 13.674490
29 39 13.794990
29 40 13.844030
29 41 11.636509
29 42 11.875858
29 43 13.516434
29 44 12.384865
29 45 12.227432
29 46 11.795924
29 47 13.219511
29 48 11.986264
29 49 12.943458
29 50 11.652438
30 0 12.492115
30 1 11.617758
30 2 11.743979
30 3 13.255020
30 4 11.864743
30 5 11.305530
30 6 13.632367
30 7 14.015795
30 8 11.663876
30 9 13.791000
30 10 13.518481
30 11 12.731348
30 12 13.198595
30 13 14.800092
30 14 14.425113
30 15 14.712458
30 16 12.479314
30 17 13.377111
30 18 14.099615
30 19 13.680042
30 20 12.732201
30 21 12.754230
30 22 13.104004
30 23 13.081178
30 24 13.016741
30 25 12.239962
30 26 11.719830
30 27 12.227661
30 28 11.978970
30 29 13.771159
30 31 14.098382
30 32 13.757641
30 33 14.270153
30 34 13.950183
30 35 14.336222
30 36 11.819929
30 37 12.783260
30 38 14.355466
30 39 11.684503
30 40 12.285629
30 41 12.010642
30 42 14.491386
30 43 11.075446
30 44 13.832803
30 45 13.168573
30 46 12.747096
30 47 11.979571
30 48 11.470307
30 49 13.944826
30 50 11.215001
31 0 14.207721
31 1 11.041780
31 2 12.465319
31 3 12.775629
31 4 12.035210
31 5 13.394280
31 6 13.356472
31 7 11.454019
31 8 12.279575
31 9 11.417819
31 10 12.159525
31 11 11.272557
31 12 12.424114
31 13 14.480681
31 14 14.710565
31 15 11.866589
31 16 14.583903
31 17 12.912488
31 18 13.514452
31 19 13.152542
31 20 13.588129
31 21 11.506761
31 22 11.116393
31 23 12.155177
31 24 12.508627
31 25 13.448920
31 26 12.901982
31 27 14.486929
31 28 13.990247
31 29 10.953910
31 30 14.098382
31 32 13.070493
31 33 14.790480
31 34 11.492977
31 35 13.329087
31 36 11.227968
31 37 12.746293
31 38 10.976072
31 39 13.558353
31 40 13.046378
31 41 11.672019
31 42 11.525614
31 43 14.353276
31 44 12.841072
31 45 10.931538
31 46 11.383993
31 47 11.837594
31 48 14.679792
31 49 11.898770
31 50 14.455080
32 0 14.069898
32 1 11.841829
32 2 14.662442
32 3 13.521152
32 4 12.698170
32 5 12.778944
32 6 13.469433
32 7 13.868178
32 8 14.356386
32 9 12.868799
32 10 11.654006
32 11 13.417105
32 12 13.946851
32 13 11.976037
32 14 11.151051
32 15 12.771846
32 16 13.603430
32 17 11.974881
32 18 12.045686
32 19 12.211389
32 20 13.796617
32 21 13.834446
32 22 13.664036
32 23 12.369304
32 24 11.559402
32 25 13.586724
32 26 11.253666
32 27 13.115581
32 28 12.451091
32 29 12.310113
32 30 13.757641
32 31 13.070493
32 33 12.549070
32 34 12.776380
32 35 14.559187
32 36 13.135367
32 37 12.342644
32 38 11.524367
32 39 12.304064
32 40 13.999403
32 41 14.565682
32 42 11.423551
32 43 11.865307
32 44 13.013987
32 45 13.929635
32 46 13.371110
32 47 13.011112
32 48 13.166362
32 49 13.479656
32 50 13.145277
33 0 12.411609
33 1 11.810620
33 2 12.838502
33 3 11.234260
33 4 11.221785
33 5 11.021394
33 6 13.664196
33 7 14.051327
33 8 11.469420
33 9 12.983871
33 10 11.687917
33 11 14.038699
33 12 14.114407
33 13 13.633536
33 14 11.074073
33 15 14.748358
33 16 13.462172
33 17 12.376976
33 18 13.536920
33 19 13.775113
33 20 11.842266
33 21 14.502048
33 22 12.046326
33 23 11.151758
33 24 14.185296
33 25 10.920037
33 26 14.396625
33 27 12.151129
33 28 11.434497
33 29 11.849802
33 30 14.270153
33 31 14.790480
33 32 12.549070
33 34 14.463366
33 35 11.019748
33 36 13.758548
33 37 12.101986
33 38 14.122917
33 39 14.182413
33 40 13.996772
33 41 14.734852
33 42 11.929900
33 43 12.471430
33 44 12.607334
33 45 14.221454
33 46 11.471487
33 47 14.403913
33 48 11.035456
33 49 11.413574
33 50 11.579341
34 0 11.526041
34 1 14.716560
34 2 14.817637
34 3 10.949320
34 4 11.249311
34 5 13.155495
34 6 14.361666
34 7 13.032861
34 8 12.709891
34 9 11.474065
34 10 11.512472
34 11 12.169495
34 12 13.397029
34 13 13.820411
34 14 14.522046
34 15 13.221993
34 16 13.282197
34 17 12.561554
34 18 14.764770
34 19 12.934818
34 20 10.963416
34 21 13.385546
34 22 14.165498
34 23 12.559302
34 24 14.219047
34 25 11.950886
34 26 13.022277
34 27 11.722861
34 28 13.202832
34 29 14.550728
34 30 13.950183
34 31 11.492977
34 32 12.776380
34 33 14.463366
34 35 13.402505
34 36 11.093546
34 37 14.717720
34 38 13.008817
34 39 12.448563
34 40 14.122220
34 41 14.809023
34 42 11.889089
34 43 14.616948
34 44 11.189341
34 45 11.559653
34 46 11.535329
34 47 14.237788
34 48 11.004088
34 49 12.311945
34 50 11.195618
35 0 11.707517
35 1 14.783054
35 2 14.234259
35 3 11.956797
35 4 13.553598
35 5 11.690298
35 6 11.720152
35 7 11.800485
35 8 13.736295
35 9 13.648756
35 10 11.246977
35 11 12.120773
35 12 12.429768
35 13 13.821939
35 14 14.352434
35 15 11.613814
35 16 13.690331
35 17 11.000928
35 18 11.163559
35 19 13.678520
35 20 11.755107
35 21 11.970147
35 22 14.467518
35 23 11.142819
35 24 12.780415
35 25 11.859149
35 26 13.439518
35 27 12.673520
35 28 11.949415
35 29 13.415049
35 30 14.336222
35 31 13.329087
35 32 14.559187
35 33 11.019748
35 34 13.402505
35 36 11.030989
35 37 14.690027
35 38 14.610808
35 39 11.441413
35 40 12.242049
35 41 14.757040
35 42 12.529199
35 43 14.586162
35 44 12.755464
35 45 11.898677
35 46 11.201624
35 47 14.207051
35 48 11.278872
35 49 11.934856
35 50 14.683941
36 0 11.562231
36 1 13.165207
36 2 12.500579
36 3 13.560225
36 4 14.392189
36 5 12.002993
36 6 12.623481
36 7 14.210184
36 8 11.094975
36 9 12.987707
36 10 14.698702
36 11 13.519965
36 12 13.256838
36 13 12.260112
36 14 12.400284
36 15 10.958850
36 16 11.170962
36 17 14.260886
36 18 13.222658
36 19 13.584162
36 20 13.531226
36 21 11.926967
36 22 10.946118
36 23 13.359435
36 24 14.363429
36 25 13.369882
36 26 11.299648
36 27 12.142837
36 28 13.136378
36 29 11.821028
36 30 11.819929
36 31 11.227968
36 32 13.135367
36 33 13.758548
36 34 11.093546
36 35 11.030989
36 37 12.739938
36 38 14.293134
36 39 14.735929
36 40 13.472196
36 41 14.563620
36 42 14.685192
36 43 14.476655
36 44 12.347521
36 45 14.392023
36 46 11.123446
36 47 13.595742
36 48 14.209431
36 49 13.748132
36 50 13.319816
37 0 11.113072
37 1 12.652626
37 2 13.418971
37 3 12.222761
37 4 14.779461
37 5 10.964481
37 6 12.525745
37 7 12.882403
37 8 12.342140
37 9 11.134494
37 10 11.275020
37 11 11.379412
37 12 12.186367
37 13 11.217657
37 14 11.618137
37 15 11.772549
37 16 12.154211
37 17 12.948479
37 18 14.016877
37 19 11.210117
37 20 12.965876
37 21 12.647161
37 22 12.194554
37 23 12.812044
37 24 11.122375
37 25 11.937962
37 26 14.028125
37 27 12.804248
37 28 12.758377
37 29 12.456240
37 30 12.783260
37 31 12.746293
37 32 12.342644
37 33 12.101986
37 34 14.717720
37 35 14.690027
37 36 12.739938
37 38 11.086341
37 39 11.067899
37 40 12.243452
37 41 13.792608
37 42 11.990495
37 43 11.625101
37 44 12.421932
37 45 12.718114
37 46 12.512887
37 47 11.371161
37 48 12.651668
37 49 13.309421
37 50 11.893449
38 0 11.354488
38 1 12.915056
38 2 13.775256
38 3 13.142514
38 4 14.049379
38 5 12.380920
38 6 14.480215
38 7 13.956140
38 8 12.439484
38 9 11.265621
38 10 13.766083
38 11 12.338307
38 12 12.508206
38 13 14.592086
38 14 14.068785
38 15 13.471464
38 16 11.406165
38 17 13.230639
38 18 14.530350
38 19 14.525884
38 20 14.469959
38 21 11.960908
38 22 11.960324
38 23 11.055193
38 24 11.546022
38 25 13.648707
38 26 11.112749
38 27 12.964899
38 28 12.114849
38 29 13.674490
38 30 14.355466
38 31 10.976072
38 32 11.524367
38 33 14.122917
38 34 13.008817
38 35 14.610808
38 36 14.293134
38 37 11.086341
38 39 12.829393
38 40 13.897973
38 41 12.192397
38 42 12.277115
38 43 14.621319
38 44 12.950960
38 45 13.423267
38 46 12.975229
38 47 14.058173
38 48 13.897749
38 49 14.222532
38 50 11.196304
39 0 12.719310
39 1 11.083702
39 2 11.689801
39 3 11.084057
39 4 14.150547
39 5 11.113495
39 6 11.727311
39 7 14.149041
39 8 11.172532
39 9 12.446009
39 10 13.015048
39 11 11.730039
39 12 12.214263
39 13 11.149066
39 14 11.728595
39 15 11.235793
39 16 14.467773
39 17 14.603878
39 18 11.025801
39 19 13.802466
39 20 12.204689
39 21 12.152839
39 22 12.808168
39 23 13.118686
39 24 12.954005
39 25 13.765562
39 26 12.024651
39 27 14.518518
39 28 12.431436
39 29 13.794990
39 30 11.684503
39 31 13.558353
39 32 12.304064
39 33 14.182413
39 34 12.448563
39 35 11.441413
39 36 14.735929
39 37 11.067899
39 38 12.829393
39 40 11.200734
39 41 12.775731
39 42 11.124989
39 43 14.225760
39 44 12.857106
39 45 13.537821
39 46 13.436259
39 47 11.950145
39 48 12.241533
39 49 13.944031
39 50 12.829304
40 0 11.851517
40 1 14.039367
40 2 12.480205
40 3 11.179330
40 4 13.718916
40 5 11.817848
40 6 13.012588
40 7 12.667594
40 8 14.091336
40 9 12.833390
40 10 11.152700
40 11 14.628234
40 12 11.705162
40 13 13.948699
40 14 12.683498
40 15 13.270545
40 16 14.526996
40 17 13.952064
40 18 12.179875
40 19 12.685945
40 20 14.477419
40 21 11.809150
40 22 13.371523
40 23 14.803517
40 24 13.253191
40 25 14.696958
40 26 12.957471
40 27 14.455222
40 28 13.789706
40 29 13.844030
40 30 12.285629
40 31 13.046378
40 32 13.999403
40 33 13.996772
40 34 14.122220
40 35 12.242049
40 36 13.472196
40 37 12.243452
40 38 13.897973
40 39 11.200734
40 41 13.059146
40 42 14.326936
40 43 14.262823
40 44 13.590680
40 45 13.841342
40 46 12.970170
40 47 13.824826
40 48 13.882593
40 49 12.511702
40 50 12.670830
41 0 12.259440
41 1 12.845948
41 2 13.053842
41 3 12.867570
41 4 11.490468
41 5 14.023863
41 6 14.031073
41 7 14.016231
41 8 11.685709
41 9 14.486154
41 10 14.402858
41 11 13.693873
41 12 13.925480
41 13 12.970366
41 14 11.330713
41 15 12.493621
41 16 11.132253
41 17 13.223279
41 18 11.719957
41 19 11.193137
41 20 14.752479
41 21 11.714320
41 22 13.561554
41 23 12.707718
41 24 13.434155
41 25 12.128747
41 26 13.849036
41 27 11.496397
41 28 11.212400
41 29 11.636509
41 30 12.010642
41 31 11.672019
41 32 14.565682
41 33 14.734852
41 34 14.809023
41 35 14.757040
41 36 14.563620
41 37 13.792608
41 38 12.192397
41 39 12.775731
41 40 13.059146
41 42 11.658152
41 43 11.571518
41 44 11.269560
41 45 13.507290
41 46 12.685115
41 47 13.375955
41 48 11.031627
41 49 11.339990
41 50 12.470401
42 0 13.889858
42 1 13.072953
42 2 13.956926
42 3 14.012828
42 4 13.791437
42 5 11.650291
42 6 12.936472
42 7 11.301920
42 8 13.793509
42 9 12.691973
42 10 11.483431
42 11 13.765846
42 12 11.291930
42 13 14.191781
42 14 13.278957
42 15 14.241824
42 16 11.387313
42 17 12.179922
42 18 13.965799
42 19 11.424927
42 20 11.692936
42 21 12.340185
42 22 14.009941
42 23 14.157239
42 24 13.571145
42 25 12.259464
42 26 14.202925
42 27 12.514863
42 28 11.646134
42 29 11.875858
42 30 14.491386
42 31 11.525614
42 32 11.423551
42 33 11.929900
42 34 11.889089
42 35 12.529199
42 36 14.685192
42 37 11.990495
42 38 12.277115
42 39 11.124989
42 40 14.326936
42 41 11.658152
42 43 14.566250
42 44 12.250957
42 45 12.602442
42 46 12.798716
42 47 12.893666
42 48 13.594185
42 49 13.844623
42 50 13.636823
43 0 14.661491
43 1 14.380076
43 2 14.630684
43 3 14.089837
43 4 12.785293
43 5 14.353728
43 6 13.148873
43 7 11.982010
43 8 12.510058
43 9 13.006033
43 10 12.319192
43 11 13.880345
43 12 11.108306
43 13 14.773037
43 14 12.395852
43 15 12.955835
43 16 11.584498
43 17 10.990941
43 18 11.406637
43 19 14.165617
43 20 13.538347
43 21 13.024976
43 22 14.337225
43 23 13.820666
43 24 12.072008
43 25 11.343210
43 26 14.518350
43 27 12.650877
43 28 14.094285
43 29 13.516434
43 30 11.075446
43 31 14.353276
43 32 11.865307
43 33 12.471430
43 34 14.616948
43 35 14.586162
43 36 14.476655
43 37 11.625101
43 38 14.621319
43 39 14.225760
43 40 14.262823
43 41 11.571518
43 42 14.566250
43 44 13.679877
43 45 12.293151
43 46 14.563450
43 47 12.808352
43 48 12.194759
43 49 11.759375
43 50 12.754555
44 0 12.003898
44 1 13.895697
44 2 13.133674
44 3 12.773358
44 4 14.423206
44 5 11.524979
44 6 12.631627
44 7 11.040960
44 8 14.705397
44 9 11.276382
44 10 14.643215
44 11 14.190794
44 12 11.507145
44 13 14.629866
44 14 13.101153
44 15 11.288366
44 16 11.824626
44 17 13.426785
44 18 11.954332
44 19 13.139288
44 20 13.872501
44 21 13.627667
44 22 13.570813
44 23 12.686549
44 24 14.745736
44 25 13.263280
44 26 14.175709
44 27 13.794847
44 28 13.483402
44 29 12.384865
44 30 13.832803
44 31 12.841072
44 32 13.013987
44 33 12.607334
44 34 11.189341
44 35 12.755464
44 36 12.347521
44 37 12.421932
44 38 12.950960
44 39 12.857106
44 40 13.590680
44 41 11.269560
44 42 12.250957
44 43 13.679877
44 45 13.369120
44 46 13.532885
44 47 14.327918
44 48 13.581402
44 49 11.590862
44 50 14.683974
45 0 12.278594
45 1 12.557990
45 2 13.884182
45 3 12.901302
45 4 12.871625
45 5 11.231918
45 6 13.985134
45 7 14.252394
45 8 13.595649
45 9 14.204936
45 10 12.680224
45 11 11.494211
45 12 13.915588
45 13 13.179662
45 14 13.045948
45 15 12.583831
45 16 12.104833
45 17 11.386031
45 18 14.623669
45 19 12.088475
45 20 11.841110
45 21 12.244611
45 22 11.662403
45 23 13.437821
45 24 12.042146
45 25 11.162168
45 26 10.988322
45 27 12.429466
45 28 11.855286
45 29 12.227432
45 30 13.168573
45 31 10.931538
45 32 13.929635
45 33 14.221454
45 34 11.559653
45 35 11.898677
45 36 14.392023
45 37 12.718114
45 38 13.423267
45 39 13.537821
45 40 13.841342
45 41 13.507290
45 42 12.602442
45 43 12.293151
45 44 13.369120
45 46 11.964715
45 47 12.266549
45 48 12.685098
45 49 11.493581
45 50 13.689591
46 0 13.579435
46 1 11.290199
46 2 13.084405
46 3 13.024028
46 4 11.103939
46 5 14.086650
46 6 14.473705
46 7 11.669979
46 8 13.627454
46 9 11.615112
46 10 13.118969
46 11 13.962192
46 12 13.322248
46 13 12.545892
46 14 14.430024
46 15 12.626346
46 16 14.629683
46 17 12.942400
46 18 13.523812
46 19 13.347962
46 20 14.346761
46 21 12.530898
46 22 12.943627
46 23 14.612234
46 24 11.988271
46 25 12.984781
46 26 13.255522
46 27 12.930985
46 28 14.747681
46 29 11.795924
46 30 12.747096
46 31 11.383993
46 32 13.371110
46 33 11.471487
46 34 11.535329
46 35 11.201624
46 36 11.123446
46 37 12.512887
46 38 12.975229
46 39 13.436259
46 40 12.970170
46 41 12.685115
46 42 12.798716
46 43 14.563450
46 44 13.532885
46 45 11.964715
46 47 13.609539
46 48 13.358027
46 49 10.966821
46 50 12.434686
47 0 12.867889
47 1 11.905784
47 2 11.140866
47 3 14.472242
47 4 13.147189
47 5 13.710208
47 6 10.974049
47 7 11.387049
47 8 11.240025
47 9 13.150020
47 10 10.973813
47 11 11.634624
47 12 11.929735
47 13 12.649050
47 14 13.540866
47 15 11.054500
47 16 14.627012
47 17 11.755714
47 18 13.510180
47 19 11.572984
47 20 12.014607
47 21 11.085019
47 22 11.097926
47 23 14.812525
47 24 14.235554
47 25 12.581516
47 26 13.083597
47 27 14.030557
47 28 11.838504
47 29 13.219511
47 30 11.979571
47 31 11.837594
47 32 13.011112
47 33 14.403913
47 34 14.237788
47 35 14.207051
47 36 13.595742
47 37 11.371161
47 38 14.058173
47 39 11.950145
47 40 13.824826
47 41 13.375955
47 42 12.893666
47 43 12.808352
47 44 14.327918
47 45 12.266549
47 46 13.609539
47 48 14.043036
47 49 13.612183
47 50 13.643950
48 0 11.249306
48 1 13.861407
48 2 13.367481
48 3 13.151562
48 4 11.605726
48 5 14.411684
48 6 13.902007
48 7 14.159421
48 8 12.567825
48 9 12.327362
48 10 14.191399
48 11 11.635989
48 12 13.739772
48 13 12.614544
48 14 14.436134
48 15 13.466124
48 16 11.862881
48 17 13.850693
48 18 13.249947
48 19 14.437578
48 20 14.081314
48 21 12.749244
48 22 12.625128
48 23 12.771556
48 24 13.300430
48 25 13.743881
48 26 14.050735
48 27 13.050039
48 28 14.393478
48 29 11.986264
48 30 11.470307
48 31 14.679792
48 32 13.166362
48 33 11.035456
48 34 11.004088
48 35 11.278872
48 36 14.209431
48 37 12.651668
48 38 13.897749
48 39 12.241533
48 40 13.882593
48 41 11.031627
48 42 13.594185
48 43 12.194759
48 44 13.581402
48 45 12.685098
48 46 13.358027
48 47 14.043036
48 49 14.196706
48 50 11.193498
49 0 12.423362
49 1 12.833781
49 2 12.055663
49 3 12.308711
49 4 13.781457
49 5 14.642936
49 6 11.957222
49 7 11.823910
49 8 12.950206
49 9 13.561181
49 10 11.230235
49 11 14.309546
49 12 11.243425
49 13 12.026426
49 14 12.704316
49 15 11.848549
49 16 14.786926
49 17 12.291729
49 18 11.786742
49 19 11.721677
49 20 11.724270
49 21 11.760754
49 22 14.103179
49 23 13.401925
49 24 14.017323
49 25 12.176049
49 26 14.344267
49 27 13.843260
49 28 11.767208
49 29 12.943458
49 30 13.944826
49 31 11.898770
49 32 13.479656
49 33 11.413574
49 34 12.311945
49 35 11.934856
49 36 13.748132
49 37 13.309421
49 38 14.222532
49 39 13.944031
49 40 12.511702
49 41 11.339990
49 42 13.844623
49 43 11.759375
49 44 11.590862
49 45 11.493581
49 46 10.966821
49 47 13.612183
49 48 14.196706
49 50 13.011759
50 0 12.873432
50 1 13.330502
50 2 12.145117
50 3 12.733968
50 4 13.486211
50 5 12.268370
50 6 10.937145
50 7 11.108435
50 8 14.714872
50 9 12.714832
50 10 13.769405
50 11 11.242937
50 12 13.725626
50 13 14.087960
50 14 12.000023
50 15 14.464827
50 16 11.687367
50 17 12.565959
50 18 11.540794
50 19 11.862562
50 20 14.182568
50 21 11.360176
50 22 12.180124
50 23 12.616810
50 24 14.671872
50 25 11.959332
50 26 11.982942
50 27 11.158026
50 28 12.812687
50 29 11.652438
50 30 11.215001
50 31 14.455080
50 32 13.145277
50 33 11.579341
50 34 11.195618
50 35 14.683941
50 36 13.319816
50 37 11.893449
50 38 11.196304
50 39 12.829304
50 40 12.670830
50 41 12.470401
50 42 13.636823
50 43 12.754555
50 44 14.683974
50 45 13.689591
50 46 12.434686
50 47 13.643950
50 48 11.193498
50 49 13.011759
