# i j vmax_ij_m_per_s; symmetric values generated with Uniform(0.7,0.95)*15.6
0 1 13.700588
0 2 14.116873
0 3 13.129265
0 4 11.658194
0 5 11.676246
0 6 13.178290
0 7 13.228179
0 8 11.948649
0 9 11.322418
0 10 10.952304
0 11 14.801874
0 12 13.868008
0 13 14.035957
0 14 13.974962
0 15 12.991067
0 16 12.571206
0 17 14.164879
0 18 13.505891
0 19 14.436324
0 20 12.512674
0 21 12.296915
0 22 11.862820
0 23 12.413878
0 24 13.476695
0 25 14.203350
0 26 11.299953
0 27 12.919740
0 28 11.995515
0 29 13.546716
0 30 14.469913
0 31 12.236435
0 32 11.946235
0 33 13.335807
0 34 13.521037
0 35 14.120305
0 36 11.342975
0 37 13.811906
0 38 13.570193
0 39 14.636476
0 40 13.773360
0 41 14.157523
0 42 11.421979
0 43 11.534320
0 44 11.260737
0 45 11.262436
0 46 12.467738
0 47 13.343749
0 48 13.167755
0 49 11.030768
0 50 11.678663
1 0 13.700588
1 2 13.923593
1 3 13.121464
1 4 13.686447
1 5 11.940958
1 6 14.159048
1 7 11.823516
1 8 11.725756
1 9 13.183385
1 10 13.104207
1 11 14.108364
1 12 14.092907
1 13 11.493405
1 14 11.498073
1 15 11.007958
1 16 13.018005
1 17 12.105910
1 18 14.087836
1 19 14.339759
1 20 13.783414
1 21 14.732240
1 22 14.045395
1 23 12.943561
1 24 14.732136
1 25 14.741455
1 26 13.042478
1 27 13.394783
1 28 14.146116
1 29 11.690886
1 30 14.716373
1 31 12.657456
1 32 11.215855
1 33 14.057011
1 34 12.426382
1 35 13.546440
1 36 13.953696
1 37 12.206127
1 38 11.826242
1 39 11.757230
1 40 12.908852
1 41 11.496580
1 42 12.706566
1 43 11.132014
1 44 13.078043
1 45 13.755312
1 46 14.446788
1 47 12.176095
1 48 13.449006
1 49 14.022309
1 50 11.544229
2 0 14.116873
2 1 13.923593
2 3 11.180689
2 4 14.095164
2 5 14.245277
2 6 12.823534
2 7 11.708346
2 8 13.893633
2 9 12.532204
2 10 12.765812
2 11 12.431167
2 12 14.181444
2 13 11.194970
2 14 14.575597
2 15 14.007668
2 16 14.358038
2 17 11.676022
2 18 13.071370
2 19 13.330949
2 20 13.792802
2 21 13.069469
2 22 12.136296
2 23 14.408814
2 24 13.124242
2 25 12.086866
2 26 11.202541
2 27 14.006317
2 28 13.422090
2 29 14.678798
2 30 12.143502
2 31 12.282961
2 32 12.935698
2 33 12.448122
2 34 12.322470
2 35 13.471193
2 36 11.420182
2 37 12.885699
2 38 12.769675
2 39 11.163145
2 40 11.943360
2 41 11.145470
2 42 14.514973
2 43 13.205831
2 44 14.426476
2 45 12.359480
2 46 14.710895
2 47 10.984922
2 48 13.325401
2 49 11.878710
2 50 11.442676
3 0 13.129265
3 1 13.121464
3 2 11.180689
3 4 12.444605
3 5 12.800650
3 6 11.997834
3 7 13.149627
3 8 12.980826
3 9 14.235604
3 10 12.030522
3 11 14.039837
3 12 12.839152
3 13 13.078300
3 14 11.377511
3 15 14.459372
3 16 14.089987
3 17 14.705005
3 18 13.740725
3 19 10.939118
3 20 13.403573
3 21 12.190093
3 22 13.718100
3 23 14.257937
3 24 14.378034
3 25 14.427384
3 26 13.651048
3 27 14.070613
3 28 12.030538
3 29 14.491641
3 30 12.957896
3 31 13.023805
3 32 12.561607
3 33 12.241363
3 34 13.311703
3 35 13.061585
3 36 13.277211
3 37 11.218963
3 38 14.149326
3 39 13.690673
3 40 14.463448
3 41 14.740813
3 42 13.085026
3 43 12.167652
3 44 13.945627
3 45 11.975700
3 46 12.951489
3 47 12.542670
3 48 13.739583
3 49 13.489818
3 50 11.597745
4 0 11.658194
4 1 13.686447
4 2 14.095164
4 3 12.444605
4 5 12.300976
4 6 13.141537
4 7 14.550392
4 8 14.043456
4 9 11.812665
4 10 13.917671
4 11 14.420791
4 12 11.337811
4 13 12.889903
4 14 13.801953
4 15 12.344431
4 16 12.612326
4 17 11.818964
4 18 11.321543
4 19 13.600817
4 20 11.830905
4 21 13.389622
4 22 11.961260
4 23 13.204311
4 24 11.340437
4 25 13.159756
4 26 14.642259
4 27 12.415685
4 28 12.460343
4 29 13.058794
4 30 12.800706
4 31 12.149346
4 32 14.695910
4 33 14.098484
4 34 13.611045
4 35 11.430229
4 36 13.295674
4 37 12.753868
4 38 12.612835
4 39 11.692625
4 40 12.761545
4 41 11.693851
4 42 11.056990
4 43 12.077473
4 44 13.782757
4 45 12.291927
4 46 14.566787
4 47 12.251378
4 48 12.614613
4 49 14.339955
4 50 11.014939
5 0 11.676246
5 1 11.940958
5 2 14.245277
5 3 12.800650
5 4 12.300976
5 6 12.020839
5 7 13.805745
5 8 14.508952
5 9 11.972861
5 10 12.390281
5 11 12.704916
5 12 12.560510
5 13 11.625198
5 14 13.797350
5 15 13.110042
5 16 13.199222
5 17 12.919715
5 18 14.286390
5 19 14.388334
5 20 13.734373
5 21 13.412201
5 22 14.664917
5 23 14.025665
5 24 11.336917
5 25 11.450586
5 26 13.583014
5 27 12.499103
5 28 13.150454
5 29 11.253392
5 30 11.811742
5 31 13.137651
5 32 11.727738
5 33 12.470418
5 34 13.822009
5 35 12.763529
5 36 13.922808
5 37 14.783547
5 38 11.785088
5 39 14.444794
5 40 14.141098
5 41 12.408858
5 42 14.069326
5 43 12.157492
5 44 13.921533
5 45 11.766971
5 46 11.898922
5 47 14.461725
5 48 12.957118
5 49 13.475500
5 50 13.039208
6 0 13.178290
6 1 14.159048
6 2 12.823534
6 3 11.997834
6 4 13.141537
6 5 12.020839
6 7 13.679391
6 8 13.393266
6 9 12.588378
6 10 11.059580
6 11 12.777383
6 12 11.147235
6 13 14.530334
6 14 14.118565
6 15 14.802678
6 16 12.642443
6 17 14.306986
6 18 10.996774
6 19 14.749522
6 20 12.345959
6 21 12.679665
6 22 14.353860
6 23 13.482132
6 24 14.777719
6 25 11.536033
6 26 13.969409
6 27 14.050622
6 28 14.516987
6 29 12.188844
6 30 13.336294
6 31 12.057986
6 32 11.018270
6 33 14.165076
6 34 14.316231
6 35 13.870053
6 36 13.460933
6 37 14.297306
6 38 14.124457
6 39 13.957833
6 40 13.737161
6 41 14.295917
6 42 12.948216
6 43 11.063144
6 44 12.000596
6 45 12.733578
6 46 12.766638
6 47 13.557161
6 48 14.256362
6 49 13.291474
6 50 11.403600
7 0 13.228179
7 1 11.823516
7 2 11.708346
7 3 13.149627
7 4 14.550392
7 5 13.805745
7 6 13.679391
7 8 12.712967
7 9 11.409554
7 10 12.577277
7 11 13.036941
7 12 13.410338
7 13 12.041326
7 14 11.252149
7 15 14.175655
7 16 11.567402
7 17 11.760348
7 18 14.743974
7 19 14.252212
7 20 12.510857
7 21 12.600689
7 22 14.797579
7 23 12.287726
7 24 13.761738
7 25 13.073205
7 26 13.763889
7 27 11.577077
7 28 12.589330
7 29 12.277046
7 30 11.461371
7 31 14.806333
7 32 12.558040
7 33 11.682765
7 34 11.208444
7 35 14.312942
7 36 14.347498
7 37 13.610710
7 38 13.584780
7 39 13.839491
7 40 12.742092
7 41 12.624604
7 42 14.548637
7 43 13.619748
7 44 12.561901
7 45 11.628133
7 46 13.624460
7 47 12.467113
7 48 13.181963
7 49 14.136360
7 50 13.956360
8 0 11.948649
8 1 11.725756
8 2 13.893633
8 3 12.980826
8 4 14.043456
8 5 14.508952
8 6 13.393266
8 7 12.712967
8 9 14.447613
8 10 14.038732
8 11 11.710222
8 12 12.218928
8 13 13.270403
8 14 11.867892
8 15 11.776930
8 16 14.802859
8 17 12.101465
8 18 12.026473
8 19 14.270753
8 20 12.891669
8 21 12.632499
8 22 12.931670
8 23 11.954547
8 24 12.378614
8 25 12.967393
8 26 12.008502
8 27 13.549345
8 28 14.051413
8 29 13.357473
8 30 13.707982
8 31 14.023310
8 32 13.231123
8 33 14.047479
8 34 10.934973
8 35 13.035682
8 36 12.935728
8 37 14.327424
8 38 11.969747
8 39 13.223704
8 40 14.800814
8 41 12.139752
8 42 13.693282
8 43 11.807342
8 44 14.148998
8 45 11.046272
8 46 13.186127
8 47 12.829446
8 48 13.593001
8 49 11.446312
8 50 11.833564
9 0 11.322418
9 1 13.183385
9 2 12.532204
9 3 14.235604
9 4 11.812665
9 5 11.972861
9 6 12.588378
9 7 11.409554
9 8 14.447613
9 10 13.482485
9 11 11.669932
9 12 13.970068
9 13 11.182182
9 14 12.822591
9 15 12.607680
9 16 11.969048
9 17 14.253213
9 18 13.215540
9 19 12.564953
9 20 14.273262
9 21 11.858601
9 22 11.575310
9 23 13.377695
9 24 14.010238
9 25 13.256876
9 26 11.514705
9 27 13.748337
9 28 12.224332
9 29 11.197457
9 30 12.781341
9 31 14.656009
9 32 12.693374
9 33 11.887240
9 34 11.605596
9 35 11.306579
9 36 14.726597
9 37 13.982476
9 38 14.751488
9 39 13.032830
9 40 12.434416
9 41 14.204811
9 42 11.725881
9 43 12.128568
9 44 13.741290
9 45 13.382324
9 46 12.339222
9 47 12.450412
9 48 11.709306
9 49 11.740880
9 50 12.967686
10 0 10.952304
10 1 13.104207
10 2 12.765812
10 3 12.030522
10 4 13.917671
10 5 12.390281
10 6 11.059580
10 7 12.577277
10 8 14.038732
10 9 13.482485
10 11 14.189145
10 12 12.044531
10 13 13.346904
10 14 14.511616
10 15 12.213782
10 16 13.292897
10 17 12.078174
10 18 14.493363
10 19 12.224274
10 20 10.995633
10 21 11.252591
10 22 14.782224
10 23 14.002978
10 24 14.596321
10 25 13.358820
10 26 12.433656
10 27 14.457866
10 28 13.565851
10 29 13.813237
10 30 13.039225
10 31 12.492494
10 32 11.988851
10 33 11.258476
10 34 12.900348
10 35 13.158828
10 36 12.721358
10 37 12.503341
10 38 14.160937
10 39 11.095999
10 40 12.975527
10 41 14.393578
10 42 12.598311
10 43 13.850496
10 44 11.281916
10 45 11.019457
10 46 13.893016
10 47 11.517742
10 48 11.379293
10 49 12.287396
10 50 11.300554
11 0 14.801874
11 1 14.108364
11 2 12.431167
11 3 14.039837
11 4 14.420791
11 5 12.704916
11 6 12.777383
11 7 13.036941
11 8 11.710222
11 9 11.669932
11 10 14.189145
11 12 11.738614
11 13 13.873091
11 14 11.987842
11 15 12.620646
11 16 13.956838
11 17 14.798833
11 18 14.528186
11 19 11.948416
11 20 13.486133
11 21 13.054549
11 22 11.677058
11 23 14.705373
11 24 10.953757
11 25 12.263809
11 26 13.428163
11 27 13.723565
11 28 11.118711
11 29 14.171933
11 30 14.268480
11 31 11.571846
11 32 12.675070
11 33 14.600211
11 34 13.783251
11 35 12.179329
11 36 11.886319
11 37 13.471343
11 38 12.871810
11 39 11.502229
11 40 12.548387
11 41 11.656940
11 42 10.955338
11 43 11.836045
11 44 11.500588
11 45 11.601889
11 46 10.928739
11 47 14.456515
11 48 13.208208
11 49 13.360764
11 50 13.529674
12 0 13.868008
12 1 14.092907
12 2 14.181444
12 3 12.839152
12 4 11.337811
12 5 12.560510
12 6 11.147235
12 7 13.410338
12 8 12.218928
12 9 13.970068
12 10 12.044531
12 11 11.738614
12 13 14.322237
12 14 13.969623
12 15 13.256190
12 16 12.973506
12 17 14.219222
12 18 13.543794
12 19 11.075115
12 20 12.861583
12 21 14.062173
12 22 11.188440
12 23 11.233428
12 24 13.503219
12 25 13.198159
12 26 14.415842
12 27 13.860845
12 28 11.710461
12 29 14.812985
12 30 11.431868
12 31 11.270654
12 32 14.312760
12 33 14.736324
12 34 11.717395
12 35 13.383048
12 36 11.753942
12 37 12.787752
12 38 12.367354
12 39 11.432403
12 40 13.178693
12 41 12.064981
12 42 11.824839
12 43 13.735131
12 44 11.191561
12 45 14.631671
12 46 13.512878
12 47 12.168170
12 48 11.046855
12 49 13.413774
12 50 11.409583
13 0 14.035957
13 1 11.493405
13 2 11.194970
13 3 13.078300
13 4 12.889903
13 5 11.625198
13 6 14.530334
13 7 12.041326
13 8 13.270403
13 9 11.182182
13 10 13.346904
13 11 13.873091
13 12 14.322237
13 14 14.058385
13 15 12.123692
13 16 11.193328
13 17 12.348065
13 18 13.817254
13 19 11.487234
13 20 11.283259
13 21 13.898000
13 22 11.749722
13 23 14.722902
13 24 13.081438
13 25 14.087845
13 26 12.011083
13 27 10.972471
13 28 13.829482
13 29 12.349933
13 30 12.839878
13 31 14.645868
13 32 13.674094
13 33 12.678928
13 34 14.760555
13 35 14.284800
13 36 14.177816
13 37 11.657554
13 38 11.627090
13 39 14.357692
13 40 14.273793
13 41 13.560193
13 42 13.160640
13 43 13.252968
13 44 13.409880
13 45 14.333913
13 46 14.304906
13 47 13.905172
13 48 12.420335
13 49 13.132586
13 50 13.367152
14 0 13.974962
14 1 11.498073
14 2 14.575597
14 3 11.377511
14 4 13.801953
14 5 13.797350
14 6 14.118565
14 7 11.252149
14 8 11.867892
14 9 12.822591
14 10 14.511616
14 11 11.987842
14 12 13.969623
14 13 14.058385
14 15 11.883466
14 16 11.474431
14 17 13.287218
14 18 13.902936
14 19 14.778715
14 20 14.613307
14 21 12.273163
14 22 14.017724
14 23 14.230141
14 24 14.784412
14 25 13.611555
14 26 14.388522
14 27 14.813986
14 28 12.942172
14 29 12.551870
14 30 12.492394
14 31 11.348982
14 32 13.689111
14 33 11.723799
14 34 14.696345
14 35 12.933829
14 36 14.623866
14 37 14.148988
14 38 12.846601
14 39 12.787113
14 40 14.249088
14 41 13.238299
14 42 14.800456
14 43 13.923341
14 44 13.479598
14 45 13.277508
14 46 13.506863
14 47 11.294002
14 48 14.586563
14 49 11.723967
14 50 11.941267
15 0 12.991067
15 1 11.007958
15 2 14.007668
15 3 14.459372
15 4 12.344431
15 5 13.110042
15 6 14.802678
15 7 14.175655
15 8 11.776930
15 9 12.607680
15 10 12.213782
15 11 12.620646
15 12 13.256190
15 13 12.123692
15 14 11.883466
15 16 14.568615
15 17 12.683486
15 18 11.360412
15 19 11.156334
15 20 14.163962
15 21 13.879400
15 22 11.508061
15 23 13.990171
15 24 12.504867
15 25 13.759881
15 26 14.666118
15 27 12.313748
15 28 12.782098
15 29 14.371676
15 30 13.806346
15 31 11.166571
15 32 13.908350
15 33 14.518726
15 34 10.920139
15 35 11.398653
15 36 12.969583
15 37 12.266632
15 38 14.000954
15 39 13.405282
15 40 11.777123
15 41 14.654874
15 42 13.532434
15 43 14.387782
15 44 11.622147
15 45 11.764353
15 46 11.229962
15 47 12.177511
15 48 14.450304
15 49 11.428940
15 50 12.761757
16 0 12.571206
16 1 13.018005
16 2 14.358038
16 3 14.089987
16 4 12.612326
16 5 13.199222
16 6 12.642443
16 7 11.567402
16 8 14.802859
16 9 11.969048
16 10 13.292897
16 11 13.956838
16 12 12.973506
16 13 11.193328
16 14 11.474431
16 15 14.568615
16 17 14.503159
16 18 13.420781
16 19 11.412369
16 20 14.589979
16 21 13.449055
16 22 13.503524
16 23 14.490184
16 24 11.402444
16 25 14.784394
16 26 12.563436
16 27 11.571214
16 28 11.167879
16 29 13.432337
16 30 12.947313
16 31 14.011655
16 32 11.017938
16 33 13.942967
16 34 14.043309
16 35 12.441482
16 36 14.667136
16 37 11.094984
16 38 14.590836
16 39 13.624974
16 40 11.659768
16 41 14.449765
16 42 10.945546
16 43 11.895634
16 44 14.141130
16 45 12.891094
16 46 14.288340
16 47 11.253796
16 48 13.466381
16 49 14.417312
16 50 13.786969
17 0 14.164879
17 1 12.105910
17 2 11.676022
17 3 14.705005
17 4 11.818964
17 5 12.919715
17 6 14.306986
17 7 11.760348
17 8 12.101465
17 9 14.253213
17 10 12.078174
17 11 14.798833
17 12 14.219222
17 13 12.348065
17 14 13.287218
17 15 12.683486
17 16 14.503159
17 18 13.988074
17 19 11.087314
17 20 13.981055
17 21 11.209430
17 22 10.922913
17 23 13.717772
17 24 13.618232
17 25 11.801731
17 26 13.527138
17 27 13.038066
17 28 13.980258
17 29 13.046622
17 30 11.576917
17 31 14.576819
17 32 14.801877
17 33 11.739849
17 34 12.886566
17 35 13.349397
17 36 14.239382
17 37 12.533563
17 38 14.411905
17 39 13.064398
17 40 12.170248
17 41 11.418269
17 42 13.370426
17 43 11.035139
17 44 14.436378
17 45 13.375854
17 46 12.900562
17 47 11.711791
17 48 14.197627
17 49 12.369099
17 50 12.488565
18 0 13.505891
18 1 14.087836
18 2 13.071370
18 3 13.740725
18 4 11.321543
18 5 14.286390
18 6 10.996774
18 7 14.743974
18 8 12.026473
18 9 13.215540
18 10 14.493363
18 11 14.528186
18 12 13.543794
18 13 13.817254
18 14 13.902936
18 15 11.360412
18 16 13.420781
18 17 13.988074
18 19 14.361544
18 20 12.723835
18 21 13.463686
18 22 12.777201
18 23 11.787092
18 24 13.755338
18 25 12.112299
18 26 14.558549
18 27 14.409440
18 28 13.995948
18 29 12.534326
18 30 14.239957
18 31 14.648210
18 32 13.893982
18 33 10.982733
18 34 12.644824
18 35 14.633117
18 36 14.275075
18 37 12.737783
18 38 11.340357
18 39 11.466487
18 40 11.988065
18 41 12.259084
18 42 14.069167
18 43 12.908845
18 44 13.513200
18 45 14.727838
18 46 13.752622
18 47 14.095351
18 48 11.102066
18 49 11.356287
18 50 11.985234
19 0 14.436324
19 1 14.339759
19 2 13.330949
19 3 10.939118
19 4 13.600817
19 5 14.388334
19 6 14.749522
19 7 14.252212
19 8 14.270753
19 9 12.564953
19 10 12.224274
19 11 11.948416
19 12 11.075115
19 13 11.487234
19 14 14.778715
19 15 11.156334
19 16 11.412369
19 17 11.087314
19 18 14.361544
19 20 12.836997
19 21 14.063178
19 22 11.177906
19 23 12.728515
19 24 12.482704
19 25 14.355736
19 26 11.422908
19 27 13.148803
19 28 11.530392
19 29 13.061278
19 30 11.642162
19 31 12.929197
19 32 12.136597
19 33 11.116018
19 34 13.901033
19 35 13.234606
19 36 13.289489
19 37 12.507766
19 38 13.982473
19 39 11.989317
19 40 11.477039
19 41 14.372475
19 42 11.760749
19 43 13.065402
19 44 12.949153
19 45 12.932101
19 46 13.151935
19 47 12.967475
19 48 11.846737
19 49 11.212766
19 50 14.737141
20 0 12.512674
20 1 13.783414
20 2 13.792802
20 3 13.403573
20 4 11.830905
20 5 13.734373
20 6 12.345959
20 7 12.510857
20 8 12.891669
20 9 14.273262
20 10 10.995633
20 11 13.486133
20 12 12.861583
20 13 11.283259
20 14 14.613307
20 15 14.163962
20 16 14.589979
20 17 13.981055
20 18 12.723835
20 19 12.836997
20 21 12.367104
20 22 14.452447
20 23 12.520130
20 24 14.051355
20 25 11.160049
20 26 13.575958
20 27 11.092508
20 28 11.144626
20 29 12.101100
20 30 12.982087
20 31 12.817981
20 32 14.673677
20 33 14.207651
20 34 14.355983
20 35 13.154332
20 36 14.343790
20 37 12.324574
20 38 12.377597
20 39 12.716427
20 40 13.230849
20 41 14.556103
20 42 12.853477
20 43 12.438313
20 44 12.829755
20 45 10.927316
20 46 12.507482
20 47 11.826220
20 48 14.242350
20 49 14.541229
20 50 11.234141
21 0 12.296915
21 1 14.732240
21 2 13.069469
21 3 12.190093
21 4 13.389622
21 5 13.412201
21 6 12.679665
21 7 12.600689
21 8 12.632499
21 9 11.858601
21 10 11.252591
21 11 13.054549
21 12 14.062173
21 13 13.898000
21 14 12.273163
21 15 13.879400
21 16 13.449055
21 17 11.209430
21 18 13.463686
21 19 14.063178
21 20 12.367104
21 22 13.790974
21 23 14.766055
21 24 14.103400
21 25 11.129149
21 26 11.601053
21 27 14.669223
21 28 12.994034
21 29 10.978242
21 30 14.129660
21 31 14.610675
21 32 11.095710
21 33 12.236567
21 34 13.193962
21 35 12.406405
21 36 14.346197
21 37 12.870702
21 38 12.209268
21 39 13.375365
21 40 14.674086
21 41 14.789457
21 42 11.541792
21 43 10.985559
21 44 11.152941
21 45 12.733546
21 46 14.336274
21 47 11.635540
21 48 10.929906
21 49 12.493867
21 50 14.006718
22 0 11.862820
22 1 14.045395
22 2 12.136296
22 3 13.718100
22 4 11.961260
22 5 14.664917
22 6 14.353860
22 7 14.797579
22 8 12.931670
22 9 11.575310
22 10 14.782224
22 11 11.677058
22 12 11.188440
22 13 11.749722
22 14 14.017724
22 15 11.508061
22 16 13.503524
22 17 10.922913
22 18 12.777201
22 19 11.177906
22 20 14.452447
22 21 13.790974
22 23 11.670062
22 24 11.666256
22 25 10.978656
22 26 12.088939
22 27 14.355406
22 28 12.830675
22 29 14.410209
22 30 13.489656
22 31 11.210923
22 32 14.645425
22 33 11.250122
22 34 12.842158
22 35 13.796294
22 36 12.569764
22 37 11.113051
22 38 14.243717
22 39 11.942510
22 40 13.811719
22 41 11.491055
22 42 12.417661
22 43 14.571257
22 44 11.957178
22 45 13.794972
22 46 13.151170
22 47 13.099086
22 48 11.125939
22 49 13.214453
22 50 14.172936
23 0 12.413878
23 1 12.943561
23 2 14.408814
23 3 14.257937
23 4 13.204311
23 5 14.025665
23 6 13.482132
23 7 12.287726
23 8 11.954547
23 9 13.377695
23 10 14.002978
23 11 14.705373
23 12 11.233428
23 13 14.722902
23 14 14.230141
23 15 13.990171
23 16 14.490184
23 17 13.717772
23 18 11.787092
23 19 12.728515
23 20 12.520130
23 21 14.766055
23 22 11.670062
23 24 12.311918
23 25 13.727477
23 26 13.742110
23 27 12.980459
23 28 14.046819
23 29 12.663272
23 30 12.741249
23 31 11.925800
23 32 13.188154
23 33 11.087146
23 34 14.489773
23 35 11.441679
23 36 13.739427
23 37 12.385922
23 38 11.530581
23 39 12.141877
23 40 13.295623
23 41 13.515537
23 42 11.336059
23 43 11.279958
23 44 11.016559
23 45 13.351018
23 46 12.213862
23 47 13.803097
23 48 12.530961
23 49 14.757715
23 50 13.723577
24 0 13.476695
24 1 14.732136
24 2 13.124242
24 3 14.378034
24 4 11.340437
24 5 11.336917
24 6 14.777719
24 7 13.761738
24 8 12.378614
24 9 14.010238
24 10 14.596321
24 11 10.953757
24 12 13.503219
24 13 13.081438
24 14 14.784412
24 15 12.504867
24 16 11.402444
24 17 13.618232
24 18 13.755338
24 19 12.482704
24 20 14.051355
24 21 14.103400
24 22 11.666256
24 23 12.311918
24 25 12.413821
24 26 12.608685
24 27 10.968120
24 28 14.556816
24 29 13.300878
24 30 12.059175
24 31 11.651417
24 32 12.592259
24 33 11.446473
24 34 12.139656
24 35 13.563450
24 36 12.505654
24 37 13.184333
24 38 12.373691
24 39 11.683932
24 40 13.576951
24 41 14.332341
24 42 13.896894
24 43 10.927936
24 44 14.621061
24 45 12.373916
24 46 12.694579
24 47 14.623083
24 48 12.743154
24 49 13.349335
24 50 13.837665
25 0 14.203350
25 1 14.741455
25 2 12.086866
25 3 14.427384
25 4 13.159756
25 5 11.450586
25 6 11.536033
25 7 13.073205
25 8 12.967393
25 9 13.256876
25 10 13.358820
25 11 12.263809
25 12 13.198159
25 13 14.087845
25 14 13.611555
25 15 13.759881
25 16 14.784394
25 17 11.801731
25 18 12.112299
25 19 14.355736
25 20 11.160049
25 21 11.129149
25 22 10.978656
25 23 13.727477
25 24 12.413821
25 26 11.268223
25 27 12.586384
25 28 14.208509
25 29 11.561839
25 30 12.802332
25 31 13.187357
25 32 11.522337
25 33 14.468604
25 34 11.028764
25 35 11.779094
25 36 12.159947
25 37 13.309179
25 38 13.722082
25 39 14.293224
25 40 13.171305
25 41 11.131279
25 42 12.953043
25 43 12.811423
25 44 12.638297
25 45 14.324511
25 46 12.035428
25 47 12.207280
25 48 14.228404
25 49 11.583438
25 50 13.941957
26 0 11.299953
26 1 13.042478
26 2 11.202541
26 3 13.651048
26 4 14.642259
26 5 13.583014
26 6 13.969409
26 7 13.763889
26 8 12.008502
26 9 11.514705
26 10 12.433656
26 11 13.428163
26 12 14.415842
26 13 12.011083
26 14 14.388522
26 15 14.666118
26 16 12.563436
26 17 13.527138
26 18 14.558549
26 19 11.422908
26 20 13.575958
26 21 11.601053
26 22 12.088939
26 23 13.742110
26 24 12.608685
26 25 11.268223
26 27 13.433595
26 28 13.200301
26 29 12.470349
26 30 14.245157
26 31 13.904140
26 32 11.510809
26 33 12.532975
26 34 14.704314
26 35 13.561173
26 36 13.243636
26 37 14.537491
26 38 14.683146
26 39 11.776568
26 40 11.729923
26 41 11.601408
26 42 13.468114
26 43 12.496019
26 44 12.934438
26 45 11.873541
26 46 14.022116
26 47 11.453993
26 48 14.529756
26 49 12.128230
26 50 13.908189
27 0 12.919740
27 1 13.394783
27 2 14.006317
27 3 14.070613
27 4 12.415685
27 5 12.499103
27 6 14.050622
27 7 11.577077
27 8 13.549345
27 9 13.748337
27 10 14.457866
27 11 13.723565
27 12 13.860845
27 13 10.972471
27 14 14.813986
27 15 12.313748
27 16 11.571214
27 17 13.038066
27 18 14.409440
27 19 13.148803
27 20 11.092508
27 21 14.669223
27 22 14.355406
27 23 12.980459
27 24 10.968120
27 25 12.586384
27 26 13.433595
27 28 13.730187
27 29 13.032109
27 30 13.515220
27 31 13.143673
27 32 12.693238
27 33 14.696154
27 34 11.300253
27 35 11.849097
27 36 13.139716
27 37 14.482389
27 38 11.180075
27 39 12.699648
27 40 14.068985
27 41 12.941279
27 42 11.416622
27 43 11.259347
27 44 13.147439
27 45 13.663053
27 46 11.695185
27 47 13.520400
27 48 12.515692
27 49 13.787735
27 50 11.075479
28 0 11.995515
28 1 14.146116
28 2 13.422090
28 3 12.030538
28 4 12.460343
28 5 13.150454
28 6 14.516987
28 7 12.589330
28 8 14.051413
28 9 12.224332
28 10 13.565851
28 11 11.118711
28 12 11.710461
28 13 13.829482
28 14 12.942172
28 15 12.782098
28 16 11.167879
28 17 13.980258
28 18 13.995948
28 19 11.530392
28 20 11.144626
28 21 12.994034
28 22 12.830675
28 23 14.046819
28 24 14.556816
28 25 14.208509
28 26 13.200301
28 27 13.730187
28 29 11.817604
28 30 12.457605
28 31 11.515982
28 32 12.958945
28 33 11.315272
28 34 13.648631
28 35 11.307792
28 36 11.403772
28 37 13.982173
28 38 11.648177
28 39 14.072815
28 40 12.151895
28 41 12.017274
28 42 10.991259
28 43 13.812052
28 44 11.052174
28 45 12.995617
28 46 14.408283
28 47 13.216070
28 48 14.257518
28 49 14.333649
28 50 11.608882
29 0 13.546716
29 1 11.690886
29 2 14.678798
29 3 14.491641
29 4 13.058794
29 5 11.253392
29 6 12.188844
29 7 12.277046
29 8 13.357473
29 9 11.197457
29 10 13.813237
29 11 14.171933
29 12 14.812985
29 13 12.349933
29 14 12.551870
29 15 14.371676
29 16 13.432337
29 17 13.046622
29 18 12.534326
29 19 13.061278
29 20 12.101100
29 21 10.978242
29 22 14.410209
29 23 12.663272
29 24 13.300878
29 25 11.561839
29 26 12.470349
29 27 13.032109
29 28 11.817604
29 30 11.952239
29 31 14.470527
29 32 13.422358
29 33 14.188617
29 34 11.851291
29 35 12.034808
29 36 12.635573
29 37 14.396182
29 38 13.259413
29 39 13.554400
29 40 12.247516
29 41 13.981780
29 42 11.816007
29 43 12.330551
29 44 12.439709
29 45 13.035881
29 46 14.818387
29 47 14.611316
29 48 11.975080
29 49 11.830352
29 50 11.627607
30 0 14.469913
30 1 14.716373
30 2 12.143502
30 3 12.957896
30 4 12.800706
30 5 11.811742
30 6 13.336294
30 7 11.461371
30 8 13.707982
30 9 12.781341
30 10 13.039225
30 11 14.268480
30 12 11.431868
30 13 12.839878
30 14 12.492394
30 15 13.806346
30 16 12.947313
30 17 11.576917
30 18 14.239957
30 19 11.642162
30 20 12.982087
30 21 14.129660
30 22 13.489656
30 23 12.741249
30 24 12.059175
30 25 12.802332
30 26 14.245157
30 27 13.515220
30 28 12.457605
30 29 11.952239
30 31 14.530609
30 32 11.028206
30 33 13.509884
30 34 11.432562
30 35 12.867610
30 36 11.758825
30 37 11.834294
30 38 12.829870
30 39 13.742280
30 40 13.881724
30 41 11.874806
30 42 13.662172
30 43 11.226138
30 44 13.579679
30 45 13.115927
30 46 14.331052
30 47 14.298224
30 48 11.935355
30 49 12.566439
30 50 14.102104
31 0 12.236435
31 1 12.657456
31 2 12.282961
31 3 13.023805
31 4 12.149346
31 5 13.137651
31 6 12.057986
31 7 14.806333
31 8 14.023310
31 9 14.656009
31 10 12.492494
31 11 11.571846
31 12 11.270654
31 13 14.645868
31 14 11.348982
31 15 11.166571
31 16 14.011655
31 17 14.576819
31 18 14.648210
31 19 12.929197
31 20 12.817981
31 21 14.610675
31 22 11.210923
31 23 11.925800
31 24 11.651417
31 25 13.187357
31 26 13.904140
31 27 13.143673
31 28 11.515982
31 29 14.470527
31 30 14.530609
31 32 11.681197
31 33 11.827868
31 34 14.743217
31 35 11.671163
31 36 12.915983
31 37 13.857088
31 38 11.422977
31 39 12.902164
31 40 13.214657
31 41 14.069968
31 42 11.930732
31 43 11.693168
31 44 12.282499
31 45 12.567215
31 46 11.107704
31 47 14.426332
31 48 13.857704
31 49 13.054736
31 50 11.031290
32 0 11.946235
32 1 11.215855
32 2 12.935698
32 3 12.561607
32 4 14.695910
32 5 11.727738
32 6 11.018270
32 7 12.558040
32 8 13.231123
32 9 12.693374
32 10 11.988851
32 11 12.675070
32 12 14.312760
32 13 13.674094
32 14 13.689111
32 15 13.908350
32 16 11.017938
32 17 14.801877
32 18 13.893982
32 19 12.136597
32 20 14.673677
32 21 11.095710
32 22 14.645425
32 23 13.188154
32 24 12.592259
32 25 11.522337
32 26 11.510809
32 27 12.693238
32 28 12.958945
32 29 13.422358
32 30 11.028206
32 31 11.681197
32 33 12.455063
32 34 14.320432
32 35 13.154210
32 36 13.651805
32 37 12.796963
32 38 12.852145
32 39 11.360376
32 40 12.973869
32 41 13.523707
32 42 14.108410
32 43 12.601011
32 44 12.616629
32 45 13.994317
32 46 13.363157
32 47 12.270466
32 48 11.836424
32 49 13.794209
32 50 14.346312
33 0 13.335807
33 1 14.057011
33 2 12.448122
33 3 12.241363
33 4 14.098484
33 5 12.470418
33 6 14.165076
33 7 11.682765
33 8 14.047479
33 9 11.887240
33 10 11.258476
33 11 14.600211
33 12 14.736324
33 13 12.678928
33 14 11.723799
33 15 14.518726
33 16 13.942967
33 17 11.739849
33 18 10.982733
33 19 11.116018
33 20 14.207651
33 21 12.236567
33 22 11.250122
33 23 11.087146
33 24 11.446473
33 25 14.468604
33 26 12.532975
33 27 14.696154
33 28 11.315272
33 29 14.188617
33 30 13.509884
33 31 11.827868
33 32 12.455063
33 34 13.442404
33 35 12.565408
33 36 12.890714
33 37 13.552022
33 38 11.999460
33 39 14.175122
33 40 11.999109
33 41 14.066826
33 42 11.330937
33 43 13.609657
33 44 14.588748
33 45 11.464313
33 46 12.576187
33 47 14.657736
33 48 14.768269
33 49 12.080703
33 50 11.777400
34 0 13.521037
34 1 12.426382
34 2 12.322470
34 3 13.311703
34 4 13.611045
34 5 13.822009
34 6 14.316231
34 7 11.208444
34 8 10.934973
34 9 11.605596
34 10 12.900348
34 11 13.783251
34 12 11.717395
34 13 14.760555
34 14 14.696345
34 15 10.920139
34 16 14.043309
34 17 12.886566
34 18 12.644824
34 19 13.901033
34 20 14.355983
34 21 13.193962
34 22 12.842158
34 23 14.489773
34 24 12.139656
34 25 11.028764
34 26 14.704314
34 27 11.300253
34 28 13.648631
34 29 11.851291
34 30 11.432562
34 31 14.743217
34 32 14.320432
34 33 13.442404
34 35 11.401097
34 36 12.289373
34 37 13.613218
34 38 10.960764
34 39 12.820582
34 40 12.302833
34 41 12.437400
34 42 13.522115
34 43 14.024667
34 44 11.935928
34 45 14.810346
34 46 14.082773
34 47 13.270260
34 48 11.960636
34 49 12.233100
34 50 14.017351
35 0 14.120305
35 1 13.546440
35 2 13.471193
35 3 13.061585
35 4 11.430229
35 5 12.763529
35 6 13.870053
35 7 14.312942
35 8 13.035682
35 9 11.306579
35 10 13.158828
35 11 12.179329
35 12 13.383048
35 13 14.284800
35 14 12.933829
35 15 11.398653
35 16 12.441482
35 17 13.349397
35 18 14.633117
35 19 13.234606
35 20 13.154332
35 21 12.406405
35 22 13.796294
35 23 11.441679
35 24 13.563450
35 25 11.779094
35 26 13.561173
35 27 11.849097
35 28 11.307792
35 29 12.034808
35 30 12.867610
35 31 11.671163
35 32 13.154210
35 33 12.565408
35 34 11.401097
35 36 11.850355
35 37 13.728074
35 38 14.242555
35 39 13.033931
35 40 13.965367
35 41 14.123761
35 42 14.517726
35 43 12.091543
35 44 12.213142
35 45 12.553218
35 46 11.922135
35 47 14.241220
35 48 11.332704
35 49 13.151758
35 50 12.125365
36 0 11.342975
36 1 13.953696
36 2 11.420182
36 3 13.277211
36 4 13.295674
36 5 13.922808
36 6 13.460933
36 7 14.347498
36 8 12.935728
36 9 14.726597
36 10 12.721358
36 11 11.886319
36 12 11.753942
36 13 14.177816
36 14 14.623866
36 15 12.969583
36 16 14.667136
36 17 14.239382
36 18 14.275075
36 19 13.289489
36 20 14.343790
36 21 14.346197
36 22 12.569764
36 23 13.739427
36 24 12.505654
36 25 12.159947
36 26 13.243636
36 27 13.139716
36 28 11.403772
36 29 12.635573
36 30 11.758825
36 31 12.915983
36 32 13.651805
36 33 12.890714
36 34 12.289373
36 35 11.850355
36 37 10.982853
36 38 13.877113
36 39 11.304507
36 40 11.584528
36 41 11.431834
36 42 11.385656
36 43 14.405874
36 44 12.211466
36 45 11.461281
36 46 11.278782
36 47 10.958158
36 48 14.573762
36 49 11.628668
36 50 13.035723
37 0 13.811906
37 1 12.206127
37 2 12.885699
37 3 11.218963
37 4 12.753868
37 5 14.783547
37 6 14.297306
37 7 13.610710
37 8 14.327424
37 9 13.982476
37 10 12.503341
37 11 13.471343
37 12 12.787752
37 13 11.657554
37 14 14.148988
37 15 12.266632
37 16 11.094984
37 17 12.533563
37 18 12.737783
37 19 12.507766
37 20 12.324574
37 21 12.870702
37 22 11.113051
37 23 12.385922
37 24 13.184333
37 25 13.309179
37 26 14.537491
37 27 14.482389
37 28 13.982173
37 29 14.396182
37 30 11.834294
37 31 13.857088
37 32 12.796963
37 33 13.552022
37 34 13.613218
37 35 13.728074
37 36 10.982853
37 38 12.310375
37 39 11.147707
37 40 11.678744
37 41 12.155070
37 42 13.764074
37 43 12.529222
37 44 13.484921
37 45 13.809993
37 46 14.080692
37 47 13.084906
37 48 11.884703
37 49 10.966510
37 50 12.515381
38 0 13.570193
38 1 11.826242
38 2 12.769675
38 3 14.149326
38 4 12.612835
38 5 11.785088
38 6 14.124457
38 7 13.584780
38 8 11.969747
38 9 14.751488
38 10 14.160937
38 11 12.871810
38 12 12.367354
38 13 11.627090
38 14 12.846601
38 15 14.000954
38 16 14.590836
38 17 14.411905
38 18 11.340357
38 19 13.982473
38 20 12.377597
38 21 12.209268
38 22 14.243717
38 23 11.530581
38 24 12.373691
38 25 13.722082
38 26 14.683146
38 27 11.180075
38 28 11.648177
38 29 13.259413
38 30 12.829870
38 31 11.422977
38 32 12.852145
38 33 11.999460
38 34 10.960764
38 35 14.242555
38 36 13.877113
38 37 12.310375
38 39 12.664713
38 40 12.592466
38 41 12.077521
38 42 13.877916
38 43 12.318362
38 44 13.418144
38 45 13.506292
38 46 12.419969
38 47 13.813435
38 48 13.292276
38 49 11.267248
38 50 12.671264
39 0 14.636476
39 1 11.757230
39 2 11.163145
39 3 13.690673
39 4 11.692625
39 5 14.444794
39 6 13.957833
39 7 13.839491
39 8 13.223704
39 9 13.032830
39 10 11.095999
39 11 11.502229
39 12 11.432403
39 13 14.357692
39 14 12.787113
39 15 13.405282
39 16 13.624974
39 17 13.064398
39 18 11.466487
39 19 11.989317
39 20 12.716427
39 21 13.375365
39 22 11.942510
39 23 12.141877
39 24 11.683932
39 25 14.293224
39 26 11.776568
39 27 12.699648
39 28 14.072815
39 29 13.554400
39 30 13.742280
39 31 12.902164
39 32 11.360376
39 33 14.175122
39 34 12.820582
39 35 13.033931
39 36 11.304507
39 37 11.147707
39 38 12.664713
39 40 12.027666
39 41 12.636222
39 42 14.615284
39 43 14.356410
39 44 13.723235
39 45 14.099932
39 46 13.976407
39 47 12.319014
39 48 14.133066
39 49 11.185495
39 50 13.774429
40 0 13.773360
40 1 12.908852
40 2 11.943360
40 3 14.463448
40 4 12.761545
40 5 14.141098
40 6 13.737161
40 7 12.742092
40 8 14.800814
40 9 12.434416
40 10 12.975527
40 11 12.548387
40 12 13.178693
40 13 14.273793
40 14 14.249088
40 15 11.777123
40 16 11.659768
40 17 12.170248
40 18 11.988065
40 19 11.477039
40 20 13.230849
40 21 14.674086
40 22 13.811719
40 23 13.295623
40 24 13.576951
40 25 13.171305
40 26 11.729923
40 27 14.068985
40 28 12.151895
40 29 12.247516
40 30 13.881724
40 31 13.214657
40 32 12.973869
40 33 11.999109
40 34 12.302833
40 35 13.965367
40 36 11.584528
40 37 11.678744
40 38 12.592466
40 39 12.027666
40 41 12.041954
40 42 11.902020
40 43 13.888486
40 44 13.963963
40 45 14.803001
40 46 14.379468
40 47 13.479763
40 48 12.556365
40 49 13.246237
40 50 11.348024
41 0 14.157523
41 1 11.496580
41 2 11.145470
41 3 14.740813
41 4 11.693851
41 5 12.408858
41 6 14.295917
41 7 12.624604
41 8 12.139752
41 9 14.204811
41 10 14.393578
41 11 11.656940
41 12 12.064981
41 13 13.560193
41 14 13.238299
41 15 14.654874
41 16 14.449765
41 17 11.418269
41 18 12.259084
41 19 14.372475
41 20 14.556103
41 21 14.789457
41 22 11.491055
41 23 13.515537
41 24 14.332341
41 25 11.131279
41 26 11.601408
41 27 12.941279
41 28 12.017274
41 29 13.981780
41 30 11.874806
41 31 14.069968
41 32 13.523707
41 33 14.066826
41 34 12.437400
41 35 14.123761
41 36 11.431834
41 37 12.155070
41 38 12.077521
41 39 12.636222
41 40 12.041954
41 42 11.130770
41 43 12.457553
41 44 10.985818
41 45 13.751926
41 46 13.787969
41 47 13.275109
41 48 10.973890
41 49 12.865973
41 50 14.612976
42 0 11.421979
42 1 12.706566
42 2 14.514973
42 3 13.085026
42 4 11.056990
42 5 14.069326
42 6 12.948216
42 7 14.548637
42 8 13.693282
42 9 11.725881
42 10 12.598311
42 11 10.955338
42 12 11.824839
42 13 13.160640
42 14 14.800456
42 15 13.532434
42 16 10.945546
42 17 13.370426
42 18 14.069167
42 19 11.760749
42 20 12.853477
42 21 11.541792
42 22 12.417661
42 23 11.336059
42 24 13.896894
42 25 12.953043
42 26 13.468114
42 27 11.416622
42 28 10.991259
42 29 11.816007
42 30 13.662172
42 31 11.930732
42 32 14.108410
42 33 11.330937
42 34 13.522115
42 35 14.517726
42 36 11.385656
42 37 13.764074
42 38 13.877916
42 39 14.615284
42 40 11.902020
42 41 11.130770
42 43 12.885299
42 44 14.768962
42 45 12.459685
42 46 13.286304
42 47 13.633018
42 48 11.178165
42 49 12.292876
42 50 13.045454
43 0 11.534320
43 1 11.132014
43 2 13.205831
43 3 12.167652
43 4 12.077473
43 5 12.157492
43 6 11.063144
43 7 13.619748
43 8 11.807342
43 9 12.128568
43 10 13.850496
43 11 11.836045
43 12 13.735131
43 13 13.252968
43 14 13.923341
43 15 14.387782
43 16 11.895634
43 17 11.035139
43 18 12.908845
43 19 13.065402
43 20 12.438313
43 21 10.985559
43 22 14.571257
43 23 11.279958
43 24 10.927936
43 25 12.811423
43 26 12.496019
43 27 11.259347
43 28 13.812052
43 29 12.330551
43 30 11.226138
43 31 11.693168
43 32 12.601011
43 33 13.609657
43 34 14.024667
43 35 12.091543
43 36 14.405874
43 37 12.529222
43 38 12.318362
43 39 14.356410
43 40 13.888486
43 41 12.457553
43 42 12.885299
43 44 13.709751
43 45 11.053219
43 46 13.094368
43 47 11.268285
43 48 14.025528
43 49 11.479442
43 50 13.379748
44 0 11.260737
44 1 13.078043
44 2 14.426476
44 3 13.945627
44 4 13.782757
44 5 13.921533
44 6 12.000596
44 7 12.561901
44 8 14.148998
44 9 13.741290
44 10 11.281916
44 11 11.500588
44 12 11.191561
44 13 13.409880
44 14 13.479598
44 15 11.622147
44 16 14.141130
44 17 14.436378
44 18 13.513200
44 19 12.949153
44 20 12.829755
44 21 11.152941
44 22 11.957178
44 23 11.016559
44 24 14.621061
44 25 12.638297
44 26 12.934438
44 27 13.147439
44 28 11.052174
44 29 12.439709
44 30 13.579679
44 31 12.282499
44 32 12.616629
44 33 14.588748
44 34 11.935928
44 35 12.213142
44 36 12.211466
44 37 13.484921
44 38 13.418144
44 39 13.723235
44 40 13.963963
44 41 10.985818
44 42 14.768962
44 43 13.709751
44 45 13.160847
44 46 12.452830
44 47 13.512965
44 48 11.715498
44 49 11.063069
44 50 13.528904
45 0 11.262436
45 1 13.755312
45 2 12.359480
45 3 11.975700
45 4 12.291927
45 5 11.766971
45 6 12.733578
45 7 11.628133
45 8 11.046272
45 9 13.382324
45 10 11.019457
45 11 11.601889
45 12 14.631671
45 13 14.333913
45 14 13.277508
45 15 11.764353
45 16 12.891094
45 17 13.375854
45 18 14.727838
45 19 12.932101
45 20 10.927316
45 21 12.733546
45 22 13.794972
45 23 13.351018
45 24 12.373916
45 25 14.324511
45 26 11.873541
45 27 13.663053
45 28 12.995617
45 29 13.035881
45 30 13.115927
45 31 12.567215
45 32 13.994317
45 33 11.464313
45 34 14.810346
45 35 12.553218
45 36 11.461281
45 37 13.809993
45 38 13.506292
45 39 14.099932
45 40 14.803001
45 41 13.751926
45 42 12.459685
45 43 11.053219
45 44 13.160847
45 46 13.613946
45 47 12.521399
45 48 14.817767
45 49 13.299417
45 50 12.771626
46 0 12.467738
46 1 14.446788
46 2 14.710895
46 3 12.951489
46 4 14.566787
46 5 11.898922
46 6 12.766638
46 7 13.624460
46 8 13.186127
46 9 12.339222
46 10 13.893016
46 11 10.928739
46 12 13.512878
46 13 14.304906
46 14 13.506863
46 15 11.229962
46 16 14.288340
46 17 12.900562
46 18 13.752622
46 19 13.151935
46 20 12.507482
46 21 14.336274
46 22 13.151170
46 23 12.213862
46 24 12.694579
46 25 12.035428
46 26 14.022116
46 27 11.695185
46 28 14.408283
46 29 14.818387
46 30 14.331052
46 31 11.107704
46 32 13.363157
46 33 12.576187
46 34 14.082773
46 35 11.922135
46 36 11.278782
46 37 14.080692
46 38 12.419969
46 39 13.976407
46 40 14.379468
46 41 13.787969
46 42 13.286304
46 43 13.094368
46 44 12.452830
46 45 13.613946
46 47 11.863478
46 48 11.992410
46 49 12.931917
46 50 12.287355
47 0 13.343749
47 1 12.176095
47 2 10.984922
47 3 12.542670
47 4 12.251378
47 5 14.461725
47 6 13.557161
47 7 12.467113
47 8 12.829446
47 9 12.450412
47 10 11.517742
47 11 14.456515
47 12 12.168170
47 13 13.905172
47 14 11.294002
47 15 12.177511
47 16 11.253796
47 17 11.711791
47 18 14.095351
47 19 12.967475
47 20 11.826220
47 21 11.635540
47 22 13.099086
47 23 13.803097
47 24 14.623083
47 25 12.207280
47 26 11.453993
47 27 13.520400
47 28 13.216070
47 29 14.611316
47 30 14.298224
47 31 14.426332
47 32 12.270466
47 33 14.657736
47 34 13.270260
47 35 14.241220
47 36 10.958158
47 37 13.084906
47 38 13.813435
47 39 12.319014
47 40 13.479763
47 41 13.275109
47 42 13.633018
47 43 11.268285
47 44 13.512965
47 45 12.521399
47 46 11.863478
47 48 13.052333
47 49 12.729375
47 50 11.553819
48 0 13.167755
48 1 13.449006
48 2 13.325401
48 3 13.739583
48 4 12.614613
48 5 12.957118
48 6 14.256362
48 7 13.181963
48 8 13.593001
48 9 11.709306
48 10 11.379293
48 11 13.208208
48 12 11.046855
48 13 12.420335
48 14 14.586563
48 15 14.450304
48 16 13.466381
48 17 14.197627
48 18 11.102066
48 19 11.846737
48 20 14.242350
48 21 10.929906
48 22 11.125939
48 23 12.530961
48 24 12.743154
48 25 14.228404
48 26 14.529756
48 27 12.515692
48 28 14.257518
48 29 11.975080
48 30 11.935355
48 31 13.857704
48 32 11.836424
48 33 14.768269
48 34 11.960636
48 35 11.332704
48 36 14.573762
48 37 11.884703
48 38 13.292276
48 39 14.133066
48 40 12.556365
48 41 10.973890
48 42 11.178165
48 43 14.025528
48 44 11.715498
48 45 14.817767
48 46 11.992410
48 47 13.052333
48 49 12.915599
48 50 12.587919
49 0 11.030768
49 1 14.022309
49 2 11.878710
49 3 13.489818
49 4 14.339955
49 5 13.475500
49 6 13.291474
49 7 14.136360
49 8 11.446312
49 9 11.740880
49 10 12.287396
49 11 13.360764
49 12 13.413774
49 13 13.132586
49 14 11.723967
49 15 11.428940
49 16 14.417312
49 17 12.369099
49 18 11.356287
49 19 11.212766
49 20 14.541229
49 21 12.493867
49 22 13.214453
49 23 14.757715
49 24 13.349335
49 25 11.583438
49 26 12.128230
49 27 13.787735
49 28 14.333649
49 29 11.830352
49 30 12.566439
49 31 13.054736
49 32 13.794209
49 33 12.080703
49 34 12.233100
49 35 13.151758
49 36 11.628668
49 37 10.966510
49 38 11.267248
49 39 11.185495
49 40 13.246237
49 41 12.865973
49 42 12.292876
49 43 11.479442
49 44 11.063069
49 45 13.299417
49 46 12.931917
49 47 12.729375
49 48 12.915599
49 50 13.756009
50 0 11.678663
50 1 11.544229
50 2 11.442676
50 3 11.597745
50 4 11.014939
50 5 13.039208
50 6 11.403600
50 7 13.956360
50 8 11.833564
50 9 12.967686
50 10 11.300554
50 11 13.529674
50 12 11.409583
50 13 13.367152
50 14 11.941267
50 15 12.761757
50 16 13.786969
50 17 12.488565
50 18 11.985234
50 19 14.737141
50 20 11.234141
50 21 14.006718
50 22 14.172936
50 23 13.723577
50 24 13.837665
50 25 13.941957
50 26 13.908189
50 27 11.075479
50 28 11.608882
50 29 11.627607
50 30 14.102104
50 31 11.031290
50 32 14.346312
50 33 11.777400
50 34 14.017351
50 35 12.125365
50 36 13.035723
50 37 12.515381
50 38 12.671264
50 39 13.774429
50 40 11.348024
50 41 14.612976
50 42 13.045454
50 43 13.379748
50 44 13.528904
50 45 12.771626
50 46 12.287355
50 47 11.553819
50 48 12.587919
50 49 13.756009
