# i j vmax_ij_m_per_s; symmetric values generated with Uniform(0.7,0.95)*15.6
0 1 14.740814
0 2 13.718430
0 3 13.842961
0 4 14.050080
0 5 11.041545
0 6 12.458034
0 7 12.719378
0 8 11.318849
0 9 11.187484
0 10 12.956568
0 11 14.573037
0 12 12.244976
0 13 14.224205
0 14 13.789071
0 15 13.631263
0 16 11.960630
0 17 13.633811
0 18 14.466604
0 19 11.055998
0 20 13.401408
0 21 12.520553
0 22 13.846893
0 23 11.402431
0 24 13.787966
0 25 11.273182
0 26 12.274198
0 27 13.497546
0 28 12.759627
0 29 11.187255
0 30 13.727233
0 31 13.937403
0 32 12.628009
0 33 13.621058
0 34 12.048276
0 35 14.418420
0 36 12.213682
0 37 12.018813
0 38 11.123474
0 39 12.392586
0 40 13.932433
0 41 13.006773
0 42 12.734939
0 43 13.553024
0 44 12.037695
0 45 13.290916
0 46 14.724024
0 47 14.790027
0 48 12.215974
0 49 12.015491
0 50 14.370203
1 0 14.740814
1 2 12.790036
1 3 13.861658
1 4 11.252609
1 5 12.833506
1 6 12.390161
1 7 13.466538
1 8 13.156773
1 9 13.320421
1 10 11.089748
1 11 11.094259
1 12 13.974041
1 13 14.776082
1 14 11.967756
1 15 14.679728
1 16 12.914440
1 17 11.758359
1 18 12.344796
1 19 13.922206
1 20 13.175491
1 21 13.339056
1 22 11.137659
1 23 13.540251
1 24 14.742347
1 25 12.765782
1 26 12.282659
1 27 12.365273
1 28 12.798990
1 29 12.807415
1 30 11.696136
1 31 12.846023
1 32 11.613298
1 33 10.926452
1 34 13.534364
1 35 11.852911
1 36 12.191184
1 37 14.465116
1 38 12.124102
1 39 13.737040
1 40 11.087329
1 41 12.428536
1 42 12.119227
1 43 14.062652
1 44 12.768398
1 45 13.956546
1 46 14.461799
1 47 12.012635
1 48 10.974381
1 49 11.177604
1 50 12.513828
2 0 13.718430
2 1 12.790036
2 3 12.618749
2 4 12.077617
2 5 14.333008
2 6 12.147113
2 7 12.632560
2 8 14.137714
2 9 12.527035
2 10 11.239947
2 11 11.458990
2 12 14.126959
2 13 13.438627
2 14 14.184343
2 15 14.701150
2 16 11.743797
2 17 11.015109
2 18 14.253478
2 19 12.880583
2 20 11.982096
2 21 12.759447
2 22 13.782898
2 23 12.427625
2 24 14.696368
2 25 13.887786
2 26 13.827246
2 27 12.482865
2 28 11.757274
2 29 13.214972
2 30 11.500052
2 31 12.637700
2 32 14.103203
2 33 14.683157
2 34 13.690028
2 35 11.491776
2 36 11.423419
2 37 14.619813
2 38 13.038228
2 39 11.984900
2 40 13.801453
2 41 12.491134
2 42 13.131935
2 43 13.318521
2 44 14.357630
2 45 13.601076
2 46 12.068442
2 47 13.744967
2 48 13.377003
2 49 11.280808
2 50 12.292622
3 0 13.842961
3 1 13.861658
3 2 12.618749
3 4 13.327634
3 5 11.910553
3 6 11.620193
3 7 13.639113
3 8 11.530137
3 9 13.814163
3 10 13.316483
3 11 14.751562
3 12 11.468512
3 13 11.061846
3 14 11.737668
3 15 14.624404
3 16 14.529820
3 17 11.960590
3 18 10.939316
3 19 14.340748
3 20 12.039170
3 21 13.873355
3 22 13.788259
3 23 10.966460
3 24 13.767640
3 25 14.291984
3 26 11.198568
3 27 13.560045
3 28 11.174928
3 29 12.608159
3 30 14.603573
3 31 13.601296
3 32 11.180964
3 33 11.731686
3 34 14.048939
3 35 13.971342
3 36 13.170161
3 37 12.433024
3 38 12.542792
3 39 12.948773
3 40 11.631950
3 41 11.010342
3 42 11.711998
3 43 11.984631
3 44 11.134210
3 45 11.638082
3 46 11.507838
3 47 13.813861
3 48 13.832848
3 49 13.797770
3 50 11.487080
4 0 14.050080
4 1 11.252609
4 2 12.077617
4 3 13.327634
4 5 11.076018
4 6 11.124650
4 7 14.748616
4 8 14.435070
4 9 11.749046
4 10 13.693149
4 11 13.826646
4 12 12.913817
4 13 13.595676
4 14 11.588452
4 15 12.633025
4 16 13.586172
4 17 14.566974
4 18 12.971283
4 19 13.783652
4 20 14.119795
4 21 13.162069
4 22 11.822279
4 23 12.763416
4 24 13.979121
4 25 13.424668
4 26 14.098611
4 27 12.599786
4 28 13.678802
4 29 12.836627
4 30 14.489933
4 31 14.415352
4 32 11.930423
4 33 12.115487
4 34 14.578636
4 35 13.171618
4 36 14.768424
4 37 14.161494
4 38 12.984687
4 39 13.121756
4 40 13.871119
4 41 13.815183
4 42 12.223661
4 43 12.289962
4 44 13.337206
4 45 13.264402
4 46 11.964595
4 47 11.078372
4 48 11.839426
4 49 11.595004
4 50 14.045457
5 0 11.041545
5 1 12.833506
5 2 14.333008
5 3 11.910553
5 4 11.076018
5 6 13.124278
5 7 14.211073
5 8 13.551967
5 9 13.099076
5 10 14.503059
5 11 11.765193
5 12 13.257811
5 13 11.207359
5 14 13.795893
5 15 12.537438
5 16 13.242140
5 17 13.288866
5 18 12.083000
5 19 14.565644
5 20 11.048170
5 21 11.452618
5 22 11.342959
5 23 13.682534
5 24 14.356082
5 25 11.149492
5 26 14.182689
5 27 11.271410
5 28 11.958918
5 29 14.161256
5 30 12.869621
5 31 12.974432
5 32 11.182067
5 33 14.633073
5 34 12.259054
5 35 13.340373
5 36 13.350537
5 37 13.821871
5 38 14.572323
5 39 13.026964
5 40 14.267920
5 41 13.666174
5 42 13.360365
5 43 13.325686
5 44 13.624412
5 45 13.320494
5 46 11.774485
5 47 12.666326
5 48 12.720526
5 49 14.211792
5 50 14.038979
6 0 12.458034
6 1 12.390161
6 2 12.147113
6 3 11.620193
6 4 11.124650
6 5 13.124278
6 7 13.430563
6 8 14.569517
6 9 11.857093
6 10 13.775759
6 11 14.576005
6 12 12.833410
6 13 11.351002
6 14 13.051260
6 15 11.358784
6 16 13.060702
6 17 12.246655
6 18 10.942857
6 19 14.401863
6 20 11.757225
6 21 12.909401
6 22 13.661851
6 23 12.531177
6 24 11.600821
6 25 14.239289
6 26 14.415218
6 27 11.146995
6 28 12.665972
6 29 12.029516
6 30 11.621076
6 31 12.116962
6 32 11.213511
6 33 12.870927
6 34 11.684744
6 35 13.019422
6 36 13.466466
6 37 14.280542
6 38 13.128096
6 39 12.907919
6 40 12.954292
6 41 12.796934
6 42 11.145632
6 43 11.145483
6 44 12.399465
6 45 10.924039
6 46 11.825708
6 47 12.061512
6 48 14.249708
6 49 13.814282
6 50 12.888500
7 0 12.719378
7 1 13.466538
7 2 12.632560
7 3 13.639113
7 4 14.748616
7 5 14.211073
7 6 13.430563
7 8 14.242301
7 9 12.059563
7 10 12.221890
7 11 12.599156
7 12 12.232668
7 13 13.836583
7 14 11.856735
7 15 11.240154
7 16 14.521538
7 17 13.494232
7 18 13.892137
7 19 12.239769
7 20 14.778404
7 21 14.439165
7 22 12.985388
7 23 11.252118
7 24 11.157457
7 25 14.747072
7 26 13.783225
7 27 12.613684
7 28 14.445383
7 29 13.926235
7 30 13.260786
7 31 12.654146
7 32 12.549102
7 33 11.999095
7 34 12.056295
7 35 11.356101
7 36 11.524526
7 37 14.403300
7 38 13.645120
7 39 11.366887
7 40 13.048393
7 41 12.949472
7 42 13.218154
7 43 14.141420
7 44 14.458519
7 45 12.301968
7 46 13.680269
7 47 11.327759
7 48 14.193660
7 49 13.435280
7 50 11.621041
8 0 11.318849
8 1 13.156773
8 2 14.137714
8 3 11.530137
8 4 14.435070
8 5 13.551967
8 6 14.569517
8 7 14.242301
8 9 11.547720
8 10 14.252930
8 11 13.953766
8 12 12.802572
8 13 11.015071
8 14 14.688361
8 15 12.882014
8 16 11.132942
8 17 14.231736
8 18 14.143605
8 19 14.677810
8 20 12.784273
8 21 11.593488
8 22 12.405595
8 23 13.497125
8 24 11.233884
8 25 12.137125
8 26 12.225895
8 27 13.819141
8 28 11.702641
8 29 13.237575
8 30 12.584285
8 31 14.413299
8 32 13.970064
8 33 11.793889
8 34 14.566498
8 35 14.718246
8 36 14.219275
8 37 13.710057
8 38 12.558598
8 39 11.633927
8 40 14.076307
8 41 12.884602
8 42 11.210612
8 43 13.787647
8 44 12.102529
8 45 13.023279
8 46 11.504180
8 47 13.274676
8 48 12.044517
8 49 14.170939
8 50 14.800247
9 0 11.187484
9 1 13.320421
9 2 12.527035
9 3 13.814163
9 4 11.749046
9 5 13.099076
9 6 11.857093
9 7 12.059563
9 8 11.547720
9 10 13.332475
9 11 13.692078
9 12 12.956849
9 13 12.370120
9 14 14.750502
9 15 14.603735
9 16 14.459052
9 17 11.406134
9 18 13.229706
9 19 12.189132
9 20 12.333975
9 21 13.589181
9 22 13.723983
9 23 12.057968
9 24 11.943035
9 25 13.635142
9 26 12.007360
9 27 14.719757
9 28 14.388379
9 29 11.343384
9 30 13.330543
9 31 12.903625
9 32 12.991709
9 33 11.295457
9 34 14.050585
9 35 14.154771
9 36 12.090506
9 37 13.889633
9 38 11.944411
9 39 11.414561
9 40 13.507326
9 41 11.488247
9 42 12.237235
9 43 12.357951
9 44 14.150557
9 45 12.030629
9 46 12.206060
9 47 11.273545
9 48 13.731863
9 49 13.214206
9 50 11.681605
10 0 12.956568
10 1 11.089748
10 2 11.239947
10 3 13.316483
10 4 13.693149
10 5 14.503059
10 6 13.775759
10 7 12.221890
10 8 14.252930
10 9 13.332475
10 11 14.126515
10 12 13.898392
10 13 11.529326
10 14 12.692177
10 15 12.195655
10 16 11.702097
10 17 11.063187
10 18 12.846568
10 19 13.894022
10 20 11.860520
10 21 13.157981
10 22 13.397822
10 23 13.545554
10 24 11.823175
10 25 11.181183
10 26 11.886193
10 27 14.533143
10 28 11.901844
10 29 11.516257
10 30 11.182999
10 31 14.447456
10 32 13.821901
10 33 14.220361
10 34 10.977457
10 35 13.725748
10 36 14.358049
10 37 13.283426
10 38 14.298579
10 39 11.182698
10 40 14.498503
10 41 13.466961
10 42 11.909017
10 43 13.686484
10 44 13.943183
10 45 11.784461
10 46 13.127952
10 47 12.153320
10 48 12.643631
10 49 14.815031
10 50 13.371649
11 0 14.573037
11 1 11.094259
11 2 11.458990
11 3 14.751562
11 4 13.826646
11 5 11.765193
11 6 14.576005
11 7 12.599156
11 8 13.953766
11 9 13.692078
11 10 14.126515
11 12 13.595752
11 13 11.829716
11 14 12.575445
11 15 13.140225
11 16 12.814033
11 17 12.243736
11 18 12.267682
11 19 14.753889
11 20 14.000120
11 21 13.226389
11 22 13.898089
11 23 12.724418
11 24 13.342903
11 25 13.105498
11 26 13.436831
11 27 14.779569
11 28 13.207432
11 29 14.565415
11 30 13.414784
11 31 14.498828
11 32 12.822707
11 33 13.776116
11 34 11.094361
11 35 13.202037
11 36 11.057335
11 37 11.524801
11 38 14.599140
11 39 11.493573
11 40 13.001825
11 41 14.738100
11 42 11.771311
11 43 14.471030
11 44 14.722536
11 45 11.489521
11 46 12.014221
11 47 13.585173
11 48 11.748228
11 49 12.676488
11 50 12.951525
12 0 12.244976
12 1 13.974041
12 2 14.126959
12 3 11.468512
12 4 12.913817
12 5 13.257811
12 6 12.833410
12 7 12.232668
12 8 12.802572
12 9 12.956849
12 10 13.898392
12 11 13.595752
12 13 12.086137
12 14 12.039394
12 15 12.886889
12 16 14.172695
12 17 13.221742
12 18 10.995611
12 19 12.988031
12 20 12.329683
12 21 14.719614
12 22 11.084671
12 23 12.385688
12 24 12.127436
12 25 13.964714
12 26 11.226676
12 27 12.753173
12 28 11.851195
12 29 11.360443
12 30 14.647624
12 31 12.799381
12 32 14.808768
12 33 12.831232
12 34 12.774849
12 35 11.451559
12 36 14.667627
12 37 12.224174
12 38 12.811354
12 39 12.232837
12 40 14.625042
12 41 11.998554
12 42 13.794533
12 43 12.920262
12 44 13.633028
12 45 12.623153
12 46 13.084006
12 47 13.214938
12 48 12.728854
12 49 14.707160
12 50 13.667621
13 0 14.224205
13 1 14.776082
13 2 13.438627
13 3 11.061846
13 4 13.595676
13 5 11.207359
13 6 11.351002
13 7 13.836583
13 8 11.015071
13 9 12.370120
13 10 11.529326
13 11 11.829716
13 12 12.086137
13 14 11.375672
13 15 12.509750
13 16 12.382728
13 17 11.960094
13 18 11.286804
13 19 11.786624
13 20 12.577390
13 21 14.241035
13 22 13.173648
13 23 13.834371
13 24 11.287343
13 25 11.379069
13 26 11.227411
13 27 11.580200
13 28 13.282996
13 29 14.411486
13 30 11.854815
13 31 13.215149
13 32 14.509950
13 33 11.555832
13 34 12.134223
13 35 11.982899
13 36 12.136377
13 37 12.168922
13 38 13.027325
13 39 14.155987
13 40 11.909617
13 41 11.132470
13 42 12.160823
13 43 13.334148
13 44 13.284989
13 45 13.687998
13 46 12.120124
13 47 14.583836
13 48 13.892882
13 49 11.372681
13 50 13.920445
14 0 13.789071
14 1 11.967756
14 2 14.184343
14 3 11.737668
14 4 11.588452
14 5 13.795893
14 6 13.051260
14 7 11.856735
14 8 14.688361
14 9 14.750502
14 10 12.692177
14 11 12.575445
14 12 12.039394
14 13 11.375672
14 15 13.761659
14 16 13.105406
14 17 11.306454
14 18 14.684619
14 19 12.474414
14 20 12.723711
14 21 13.103703
14 22 12.226905
14 23 13.819548
14 24 11.612775
14 25 14.524648
14 26 11.412442
14 27 12.650288
14 28 11.087661
14 29 11.191374
14 30 13.955310
14 31 13.398778
14 32 14.217772
14 33 14.551490
14 34 11.046971
14 35 11.043960
14 36 13.166935
14 37 13.285435
14 38 12.683351
14 39 11.249165
14 40 11.493659
14 41 13.434796
14 42 13.273336
14 43 11.673988
14 44 12.548102
14 45 14.768751
14 46 11.356582
14 47 11.432961
14 48 11.606846
14 49 13.547663
14 50 14.202589
15 0 13.631263
15 1 14.679728
15 2 14.701150
15 3 14.624404
15 4 12.633025
15 5 12.537438
15 6 11.358784
15 7 11.240154
15 8 12.882014
15 9 14.603735
15 10 12.195655
15 11 13.140225
15 12 12.886889
15 13 12.509750
15 14 13.761659
15 16 14.076704
15 17 11.617513
15 18 11.485563
15 19 12.480920
15 20 11.825847
15 21 11.412546
15 22 12.311266
15 23 13.033784
15 24 12.535036
15 25 13.088018
15 26 13.907038
15 27 13.467008
15 28 13.208271
15 29 12.297531
15 30 13.517237
15 31 11.420523
15 32 11.003145
15 33 11.348583
15 34 14.730836
15 35 14.695067
15 36 14.239836
15 37 12.418174
15 38 10.950724
15 39 11.568257
15 40 14.716839
15 41 13.532734
15 42 12.428703
15 43 13.588643
15 44 11.098750
15 45 11.463833
15 46 11.159852
15 47 14.806419
15 48 12.485237
15 49 14.538146
15 50 12.867220
16 0 11.960630
16 1 12.914440
16 2 11.743797
16 3 14.529820
16 4 13.586172
16 5 13.242140
16 6 13.060702
16 7 14.521538
16 8 11.132942
16 9 14.459052
16 10 11.702097
16 11 12.814033
16 12 14.172695
16 13 12.382728
16 14 13.105406
16 15 14.076704
16 17 12.858932
16 18 11.224613
16 19 11.976148
16 20 11.703471
16 21 12.428573
16 22 13.737206
16 23 11.270393
16 24 13.908996
16 25 13.800516
16 26 12.622194
16 27 14.533351
16 28 14.050565
16 29 13.817450
16 30 14.548826
16 31 14.054525
16 32 13.043171
16 33 12.757799
16 34 12.894522
16 35 11.110483
16 36 13.694784
16 37 13.394956
16 38 12.565383
16 39 11.671428
16 40 12.811065
16 41 13.205101
16 42 12.309101
16 43 12.211948
16 44 11.897273
16 45 13.211284
16 46 13.354124
16 47 12.110010
16 48 12.224316
16 49 13.850688
16 50 14.414653
17 0 13.633811
17 1 11.758359
17 2 11.015109
17 3 11.960590
17 4 14.566974
17 5 13.288866
17 6 12.246655
17 7 13.494232
17 8 14.231736
17 9 11.406134
17 10 11.063187
17 11 12.243736
17 12 13.221742
17 13 11.960094
17 14 11.306454
17 15 11.617513
17 16 12.858932
17 18 11.623188
17 19 12.563021
17 20 13.710007
17 21 11.815821
17 22 14.761033
17 23 12.445771
17 24 11.442886
17 25 13.631536
17 26 12.421530
17 27 11.189017
17 28 11.185391
17 29 12.592462
17 30 11.268368
17 31 14.499927
17 32 13.185255
17 33 13.738423
17 34 12.766664
17 35 13.372845
17 36 13.560895
17 37 14.408385
17 38 13.708338
17 39 12.832389
17 40 11.677413
17 41 14.250244
17 42 12.519351
17 43 11.097173
17 44 13.971592
17 45 12.865737
17 46 12.608636
17 47 13.329142
17 48 12.624318
17 49 13.703839
17 50 12.517288
18 0 14.466604
18 1 12.344796
18 2 14.253478
18 3 10.939316
18 4 12.971283
18 5 12.083000
18 6 10.942857
18 7 13.892137
18 8 14.143605
18 9 13.229706
18 10 12.846568
18 11 12.267682
18 12 10.995611
18 13 11.286804
18 14 14.684619
18 15 11.485563
18 16 11.224613
18 17 11.623188
18 19 11.933712
18 20 13.936843
18 21 12.039899
18 22 11.325369
18 23 13.687691
18 24 13.181408
18 25 12.603964
18 26 12.106857
18 27 12.593920
18 28 14.169150
18 29 12.437800
18 30 11.964686
18 31 11.210755
18 32 14.639863
18 33 12.897684
18 34 12.952002
18 35 12.402180
18 36 14.003072
18 37 12.994156
18 38 14.664246
18 39 13.476302
18 40 11.368247
18 41 11.016992
18 42 13.476683
18 43 14.268356
18 44 14.793025
18 45 14.240377
18 46 14.594383
18 47 12.042159
18 48 12.120695
18 49 11.939727
18 50 14.714211
19 0 11.055998
19 1 13.922206
19 2 12.880583
19 3 14.340748
19 4 13.783652
19 5 14.565644
19 6 14.401863
19 7 12.239769
19 8 14.677810
19 9 12.189132
19 10 13.894022
19 11 14.753889
19 12 12.988031
19 13 11.786624
19 14 12.474414
19 15 12.480920
19 16 11.976148
19 17 12.563021
19 18 11.933712
19 20 14.257448
19 21 11.453331
19 22 14.666848
19 23 11.071699
19 24 11.196933
19 25 11.405643
19 26 11.159557
19 27 13.592402
19 28 13.063937
19 29 11.169768
19 30 12.608211
19 31 11.655091
19 32 11.722140
19 33 14.500595
19 34 11.665312
19 35 11.018082
19 36 14.736807
19 37 11.748755
19 38 14.015282
19 39 12.944078
19 40 14.811458
19 41 14.296312
19 42 14.476611
19 43 11.646946
19 44 11.960896
19 45 11.962075
19 46 11.966813
19 47 13.380301
19 48 13.347702
19 49 12.104067
19 50 13.373284
20 0 13.401408
20 1 13.175491
20 2 11.982096
20 3 12.039170
20 4 14.119795
20 5 11.048170
20 6 11.757225
20 7 14.778404
20 8 12.784273
20 9 12.333975
20 10 11.860520
20 11 14.000120
20 12 12.329683
20 13 12.577390
20 14 12.723711
20 15 11.825847
20 16 11.703471
20 17 13.710007
20 18 13.936843
20 19 14.257448
20 21 13.436718
20 22 12.828239
20 23 13.671525
20 24 13.574675
20 25 10.927144
20 26 12.295438
20 27 13.872892
20 28 11.367727
20 29 12.621676
20 30 14.515587
20 31 13.412294
20 32 14.375776
20 33 12.606733
20 34 12.949923
20 35 11.994301
20 36 14.165050
20 37 14.159199
20 38 14.071487
20 39 11.022494
20 40 14.181916
20 41 12.380877
20 42 14.523938
20 43 13.334888
20 44 11.852600
20 45 13.204902
20 46 11.389663
20 47 12.070376
20 48 13.996356
20 49 11.360853
20 50 11.024926
21 0 12.520553
21 1 13.339056
21 2 12.759447
21 3 13.873355
21 4 13.162069
21 5 11.452618
21 6 12.909401
21 7 14.439165
21 8 11.593488
21 9 13.589181
21 10 13.157981
21 11 13.226389
21 12 14.719614
21 13 14.241035
21 14 13.103703
21 15 11.412546
21 16 12.428573
21 17 11.815821
21 18 12.039899
21 19 11.453331
21 20 13.436718
21 22 12.960752
21 23 14.327387
21 24 14.047124
21 25 11.827241
21 26 13.774454
21 27 12.556798
21 28 12.467520
21 29 13.173942
21 30 13.785656
21 31 13.280245
21 32 13.115137
21 33 11.625496
21 34 13.434806
21 35 11.834187
21 36 10.961993
21 37 13.113043
21 38 11.214445
21 39 11.611922
21 40 11.283465
21 41 12.008758
21 42 11.710761
21 43 14.300697
21 44 14.519737
21 45 14.271043
21 46 11.738621
21 47 11.243384
21 48 12.781296
21 49 12.349652
21 50 13.485564
22 0 13.846893
22 1 11.137659
22 2 13.782898
22 3 13.788259
22 4 11.822279
22 5 11.342959
22 6 13.661851
22 7 12.985388
22 8 12.405595
22 9 13.723983
22 10 13.397822
22 11 13.898089
22 12 11.084671
22 13 13.173648
22 14 12.226905
22 15 12.311266
22 16 13.737206
22 17 14.761033
22 18 11.325369
22 19 14.666848
22 20 12.828239
22 21 12.960752
22 23 14.474698
22 24 14.208939
22 25 10.941050
22 26 14.791819
22 27 13.672985
22 28 11.209051
22 29 12.280328
22 30 11.394829
22 31 11.968861
22 32 11.103556
22 33 13.210060
22 34 12.487809
22 35 14.813623
22 36 11.003331
22 37 12.844274
22 38 13.348680
22 39 14.066098
22 40 11.871810
22 41 11.886649
22 42 12.123920
22 43 12.915568
22 44 14.389949
22 45 11.912750
22 46 13.474919
22 47 13.988411
22 48 13.065035
22 49 13.303917
22 50 14.509428
23 0 11.402431
23 1 13.540251
23 2 12.427625
23 3 10.966460
23 4 12.763416
23 5 13.682534
23 6 12.531177
23 7 11.252118
23 8 13.497125
23 9 12.057968
23 10 13.545554
23 11 12.724418
23 12 12.385688
23 13 13.834371
23 14 13.819548
23 15 13.033784
23 16 11.270393
23 17 12.445771
23 18 13.687691
23 19 11.071699
23 20 13.671525
23 21 14.327387
23 22 14.474698
23 24 13.688512
23 25 12.684782
23 26 14.788737
23 27 11.681776
23 28 13.002581
23 29 11.323659
23 30 14.000136
23 31 12.386378
23 32 11.673150
23 33 12.384848
23 34 14.145153
23 35 14.197907
23 36 11.077166
23 37 14.329150
23 38 12.747673
23 39 14.534102
23 40 13.826339
23 41 14.567493
23 42 14.719062
23 43 13.751656
23 44 12.164909
23 45 12.297975
23 46 11.994303
23 47 11.571563
23 48 13.770453
23 49 12.725607
23 50 14.150576
24 0 13.787966
24 1 14.742347
24 2 14.696368
24 3 13.767640
24 4 13.979121
24 5 14.356082
24 6 11.600821
24 7 11.157457
24 8 11.233884
24 9 11.943035
24 10 11.823175
24 11 13.342903
24 12 12.127436
24 13 11.287343
24 14 11.612775
24 15 12.535036
24 16 13.908996
24 17 11.442886
24 18 13.181408
24 19 11.196933
24 20 13.574675
24 21 14.047124
24 22 14.208939
24 23 13.688512
24 25 13.647341
24 26 13.571867
24 27 11.516554
24 28 13.658542
24 29 14.079334
24 30 12.437954
24 31 13.902015
24 32 14.591691
24 33 11.850159
24 34 12.630164
24 35 13.619176
24 36 14.085611
24 37 12.892831
24 38 11.352678
24 39 13.285468
24 40 13.446293
24 41 13.449744
24 42 13.567304
24 43 11.110488
24 44 14.508851
24 45 14.250854
24 46 11.467037
24 47 13.702471
24 48 12.603238
24 49 11.728835
24 50 14.535891
25 0 11.273182
25 1 12.765782
25 2 13.887786
25 3 14.291984
25 4 13.424668
25 5 11.149492
25 6 14.239289
25 7 14.747072
25 8 12.137125
25 9 13.635142
25 10 11.181183
25 11 13.105498
25 12 13.964714
25 13 11.379069
25 14 14.524648
25 15 13.088018
25 16 13.800516
25 17 13.631536
25 18 12.603964
25 19 11.405643
25 20 10.927144
25 21 11.827241
25 22 10.941050
25 23 12.684782
25 24 13.647341
25 26 13.362472
25 27 14.157626
25 28 13.911611
25 29 13.826118
25 30 13.908095
25 31 12.524848
25 32 11.561788
25 33 11.190300
25 34 12.898442
25 35 12.138839
25 36 13.074746
25 37 14.751726
25 38 12.538708
25 39 14.752174
25 40 13.619954
25 41 12.258284
25 42 11.622943
25 43 13.975348
25 44 12.102528
25 45 14.274333
25 46 10.979717
25 47 13.649870
25 48 11.422792
25 49 11.181389
25 50 11.266768
26 0 12.274198
26 1 12.282659
26 2 13.827246
26 3 11.198568
26 4 14.098611
26 5 14.182689
26 6 14.415218
26 7 13.783225
26 8 12.225895
26 9 12.007360
26 10 11.886193
26 11 13.436831
26 12 11.226676
26 13 11.227411
26 14 11.412442
26 15 13.907038
26 16 12.622194
26 17 12.421530
26 18 12.106857
26 19 11.159557
26 20 12.295438
26 21 13.774454
26 22 14.791819
26 23 14.788737
26 24 13.571867
26 25 13.362472
26 27 13.038381
26 28 14.267574
26 29 13.300367
26 30 12.812319
26 31 12.214878
26 32 13.061885
26 33 13.537918
26 34 12.127317
26 35 11.999976
26 36 12.225290
26 37 11.227608
26 38 13.672692
26 39 13.230218
26 40 13.702759
26 41 11.576797
26 42 12.658214
26 43 13.977319
26 44 14.795611
26 45 13.499288
26 46 12.123708
26 47 11.372595
26 48 11.125912
26 49 12.373531
26 50 11.442653
27 0 13.497546
27 1 12.365273
27 2 12.482865
27 3 13.560045
27 4 12.599786
27 5 11.271410
27 6 11.146995
27 7 12.613684
27 8 13.819141
27 9 14.719757
27 10 14.533143
27 11 14.779569
27 12 12.753173
27 13 11.580200
27 14 12.650288
27 15 13.467008
27 16 14.533351
27 17 11.189017
27 18 12.593920
27 19 13.592402
27 20 13.872892
27 21 12.556798
27 22 13.672985
27 23 11.681776
27 24 11.516554
27 25 14.157626
27 26 13.038381
27 28 13.211615
27 29 13.381679
27 30 11.347092
27 31 12.719021
27 32 12.789274
27 33 11.881398
27 34 12.396771
27 35 13.735078
27 36 14.805198
27 37 13.490531
27 38 11.469609
27 39 14.136974
27 40 12.068403
27 41 12.117433
27 42 12.977377
27 43 11.730929
27 44 11.329073
27 45 14.281503
27 46 12.218356
27 47 12.150699
27 48 14.743503
27 49 11.677870
27 50 12.258822
28 0 12.759627
28 1 12.798990
28 2 11.757274
28 3 11.174928
28 4 13.678802
28 5 11.958918
28 6 12.665972
28 7 14.445383
28 8 11.702641
28 9 14.388379
28 10 11.901844
28 11 13.207432
28 12 11.851195
28 13 13.282996
28 14 11.087661
28 15 13.208271
28 16 14.050565
28 17 11.185391
28 18 14.169150
28 19 13.063937
28 20 11.367727
28 21 12.467520
28 22 11.209051
28 23 13.002581
28 24 13.658542
28 25 13.911611
28 26 14.267574
28 27 13.211615
28 29 11.600526
28 30 14.467782
28 31 13.802970
28 32 13.991594
28 33 14.152501
28 34 13.490116
28 35 12.400235
28 36 11.946366
28 37 12.433277
28 38 11.177231
28 39 13.570531
28 40 13.769730
28 41 13.598739
28 42 14.576761
28 43 13.604250
28 44 12.254113
28 45 13.269264
28 46 11.727264
28 47 12.750177
28 48 14.178593
28 49 11.935502
28 50 12.931743
29 0 11.187255
29 1 12.807415
29 2 13.214972
29 3 12.608159
29 4 12.836627
29 5 14.161256
29 6 12.029516
29 7 13.926235
29 8 13.237575
29 9 11.343384
29 10 11.516257
29 11 14.565415
29 12 11.360443
29 13 14.411486
29 14 11.191374
29 15 12.297531
29 16 13.817450
29 17 12.592462
29 18 12.437800
29 19 11.169768
29 20 12.621676
29 21 13.173942
29 22 12.280328
29 23 11.323659
29 24 14.079334
29 25 13.826118
29 26 13.300367
29 27 13.381679
29 28 11.600526
29 30 13.865339
29 31 11.710392
29 32 12.711587
29 33 12.258379
29 34 11.686214
29 35 12.098930
29 36 12.379546
29 37 13.123368
29 38 14.450465
29 39 11.014914
29 40 12.417950
29 41 11.736960
29 42 11.295757
29 43 13.966746
29 44 13.549789
29 45 11.116752
29 46 12.580046
29 47 11.450585
29 48 13.968065
29 49 13.629410
29 50 13.752610
30 0 13.727233
30 1 11.696136
30 2 11.500052
30 3 14.603573
30 4 14.489933
30 5 12.869621
30 6 11.621076
30 7 13.260786
30 8 12.584285
30 9 13.330543
30 10 11.182999
30 11 13.414784
30 12 14.647624
30 13 11.854815
30 14 13.955310
30 15 13.517237
30 16 14.548826
30 17 11.268368
30 18 11.964686
30 19 12.608211
30 20 14.515587
30 21 13.785656
30 22 11.394829
30 23 14.000136
30 24 12.437954
30 25 13.908095
30 26 12.812319
30 27 11.347092
30 28 14.467782
30 29 13.865339
30 31 14.380229
30 32 12.348344
30 33 12.115639
30 34 13.814228
30 35 12.803429
30 36 14.648341
30 37 11.573151
30 38 13.445307
30 39 14.343723
30 40 14.323112
30 41 14.374066
30 42 10.982091
30 43 14.758366
30 44 13.922476
30 45 11.682804
30 46 11.949008
30 47 13.300728
30 48 14.779946
30 49 13.603559
30 50 13.843666
31 0 13.937403
31 1 12.846023
31 2 12.637700
31 3 13.601296
31 4 14.415352
31 5 12.974432
31 6 12.116962
31 7 12.654146
31 8 14.413299
31 9 12.903625
31 10 14.447456
31 11 14.498828
31 12 12.799381
31 13 13.215149
31 14 13.398778
31 15 11.420523
31 16 14.054525
31 17 14.499927
31 18 11.210755
31 19 11.655091
31 20 13.412294
31 21 13.280245
31 22 11.968861
31 23 12.386378
31 24 13.902015
31 25 12.524848
31 26 12.214878
31 27 12.719021
31 28 13.802970
31 29 11.710392
31 30 14.380229
31 32 10.939946
31 33 14.578129
31 34 13.026901
31 35 12.276584
31 36 13.196179
31 37 12.422424
31 38 14.265468
31 39 14.109647
31 40 11.123538
31 41 14.483019
31 42 13.729720
31 43 14.632630
31 44 11.510515
31 45 14.261013
31 46 14.118209
31 47 13.158771
31 48 14.627368
31 49 12.951982
31 50 13.502089
32 0 12.628009
32 1 11.613298
32 2 14.103203
32 3 11.180964
32 4 11.930423
32 5 11.182067
32 6 11.213511
32 7 12.549102
32 8 13.970064
32 9 12.991709
32 10 13.821901
32 11 12.822707
32 12 14.808768
32 13 14.509950
32 14 14.217772
32 15 11.003145
32 16 13.043171
32 17 13.185255
32 18 14.639863
32 19 11.722140
32 20 14.375776
32 21 13.115137
32 22 11.103556
32 23 11.673150
32 24 14.591691
32 25 11.561788
32 26 13.061885
32 27 12.789274
32 28 13.991594
32 29 12.711587
32 30 12.348344
32 31 10.939946
32 33 14.120530
32 34 13.416146
32 35 13.485430
32 36 12.575617
32 37 13.410272
32 38 14.686541
32 39 11.252252
32 40 14.419570
32 41 13.624848
32 42 11.483686
32 43 13.970222
32 44 14.517139
32 45 12.219089
32 46 12.947492
32 47 11.874346
32 48 13.332340
32 49 11.799771
32 50 13.325246
33 0 13.621058
33 1 10.926452
33 2 14.683157
33 3 11.731686
33 4 12.115487
33 5 14.633073
33 6 12.870927
33 7 11.999095
33 8 11.793889
33 9 11.295457
33 10 14.220361
33 11 13.776116
33 12 12.831232
33 13 11.555832
33 14 14.551490
33 15 11.348583
33 16 12.757799
33 17 13.738423
33 18 12.897684
33 19 14.500595
33 20 12.606733
33 21 11.625496
33 22 13.210060
33 23 12.384848
33 24 11.850159
33 25 11.190300
33 26 13.537918
33 27 11.881398
33 28 14.152501
33 29 12.258379
33 30 12.115639
33 31 14.578129
33 32 14.120530
33 34 14.695768
33 35 11.270876
33 36 13.468928
33 37 13.605961
33 38 11.941130
33 39 11.523919
33 40 11.914954
33 41 12.777226
33 42 14.713797
33 43 13.000687
33 44 12.627192
33 45 11.732915
33 46 10.938651
33 47 14.744734
33 48 11.068859
33 49 14.560079
33 50 13.821587
34 0 12.048276
34 1 13.534364
34 2 13.690028
34 3 14.048939
34 4 14.578636
34 5 12.259054
34 6 11.684744
34 7 12.056295
34 8 14.566498
34 9 14.050585
34 10 10.977457
34 11 11.094361
34 12 12.774849
34 13 12.134223
34 14 11.046971
34 15 14.730836
34 16 12.894522
34 17 12.766664
34 18 12.952002
34 19 11.665312
34 20 12.949923
34 21 13.434806
34 22 12.487809
34 23 14.145153
34 24 12.630164
34 25 12.898442
34 26 12.127317
34 27 12.396771
34 28 13.490116
34 29 11.686214
34 30 13.814228
34 31 13.026901
34 32 13.416146
34 33 14.695768
34 35 10.976809
34 36 11.662015
34 37 13.880611
34 38 12.502902
34 39 12.772977
34 40 14.650689
34 41 12.467612
34 42 12.576485
34 43 13.881757
34 44 14.377756
34 45 12.668095
34 46 12.066701
34 47 14.477677
34 48 14.624645
34 49 12.321927
34 50 13.814805
35 0 14.418420
35 1 11.852911
35 2 11.491776
35 3 13.971342
35 4 13.171618
35 5 13.340373
35 6 13.019422
35 7 11.356101
35 8 14.718246
35 9 14.154771
35 10 13.725748
35 11 13.202037
35 12 11.451559
35 13 11.982899
35 14 11.043960
35 15 14.695067
35 16 11.110483
35 17 13.372845
35 18 12.402180
35 19 11.018082
35 20 11.994301
35 21 11.834187
35 22 14.813623
35 23 14.197907
35 24 13.619176
35 25 12.138839
35 26 11.999976
35 27 13.735078
35 28 12.400235
35 29 12.098930
35 30 12.803429
35 31 12.276584
35 32 13.485430
35 33 11.270876
35 34 10.976809
35 36 13.739446
35 37 12.111178
35 38 13.414444
35 39 14.299723
35 40 14.121122
35 41 14.624474
35 42 13.649201
35 43 13.395107
35 44 10.976638
35 45 11.698624
35 46 12.132932
35 47 13.099203
35 48 12.298921
35 49 12.127697
35 50 14.468147
36 0 12.213682
36 1 12.191184
36 2 11.423419
36 3 13.170161
36 4 14.768424
36 5 13.350537
36 6 13.466466
36 7 11.524526
36 8 14.219275
36 9 12.090506
36 10 14.358049
36 11 11.057335
36 12 14.667627
36 13 12.136377
36 14 13.166935
36 15 14.239836
36 16 13.694784
36 17 13.560895
36 18 14.003072
36 19 14.736807
36 20 14.165050
36 21 10.961993
36 22 11.003331
36 23 11.077166
36 24 14.085611
36 25 13.074746
36 26 12.225290
36 27 14.805198
36 28 11.946366
36 29 12.379546
36 30 14.648341
36 31 13.196179
36 32 12.575617
36 33 13.468928
36 34 11.662015
36 35 13.739446
36 37 12.628378
36 38 11.352102
36 39 14.807095
36 40 14.380716
36 41 13.868992
36 42 11.672348
36 43 14.604488
36 44 13.808459
36 45 14.517300
36 46 12.457137
36 47 14.137253
36 48 11.601385
36 49 11.279058
36 50 14.479849
37 0 12.018813
37 1 14.465116
37 2 14.619813
37 3 12.433024
37 4 14.161494
37 5 13.821871
37 6 14.280542
37 7 14.403300
37 8 13.710057
37 9 13.889633
37 10 13.283426
37 11 11.524801
37 12 12.224174
37 13 12.168922
37 14 13.285435
37 15 12.418174
37 16 13.394956
37 17 14.408385
37 18 12.994156
37 19 11.748755
37 20 14.159199
37 21 13.113043
37 22 12.844274
37 23 14.329150
37 24 12.892831
37 25 14.751726
37 26 11.227608
37 27 13.490531
37 28 12.433277
37 29 13.123368
37 30 11.573151
37 31 12.422424
37 32 13.410272
37 33 13.605961
37 34 13.880611
37 35 12.111178
37 36 12.628378
37 38 13.467973
37 39 14.151141
37 40 11.165247
37 41 13.477761
37 42 11.408210
37 43 12.647693
37 44 11.428006
37 45 10.921160
37 46 12.746824
37 47 11.136523
37 48 14.267525
37 49 11.534468
37 50 11.238625
38 0 11.123474
38 1 12.124102
38 2 13.038228
38 3 12.542792
38 4 12.984687
38 5 14.572323
38 6 13.128096
38 7 13.645120
38 8 12.558598
38 9 11.944411
38 10 14.298579
38 11 14.599140
38 12 12.811354
38 13 13.027325
38 14 12.683351
38 15 10.950724
38 16 12.565383
38 17 13.708338
38 18 14.664246
38 19 14.015282
38 20 14.071487
38 21 11.214445
38 22 13.348680
38 23 12.747673
38 24 11.352678
38 25 12.538708
38 26 13.672692
38 27 11.469609
38 28 11.177231
38 29 14.450465
38 30 13.445307
38 31 14.265468
38 32 14.686541
38 33 11.941130
38 34 12.502902
38 35 13.414444
38 36 11.352102
38 37 13.467973
38 39 14.364498
38 40 13.590519
38 41 12.921699
38 42 12.940021
38 43 12.779267
38 44 13.249534
38 45 13.340050
38 46 11.092026
38 47 14.804288
38 48 11.936512
38 49 13.403948
38 50 11.203202
39 0 12.392586
39 1 13.737040
39 2 11.984900
39 3 12.948773
39 4 13.121756
39 5 13.026964
39 6 12.907919
39 7 11.366887
39 8 11.633927
39 9 11.414561
39 10 11.182698
39 11 11.493573
39 12 12.232837
39 13 14.155987
39 14 11.249165
39 15 11.568257
39 16 11.671428
39 17 12.832389
39 18 13.476302
39 19 12.944078
39 20 11.022494
39 21 11.611922
39 22 14.066098
39 23 14.534102
39 24 13.285468
39 25 14.752174
39 26 13.230218
39 27 14.136974
39 28 13.570531
39 29 11.014914
39 30 14.343723
39 31 14.109647
39 32 11.252252
39 33 11.523919
39 34 12.772977
39 35 14.299723
39 36 14.807095
39 37 14.151141
39 38 14.364498
39 40 11.767914
39 41 11.133286
39 42 11.509678
39 43 14.636314
39 44 11.894616
39 45 13.302548
39 46 14.081067
39 47 14.388635
39 48 13.496588
39 49 13.312563
39 50 12.947920
40 0 13.932433
40 1 11.087329
40 2 13.801453
40 3 11.631950
40 4 13.871119
40 5 14.267920
40 6 12.954292
40 7 13.048393
40 8 14.076307
40 9 13.507326
40 10 14.498503
40 11 13.001825
40 12 14.625042
40 13 11.909617
40 14 11.493659
40 15 14.716839
40 16 12.811065
40 17 11.677413
40 18 11.368247
40 19 14.811458
40 20 14.181916
40 21 11.283465
40 22 11.871810
40 23 13.826339
40 24 13.446293
40 25 13.619954
40 26 13.702759
40 27 12.068403
40 28 13.769730
40 29 12.417950
40 30 14.323112
40 31 11.123538
40 32 14.419570
40 33 11.914954
40 34 14.650689
40 35 14.121122
40 36 14.380716
40 37 11.165247
40 38 13.590519
40 39 11.767914
40 41 13.958369
40 42 12.022818
40 43 13.423141
40 44 13.153125
40 45 14.479552
40 46 12.311347
40 47 14.304069
40 48 13.361167
40 49 11.546182
40 50 13.374042
41 0 13.006773
41 1 12.428536
41 2 12.491134
41 3 11.010342
41 4 13.815183
41 5 13.666174
41 6 12.796934
41 7 12.949472
41 8 12.884602
41 9 11.488247
41 10 13.466961
41 11 14.738100
41 12 11.998554
41 13 11.132470
41 14 13.434796
41 15 13.532734
41 16 13.205101
41 17 14.250244
41 18 11.016992
41 19 14.296312
41 20 12.380877
41 21 12.008758
41 22 11.886649
41 23 14.567493
41 24 13.449744
41 25 12.258284
41 26 11.576797
41 27 12.117433
41 28 13.598739
41 29 11.736960
41 30 14.374066
41 31 14.483019
41 32 13.624848
41 33 12.777226
41 34 12.467612
41 35 14.624474
41 36 13.868992
41 37 13.477761
41 38 12.921699
41 39 11.133286
41 40 13.958369
41 42 13.946102
41 43 11.595584
41 44 12.287671
41 45 13.571463
41 46 12.574919
41 47 14.477670
41 48 13.449704
41 49 14.708222
41 50 12.536924
42 0 12.734939
42 1 12.119227
42 2 13.131935
42 3 11.711998
42 4 12.223661
42 5 13.360365
42 6 11.145632
42 7 13.218154
42 8 11.210612
42 9 12.237235
42 10 11.909017
42 11 11.771311
42 12 13.794533
42 13 12.160823
42 14 13.273336
42 15 12.428703
42 16 12.309101
42 17 12.519351
42 18 13.476683
42 19 14.476611
42 20 14.523938
42 21 11.710761
42 22 12.123920
42 23 14.719062
42 24 13.567304
42 25 11.622943
42 26 12.658214
42 27 12.977377
42 28 14.576761
42 29 11.295757
42 30 10.982091
42 31 13.729720
42 32 11.483686
42 33 14.713797
42 34 12.576485
42 35 13.649201
42 36 11.672348
42 37 11.408210
42 38 12.940021
42 39 11.509678
42 40 12.022818
42 41 13.946102
42 43 14.148303
42 44 11.673887
42 45 13.281213
42 46 10.944351
42 47 12.290230
42 48 13.743923
42 49 13.080539
42 50 12.831045
43 0 13.553024
43 1 14.062652
43 2 13.318521
43 3 11.984631
43 4 12.289962
43 5 13.325686
43 6 11.145483
43 7 14.141420
43 8 13.787647
43 9 12.357951
43 10 13.686484
43 11 14.471030
43 12 12.920262
43 13 13.334148
43 14 11.673988
43 15 13.588643
43 16 12.211948
43 17 11.097173
43 18 14.268356
43 19 11.646946
43 20 13.334888
43 21 14.300697
43 22 12.915568
43 23 13.751656
43 24 11.110488
43 25 13.975348
43 26 13.977319
43 27 11.730929
43 28 13.604250
43 29 13.966746
43 30 14.758366
43 31 14.632630
43 32 13.970222
43 33 13.000687
43 34 13.881757
43 35 13.395107
43 36 14.604488
43 37 12.647693
43 38 12.779267
43 39 14.636314
43 40 13.423141
43 41 11.595584
43 42 14.148303
43 44 11.556802
43 45 11.207078
43 46 11.465739
43 47 12.077545
43 48 14.670159
43 49 13.701002
43 50 13.146302
44 0 12.037695
44 1 12.768398
44 2 14.357630
44 3 11.134210
44 4 13.337206
44 5 13.624412
44 6 12.399465
44 7 14.458519
44 8 12.102529
44 9 14.150557
44 10 13.943183
44 11 14.722536
44 12 13.633028
44 13 13.284989
44 14 12.548102
44 15 11.098750
44 16 11.897273
44 17 13.971592
44 18 14.793025
44 19 11.960896
44 20 11.852600
44 21 14.519737
44 22 14.389949
44 23 12.164909
44 24 14.508851
44 25 12.102528
44 26 14.795611
44 27 11.329073
44 28 12.254113
44 29 13.549789
44 30 13.922476
44 31 11.510515
44 32 14.517139
44 33 12.627192
44 34 14.377756
44 35 10.976638
44 36 13.808459
44 37 11.428006
44 38 13.249534
44 39 11.894616
44 40 13.153125
44 41 12.287671
44 42 11.673887
44 43 11.556802
44 45 12.000336
44 46 13.483219
44 47 11.423879
44 48 11.551345
44 49 12.896265
44 50 13.288780
45 0 13.290916
45 1 13.956546
45 2 13.601076
45 3 11.638082
45 4 13.264402
45 5 13.320494
45 6 10.924039
45 7 12.301968
45 8 13.023279
45 9 12.030629
45 10 11.784461
45 11 11.489521
45 12 12.623153
45 13 13.687998
45 14 14.768751
45 15 11.463833
45 16 13.211284
45 17 12.865737
45 18 14.240377
45 19 11.962075
45 20 13.204902
45 21 14.271043
45 22 11.912750
45 23 12.297975
45 24 14.250854
45 25 14.274333
45 26 13.499288
45 27 14.281503
45 28 13.269264
45 29 11.116752
45 30 11.682804
45 31 14.261013
45 32 12.219089
45 33 11.732915
45 34 12.668095
45 35 11.698624
45 36 14.517300
45 37 10.921160
45 38 13.340050
45 39 13.302548
45 40 14.479552
45 41 13.571463
45 42 13.281213
45 43 11.207078
45 44 12.000336
45 46 11.043635
45 47 12.184306
45 48 12.308507
45 49 13.514127
45 50 14.023305
46 0 14.724024
46 1 14.461799
46 2 12.068442
46 3 11.507838
46 4 11.964595
46 5 11.774485
46 6 11.825708
46 7 13.680269
46 8 11.504180
46 9 12.206060
46 10 13.127952
46 11 12.014221
46 12 13.084006
46 13 12.120124
46 14 11.356582
46 15 11.159852
46 16 13.354124
46 17 12.608636
46 18 14.594383
46 19 11.966813
46 20 11.389663
46 21 11.738621
46 22 13.474919
46 23 11.994303
46 24 11.467037
46 25 10.979717
46 26 12.123708
46 27 12.218356
46 28 11.727264
46 29 12.580046
46 30 11.949008
46 31 14.118209
46 32 12.947492
46 33 10.938651
46 34 12.066701
46 35 12.132932
46 36 12.457137
46 37 12.746824
46 38 11.092026
46 39 14.081067
46 40 12.311347
46 41 12.574919
46 42 10.944351
46 43 11.465739
46 44 13.483219
46 45 11.043635
46 47 12.487120
46 48 12.839423
46 49 12.928450
46 50 12.889898
47 0 14.790027
47 1 12.012635
47 2 13.744967
47 3 13.813861
47 4 11.078372
47 5 12.666326
47 6 12.061512
47 7 11.327759
47 8 13.274676
47 9 11.273545
47 10 12.153320
47 11 13.585173
47 12 13.214938
47 13 14.583836
47 14 11.432961
47 15 14.806419
47 16 12.110010
47 17 13.329142
47 18 12.042159
47 19 13.380301
47 20 12.070376
47 21 11.243384
47 22 13.988411
47 23 11.571563
47 24 13.702471
47 25 13.649870
47 26 11.372595
47 27 12.150699
47 28 12.750177
47 29 11.450585
47 30 13.300728
47 31 13.158771
47 32 11.874346
47 33 14.744734
47 34 14.477677
47 35 13.099203
47 36 14.137253
47 37 11.136523
47 38 14.804288
47 39 14.388635
47 40 14.304069
47 41 14.477670
47 42 12.290230
47 43 12.077545
47 44 11.423879
47 45 12.184306
47 46 12.487120
47 48 11.868821
47 49 12.175989
47 50 14.411272
48 0 12.215974
48 1 10.974381
48 2 13.377003
48 3 13.832848
48 4 11.839426
48 5 12.720526
48 6 14.249708
48 7 14.193660
48 8 12.044517
48 9 13.731863
48 10 12.643631
48 11 11.748228
48 12 12.728854
48 13 13.892882
48 14 11.606846
48 15 12.485237
48 16 12.224316
48 17 12.624318
48 18 12.120695
48 19 13.347702
48 20 13.996356
48 21 12.781296
48 22 13.065035
48 23 13.770453
48 24 12.603238
48 25 11.422792
48 26 11.125912
48 27 14.743503
48 28 14.178593
48 29 13.968065
48 30 14.779946
48 31 14.627368
48 32 13.332340
48 33 11.068859
48 34 14.624645
48 35 12.298921
48 36 11.601385
48 37 14.267525
48 38 11.936512
48 39 13.496588
48 40 13.361167
48 41 13.449704
48 42 13.743923
48 43 14.670159
48 44 11.551345
48 45 12.308507
48 46 12.839423
48 47 11.868821
48 49 12.566232
48 50 11.259482
49 0 12.015491
49 1 11.177604
49 2 11.280808
49 3 13.797770
49 4 11.595004
49 5 14.211792
49 6 13.814282
49 7 13.435280
49 8 14.170939
49 9 13.214206
49 10 14.815031
49 11 12.676488
49 12 14.707160
49 13 11.372681
49 14 13.547663
49 15 14.538146
49 16 13.850688
49 17 13.703839
49 18 11.939727
49 19 12.104067
49 20 11.360853
49 21 12.349652
49 22 13.303917
49 23 12.725607
49 24 11.728835
49 25 11.181389
49 26 12.373531
49 27 11.677870
49 28 11.935502
49 29 13.629410
49 30 13.603559
49 31 12.951982
49 32 11.799771
49 33 14.560079
49 34 12.321927
49 35 12.127697
49 36 11.279058
49 37 11.534468
49 38 13.403948
49 39 13.312563
49 40 11.546182
49 41 14.708222
49 42 13.080539
49 43 13.701002
49 44 12.896265
49 45 13.514127
49 46 12.928450
49 47 12.175989
49 48 12.566232
49 50 13.700012
50 0 14.370203
50 1 12.513828
50 2 12.292622
50 3 11.487080
50 4 14.045457
50 5 14.038979
50 6 12.888500
50 7 11.621041
50 8 14.800247
50 9 11.681605
50 10 13.371649
50 11 12.951525
50 12 13.667621
50 13 13.920445
50 14 14.202589
50 15 12.867220
50 16 14.414653
50 17 12.517288
50 18 14.714211
50 19 13.373284
50 20 11.024926
50 21 13.485564
50 22 14.509428
50 23 14.150576
50 24 14.535891
50 25 11.266768
50 26 11.442653
50 27 12.258822
50 28 12.931743
50 29 13.752610
50 30 13.843666
50 31 13.502089
50 32 13.325246
50 33 13.821587
50 34 13.814805
50 35 14.468147
50 36 14.479849
50 37 11.238625
50 38 11.203202
50 39 12.947920
50 40 13.374042
50 41 12.536924
50 42 12.831045
50 43 13.146302
50 44 13.288780
50 45 14.023305
50 46 12.889898
50 47 14.411272
50 48 11.259482
50 49 13.700012
