# i j vmax_ij_m_per_s; symmetric values generated with Uniform(0.7,0.95)*15.6
0 1 13.144691
0 2 11.624574
0 3 11.150804
0 4 11.091707
0 5 12.275441
0 6 11.029008
0 7 13.080270
0 8 13.131476
0 9 11.204833
0 10 12.292502
0 11 12.688592
0 12 11.244458
0 13 11.513945
0 14 11.696996
0 15 11.944118
0 16 11.471264
0 17 14.566805
0 18 12.012772
0 19 11.456671
0 20 14.724528
0 21 14.393324
0 22 14.502730
0 23 13.191517
0 24 12.563977
0 25 14.181195
0 26 10.986266
0 27 12.092958
0 28 12.550260
0 29 12.908912
0 30 14.544595
0 31 13.773133
0 32 11.184034
0 33 11.778083
0 34 11.490625
0 35 11.041574
0 36 12.478924
0 37 13.366603
0 38 13.622612
0 39 13.575917
0 40 12.392283
0 41 14.319759
0 42 14.683276
0 43 14.769807
0 44 13.085445
0 45 12.229612
0 46 14.584473
0 47 11.121842
0 48 13.047456
0 49 14.511350
0 50 13.656913
1 0 13.144691
1 2 12.009074
1 3 13.806715
1 4 13.566584
1 5 13.302047
1 6 13.517998
1 7 11.996076
1 8 11.476741
1 9 11.616394
1 10 12.638223
1 11 12.890346
1 12 11.983327
1 13 12.312694
1 14 13.420582
1 15 11.823026
1 16 12.735851
1 17 12.530348
1 18 12.753280
1 19 12.214833
1 20 11.151232
1 21 11.969026
1 22 13.189732
1 23 11.443801
1 24 11.228563
1 25 12.180439
1 26 11.227908
1 27 13.078346
1 28 13.217609
1 29 13.257033
1 30 13.226226
1 31 13.450718
1 32 12.457654
1 33 11.915676
1 34 13.712659
1 35 14.628763
1 36 13.846515
1 37 14.759862
1 38 14.499832
1 39 12.492977
1 40 12.796761
1 41 11.617257
1 42 11.036379
1 43 12.978905
1 44 13.016881
1 45 12.851899
1 46 11.470346
1 47 11.198022
1 48 14.783409
1 49 11.997375
1 50 14.086476
2 0 11.624574
2 1 12.009074
2 3 11.860963
2 4 12.926786
2 5 11.475073
2 6 11.583110
2 7 14.391122
2 8 13.917427
2 9 13.548327
2 10 12.973012
2 11 13.593051
2 12 13.423246
2 13 14.648182
2 14 13.218084
2 15 14.185989
2 16 11.742245
2 17 12.555047
2 18 11.067878
2 19 12.203423
2 20 12.599190
2 21 13.345063
2 22 14.733609
2 23 14.017935
2 24 11.950707
2 25 13.061652
2 26 14.181488
2 27 13.162287
2 28 13.913293
2 29 12.804472
2 30 11.358094
2 31 11.450667
2 32 11.335528
2 33 13.032717
2 34 14.527846
2 35 11.782379
2 36 14.687640
2 37 14.633956
2 38 11.765367
2 39 14.293557
2 40 12.520391
2 41 12.608418
2 42 12.600229
2 43 11.284302
2 44 11.888127
2 45 14.433626
2 46 14.138778
2 47 12.781872
2 48 12.879530
2 49 14.490845
2 50 13.942175
3 0 11.150804
3 1 13.806715
3 2 11.860963
3 4 14.026070
3 5 13.631455
3 6 13.671292
3 7 12.815168
3 8 13.701262
3 9 14.592241
3 10 12.972111
3 11 14.154721
3 12 13.611591
3 13 13.847752
3 14 14.590201
3 15 13.572467
3 16 14.305166
3 17 14.538751
3 18 11.265980
3 19 12.028267
3 20 12.526919
3 21 14.639105
3 22 11.982303
3 23 13.572893
3 24 11.143452
3 25 14.652710
3 26 14.613658
3 27 13.098130
3 28 12.211510
3 29 14.456266
3 30 11.576524
3 31 11.946973
3 32 12.676248
3 33 11.126256
3 34 11.422818
3 35 11.664037
3 36 12.691824
3 37 12.965364
3 38 12.674013
3 39 14.314908
3 40 12.312665
3 41 11.597753
3 42 10.935156
3 43 12.808125
3 44 12.797526
3 45 12.806286
3 46 11.202326
3 47 14.097079
3 48 13.301336
3 49 12.647942
3 50 11.068190
4 0 11.091707
4 1 13.566584
4 2 12.926786
4 3 14.026070
4 5 14.500570
4 6 13.804190
4 7 14.596090
4 8 12.345942
4 9 11.238855
4 10 14.541606
4 11 13.271046
4 12 11.558480
4 13 12.406425
4 14 13.778448
4 15 14.549419
4 16 14.323327
4 17 11.974962
4 18 10.979856
4 19 12.587576
4 20 14.727389
4 21 12.828685
4 22 13.986387
4 23 14.426111
4 24 14.449164
4 25 12.625284
4 26 13.214640
4 27 13.808770
4 28 13.941760
4 29 14.125670
4 30 14.456996
4 31 12.915082
4 32 14.238615
4 33 11.043851
4 34 13.770748
4 35 11.408266
4 36 12.071403
4 37 11.683990
4 38 12.194933
4 39 13.293909
4 40 14.187224
4 41 12.866492
4 42 12.396926
4 43 13.532092
4 44 12.204737
4 45 11.465938
4 46 11.484135
4 47 11.608891
4 48 12.798564
4 49 14.679952
4 50 14.343054
5 0 12.275441
5 1 13.302047
5 2 11.475073
5 3 13.631455
5 4 14.500570
5 6 12.229321
5 7 13.695947
5 8 13.357003
5 9 12.127974
5 10 12.228211
5 11 13.925564
5 12 11.771570
5 13 13.296762
5 14 11.295740
5 15 12.411885
5 16 13.330623
5 17 14.117535
5 18 13.840353
5 19 13.019698
5 20 10.993531
5 21 14.816979
5 22 14.530754
5 23 13.435232
5 24 13.291477
5 25 14.303981
5 26 10.982162
5 27 14.420675
5 28 13.816304
5 29 14.544065
5 30 10.994545
5 31 13.071820
5 32 12.541306
5 33 12.912080
5 34 11.550596
5 35 13.391584
5 36 13.736315
5 37 14.404878
5 38 14.523741
5 39 12.656840
5 40 11.780741
5 41 11.292247
5 42 14.089360
5 43 12.538152
5 44 13.900047
5 45 13.685960
5 46 14.246672
5 47 13.153917
5 48 12.647814
5 49 13.887195
5 50 13.445286
6 0 11.029008
6 1 13.517998
6 2 11.583110
6 3 13.671292
6 4 13.804190
6 5 12.229321
6 7 11.792250
6 8 11.633985
6 9 14.438257
6 10 14.796860
6 11 11.524764
6 12 14.656280
6 13 11.298109
6 14 12.288530
6 15 14.525479
6 16 12.423983
6 17 11.912467
6 18 11.438781
6 19 11.214235
6 20 13.219449
6 21 12.037257
6 22 12.152019
6 23 14.792719
6 24 12.917712
6 25 14.298321
6 26 11.145650
6 27 13.861365
6 28 12.415950
6 29 11.038299
6 30 12.551714
6 31 11.251938
6 32 14.284854
6 33 14.205942
6 34 12.141172
6 35 13.843180
6 36 12.858934
6 37 11.479810
6 38 12.187157
6 39 11.060898
6 40 11.853477
6 41 11.446870
6 42 13.807935
6 43 11.474097
6 44 13.634610
6 45 12.211337
6 46 11.928533
6 47 11.828292
6 48 12.813089
6 49 12.931153
6 50 12.906683
7 0 13.080270
7 1 11.996076
7 2 14.391122
7 3 12.815168
7 4 14.596090
7 5 13.695947
7 6 11.792250
7 8 13.398927
7 9 13.146096
7 10 13.141982
7 11 13.767112
7 12 11.006654
7 13 14.774917
7 14 12.842828
7 15 11.990163
7 16 11.189943
7 17 14.189905
7 18 13.248517
7 19 11.911140
7 20 12.721980
7 21 12.812907
7 22 13.875300
7 23 12.603187
7 24 14.434517
7 25 14.753898
7 26 13.045481
7 27 14.342755
7 28 13.687323
7 29 12.831574
7 30 12.025350
7 31 14.339931
7 32 13.505140
7 33 13.820331
7 34 13.806983
7 35 14.524804
7 36 14.652024
7 37 14.153721
7 38 14.373116
7 39 14.079753
7 40 14.794914
7 41 13.500880
7 42 12.734010
7 43 12.666810
7 44 12.613286
7 45 13.831716
7 46 13.545497
7 47 11.340092
7 48 12.407009
7 49 12.169951
7 50 14.474540
8 0 13.131476
8 1 11.476741
8 2 13.917427
8 3 13.701262
8 4 12.345942
8 5 13.357003
8 6 11.633985
8 7 13.398927
8 9 14.064408
8 10 13.354770
8 11 12.350774
8 12 11.445351
8 13 13.014467
8 14 14.704914
8 15 12.061265
8 16 13.840415
8 17 12.581740
8 18 12.256948
8 19 14.049957
8 20 14.321477
8 21 13.702991
8 22 13.121679
8 23 11.820786
8 24 14.125466
8 25 12.767997
8 26 12.968180
8 27 11.713749
8 28 12.660877
8 29 11.729575
8 30 12.937712
8 31 11.713361
8 32 10.977833
8 33 13.737665
8 34 14.176978
8 35 12.510334
8 36 12.177980
8 37 11.465036
8 38 11.450964
8 39 13.229789
8 40 12.306810
8 41 11.332707
8 42 11.726844
8 43 14.159556
8 44 12.827279
8 45 12.719372
8 46 12.546913
8 47 12.135750
8 48 12.040881
8 49 12.590955
8 50 12.145181
9 0 11.204833
9 1 11.616394
9 2 13.548327
9 3 14.592241
9 4 11.238855
9 5 12.127974
9 6 14.438257
9 7 13.146096
9 8 14.064408
9 10 11.466814
9 11 13.275462
9 12 13.229748
9 13 13.826429
9 14 11.082861
9 15 11.581204
9 16 10.968609
9 17 14.003521
9 18 14.381605
9 19 12.901364
9 20 14.113412
9 21 12.534553
9 22 12.677300
9 23 13.311606
9 24 14.437688
9 25 14.170067
9 26 13.590493
9 27 11.561198
9 28 13.177835
9 29 11.456527
9 30 11.706439
9 31 13.244830
9 32 14.338514
9 33 14.548606
9 34 13.543821
9 35 11.492411
9 36 11.749275
9 37 11.296172
9 38 12.111138
9 39 13.216757
9 40 14.704263
9 41 12.520365
9 42 11.099265
9 43 10.964095
9 44 14.785742
9 45 12.098259
9 46 11.401505
9 47 11.365007
9 48 13.394614
9 49 12.312579
9 50 13.117379
10 0 12.292502
10 1 12.638223
10 2 12.973012
10 3 12.972111
10 4 14.541606
10 5 12.228211
10 6 14.796860
10 7 13.141982
10 8 13.354770
10 9 11.466814
10 11 11.701690
10 12 11.039761
10 13 14.596613
10 14 13.332413
10 15 12.008432
10 16 13.470770
10 17 12.260972
10 18 13.047244
10 19 11.631067
10 20 13.463297
10 21 11.257522
10 22 12.811802
10 23 14.630528
10 24 11.880701
10 25 11.619864
10 26 12.539583
10 27 12.103765
10 28 14.105474
10 29 11.329396
10 30 14.148540
10 31 11.384662
10 32 12.864884
10 33 14.479117
10 34 13.850482
10 35 11.513736
10 36 13.502564
10 37 11.819031
10 38 12.538805
10 39 11.043628
10 40 14.303804
10 41 13.312278
10 42 12.434334
10 43 13.455702
10 44 12.186123
10 45 14.432638
10 46 12.521133
10 47 14.615618
10 48 11.374026
10 49 14.778787
10 50 12.650427
11 0 12.688592
11 1 12.890346
11 2 13.593051
11 3 14.154721
11 4 13.271046
11 5 13.925564
11 6 11.524764
11 7 13.767112
11 8 12.350774
11 9 13.275462
11 10 11.701690
11 12 13.378081
11 13 14.735156
11 14 12.477601
11 15 12.990976
11 16 12.325544
11 17 14.601745
11 18 14.106350
11 19 14.562061
11 20 13.192424
11 21 14.067956
11 22 12.885856
11 23 11.756011
11 24 11.294710
11 25 11.311492
11 26 12.449193
11 27 14.040353
11 28 14.459916
11 29 13.702295
11 30 12.664066
11 31 14.060498
11 32 13.202027
11 33 14.400950
11 34 11.390193
11 35 14.178090
11 36 11.783331
11 37 14.599936
11 38 13.227328
11 39 12.164747
11 40 12.855508
11 41 12.110301
11 42 14.058664
11 43 10.960677
11 44 12.585881
11 45 13.502643
11 46 14.084987
11 47 12.521058
11 48 12.120986
11 49 12.601465
11 50 13.321765
12 0 11.244458
12 1 11.983327
12 2 13.423246
12 3 13.611591
12 4 11.558480
12 5 11.771570
12 6 14.656280
12 7 11.006654
12 8 11.445351
12 9 13.229748
12 10 11.039761
12 11 13.378081
12 13 11.961913
12 14 13.374397
12 15 13.755647
12 16 13.924487
12 17 11.177657
12 18 11.189637
12 19 11.757153
12 20 11.008927
12 21 11.484944
12 22 13.475856
12 23 12.718454
12 24 13.903805
12 25 12.830783
12 26 14.508255
12 27 10.979421
12 28 13.479852
12 29 11.880483
12 30 11.309521
12 31 11.291920
12 32 12.831869
12 33 14.765567
12 34 13.087130
12 35 12.530694
12 36 11.144358
12 37 11.142924
12 38 11.799624
12 39 14.725371
12 40 12.868519
12 41 14.352492
12 42 11.253116
12 43 14.219946
12 44 13.576121
12 45 14.468138
12 46 12.597104
12 47 11.753152
12 48 11.558436
12 49 12.816317
12 50 11.154638
13 0 11.513945
13 1 12.312694
13 2 14.648182
13 3 13.847752
13 4 12.406425
13 5 13.296762
13 6 11.298109
13 7 14.774917
13 8 13.014467
13 9 13.826429
13 10 14.596613
13 11 14.735156
13 12 11.961913
13 14 11.052901
13 15 14.350997
13 16 13.039544
13 17 12.200860
13 18 13.991833
13 19 12.286274
13 20 12.352100
13 21 12.473364
13 22 13.734332
13 23 13.976693
13 24 13.359690
13 25 11.521748
13 26 14.142921
13 27 13.552387
13 28 13.571880
13 29 12.948801
13 30 14.337915
13 31 12.490045
13 32 12.439357
13 33 11.475879
13 34 11.556610
13 35 12.761421
13 36 13.194905
13 37 12.662105
13 38 12.329918
13 39 12.204693
13 40 13.747951
13 41 11.341527
13 42 11.166275
13 43 14.555215
13 44 14.563915
13 45 12.296898
13 46 12.734237
13 47 12.675968
13 48 11.618539
13 49 12.480191
13 50 11.643256
14 0 11.696996
14 1 13.420582
14 2 13.218084
14 3 14.590201
14 4 13.778448
14 5 11.295740
14 6 12.288530
14 7 12.842828
14 8 14.704914
14 9 11.082861
14 10 13.332413
14 11 12.477601
14 12 13.374397
14 13 11.052901
14 15 14.244856
14 16 11.854632
14 17 14.522551
14 18 11.436682
14 19 12.933706
14 20 13.170889
14 21 12.597935
14 22 14.639330
14 23 12.911030
14 24 14.404412
14 25 11.231794
14 26 14.231850
14 27 14.118324
14 28 12.319045
14 29 13.554609
14 30 14.655838
14 31 11.254410
14 32 11.269497
14 33 12.120955
14 34 13.769144
14 35 13.333053
14 36 13.516291
14 37 13.636426
14 38 12.337213
14 39 12.437175
14 40 12.000364
14 41 14.171175
14 42 11.157495
14 43 14.136192
14 44 14.464444
14 45 12.864079
14 46 12.674117
14 47 14.488864
14 48 12.468149
14 49 14.142990
14 50 13.332419
15 0 11.944118
15 1 11.823026
15 2 14.185989
15 3 13.572467
15 4 14.549419
15 5 12.411885
15 6 14.525479
15 7 11.990163
15 8 12.061265
15 9 11.581204
15 10 12.008432
15 11 12.990976
15 12 13.755647
15 13 14.350997
15 14 14.244856
15 16 11.516437
15 17 11.081274
15 18 13.279584
15 19 13.268514
15 20 12.450348
15 21 11.290338
15 22 14.292600
15 23 13.153351
15 24 12.940740
15 25 12.568722
15 26 11.521396
15 27 14.287963
15 28 11.957374
15 29 11.924876
15 30 11.551674
15 31 11.480244
15 32 14.812060
15 33 14.695789
15 34 11.025426
15 35 14.547204
15 36 13.528994
15 37 13.059402
15 38 12.689649
15 39 12.657725
15 40 12.869652
15 41 11.580471
15 42 13.628802
15 43 12.871909
15 44 11.435206
15 45 14.770946
15 46 12.077366
15 47 11.367129
15 48 12.459749
15 49 14.354241
15 50 14.091890
16 0 11.471264
16 1 12.735851
16 2 11.742245
16 3 14.305166
16 4 14.323327
16 5 13.330623
16 6 12.423983
16 7 11.189943
16 8 13.840415
16 9 10.968609
16 10 13.470770
16 11 12.325544
16 12 13.924487
16 13 13.039544
16 14 11.854632
16 15 11.516437
16 17 11.977185
16 18 11.924403
16 19 12.895337
16 20 14.135530
16 21 13.848130
16 22 14.649607
16 23 12.580283
16 24 13.653738
16 25 11.350333
16 26 11.512990
16 27 13.993971
16 28 13.897527
16 29 12.323205
16 30 12.759624
16 31 14.739559
16 32 12.455855
16 33 13.680207
16 34 11.420768
16 35 12.255140
16 36 11.252547
16 37 11.891039
16 38 13.434096
16 39 13.228946
16 40 12.997426
16 41 11.126849
16 42 14.070938
16 43 14.002897
16 44 14.181629
16 45 12.664554
16 46 12.462569
16 47 13.576957
16 48 11.294069
16 49 14.147855
16 50 14.326624
17 0 14.566805
17 1 12.530348
17 2 12.555047
17 3 14.538751
17 4 11.974962
17 5 14.117535
17 6 11.912467
17 7 14.189905
17 8 12.581740
17 9 14.003521
17 10 12.260972
17 11 14.601745
17 12 11.177657
17 13 12.200860
17 14 14.522551
17 15 11.081274
17 16 11.977185
17 18 14.553425
17 19 11.262285
17 20 13.912365
17 21 11.713768
17 22 13.198650
17 23 13.456973
17 24 12.845305
17 25 12.017647
17 26 11.831647
17 27 11.377071
17 28 13.048724
17 29 12.401804
17 30 13.976062
17 31 11.166092
17 32 11.012876
17 33 13.100114
17 34 13.058529
17 35 13.449113
17 36 11.414176
17 37 12.963626
17 38 11.954727
17 39 14.304726
17 40 12.354431
17 41 13.044399
17 42 14.171285
17 43 13.608566
17 44 14.446108
17 45 14.359583
17 46 12.322711
17 47 12.590248
17 48 12.128653
17 49 14.196747
17 50 12.683025
18 0 12.012772
18 1 12.753280
18 2 11.067878
18 3 11.265980
18 4 10.979856
18 5 13.840353
18 6 11.438781
18 7 13.248517
18 8 12.256948
18 9 14.381605
18 10 13.047244
18 11 14.106350
18 12 11.189637
18 13 13.991833
18 14 11.436682
18 15 13.279584
18 16 11.924403
18 17 14.553425
18 19 14.474513
18 20 12.401993
18 21 13.567485
18 22 12.731592
18 23 13.424132
18 24 12.142340
18 25 11.290069
18 26 13.487897
18 27 13.263463
18 28 12.751881
18 29 11.775812
18 30 12.607036
18 31 11.371367
18 32 13.052194
18 33 14.392748
18 34 13.448407
18 35 12.525036
18 36 11.034870
18 37 14.260042
18 38 14.568003
18 39 13.155002
18 40 13.335828
18 41 11.168792
18 42 11.134418
18 43 11.184582
18 44 13.947879
18 45 14.760352
18 46 11.226897
18 47 13.370286
18 48 14.693968
18 49 14.818097
18 50 13.961122
19 0 11.456671
19 1 12.214833
19 2 12.203423
19 3 12.028267
19 4 12.587576
19 5 13.019698
19 6 11.214235
19 7 11.911140
19 8 14.049957
19 9 12.901364
19 10 11.631067
19 11 14.562061
19 12 11.757153
19 13 12.286274
19 14 12.933706
19 15 13.268514
19 16 12.895337
19 17 11.262285
19 18 14.474513
19 20 12.363835
19 21 12.565845
19 22 12.791441
19 23 13.254749
19 24 12.635677
19 25 11.449396
19 26 13.219835
19 27 12.114467
19 28 14.465519
19 29 12.662019
19 30 13.575226
19 31 12.479296
19 32 12.377601
19 33 11.569775
19 34 13.956859
19 35 12.857760
19 36 11.585811
19 37 14.647134
19 38 14.693265
19 39 12.113250
19 40 14.253651
19 41 12.486189
19 42 12.651899
19 43 14.164979
19 44 12.538737
19 45 14.176725
19 46 11.515815
19 47 12.280242
19 48 13.650331
19 49 12.855577
19 50 11.701786
20 0 14.724528
20 1 11.151232
20 2 12.599190
20 3 12.526919
20 4 14.727389
20 5 10.993531
20 6 13.219449
20 7 12.721980
20 8 14.321477
20 9 14.113412
20 10 13.463297
20 11 13.192424
20 12 11.008927
20 13 12.352100
20 14 13.170889
20 15 12.450348
20 16 14.135530
20 17 13.912365
20 18 12.401993
20 19 12.363835
20 21 12.382873
20 22 12.512595
20 23 11.262255
20 24 14.346490
20 25 10.950684
20 26 13.944566
20 27 14.246288
20 28 14.006588
20 29 12.489961
20 30 13.484381
20 31 13.737925
20 32 12.135840
20 33 13.714023
20 34 11.761325
20 35 13.568173
20 36 14.186355
20 37 14.718663
20 38 13.813148
20 39 11.306142
20 40 11.762545
20 41 14.333757
20 42 13.653123
20 43 11.172444
20 44 14.706486
20 45 11.954864
20 46 13.319802
20 47 11.958796
20 48 12.852921
20 49 13.029068
20 50 11.918892
21 0 14.393324
21 1 11.969026
21 2 13.345063
21 3 14.639105
21 4 12.828685
21 5 14.816979
21 6 12.037257
21 7 12.812907
21 8 13.702991
21 9 12.534553
21 10 11.257522
21 11 14.067956
21 12 11.484944
21 13 12.473364
21 14 12.597935
21 15 11.290338
21 16 13.848130
21 17 11.713768
21 18 13.567485
21 19 12.565845
21 20 12.382873
21 22 12.813920
21 23 13.724933
21 24 12.211168
21 25 14.098623
21 26 14.500241
21 27 11.099055
21 28 11.606614
21 29 12.745103
21 30 13.450240
21 31 12.926850
21 32 14.613023
21 33 14.727188
21 34 14.204772
21 35 11.353910
21 36 14.411708
21 37 12.466412
21 38 11.872401
21 39 13.868159
21 40 11.059402
21 41 14.467260
21 42 12.722189
21 43 14.371796
21 44 11.461889
21 45 12.598983
21 46 11.917868
21 47 14.277648
21 48 11.553807
21 49 14.387992
21 50 13.857611
22 0 14.502730
22 1 13.189732
22 2 14.733609
22 3 11.982303
22 4 13.986387
22 5 14.530754
22 6 12.152019
22 7 13.875300
22 8 13.121679
22 9 12.677300
22 10 12.811802
22 11 12.885856
22 12 13.475856
22 13 13.734332
22 14 14.639330
22 15 14.292600
22 16 14.649607
22 17 13.198650
22 18 12.731592
22 19 12.791441
22 20 12.512595
22 21 12.813920
22 23 11.355415
22 24 12.523364
22 25 14.491592
22 26 12.726725
22 27 12.354894
22 28 13.644222
22 29 11.319514
22 30 12.486529
22 31 11.622840
22 32 14.437731
22 33 14.333132
22 34 13.030506
22 35 11.255626
22 36 14.679080
22 37 13.592946
22 38 10.946917
22 39 14.025820
22 40 13.820620
22 41 13.564456
22 42 11.954534
22 43 11.234521
22 44 14.681442
22 45 13.385382
22 46 13.336250
22 47 14.370919
22 48 14.487041
22 49 13.117822
22 50 14.676316
23 0 13.191517
23 1 11.443801
23 2 14.017935
23 3 13.572893
23 4 14.426111
23 5 13.435232
23 6 14.792719
23 7 12.603187
23 8 11.820786
23 9 13.311606
23 10 14.630528
23 11 11.756011
23 12 12.718454
23 13 13.976693
23 14 12.911030
23 15 13.153351
23 16 12.580283
23 17 13.456973
23 18 13.424132
23 19 13.254749
23 20 11.262255
23 21 13.724933
23 22 11.355415
23 24 14.697689
23 25 12.419308
23 26 14.023220
23 27 13.991279
23 28 13.581250
23 29 14.287071
23 30 12.714307
23 31 11.802563
23 32 12.770017
23 33 12.799775
23 34 13.153066
23 35 11.509454
23 36 13.360875
23 37 14.407114
23 38 13.333805
23 39 14.767871
23 40 11.195854
23 41 12.936351
23 42 14.353508
23 43 11.281209
23 44 11.841480
23 45 11.370258
23 46 12.406997
23 47 14.260896
23 48 14.693041
23 49 12.527504
23 50 14.356151
24 0 12.563977
24 1 11.228563
24 2 11.950707
24 3 11.143452
24 4 14.449164
24 5 13.291477
24 6 12.917712
24 7 14.434517
24 8 14.125466
24 9 14.437688
24 10 11.880701
24 11 11.294710
24 12 13.903805
24 13 13.359690
24 14 14.404412
24 15 12.940740
24 16 13.653738
24 17 12.845305
24 18 12.142340
24 19 12.635677
24 20 14.346490
24 21 12.211168
24 22 12.523364
24 23 14.697689
24 25 11.134636
24 26 14.439440
24 27 13.797775
24 28 11.601626
24 29 11.823668
24 30 13.387751
24 31 14.113932
24 32 11.471852
24 33 13.047071
24 34 12.232414
24 35 12.286161
24 36 11.983527
24 37 14.623622
24 38 11.914472
24 39 12.069432
24 40 13.847067
24 41 12.638482
24 42 12.601067
24 43 11.203957
24 44 14.787973
24 45 11.860134
24 46 13.135280
24 47 13.152310
24 48 11.107038
24 49 12.327153
24 50 14.451754
25 0 14.181195
25 1 12.180439
25 2 13.061652
25 3 14.652710
25 4 12.625284
25 5 14.303981
25 6 14.298321
25 7 14.753898
25 8 12.767997
25 9 14.170067
25 10 11.619864
25 11 11.311492
25 12 12.830783
25 13 11.521748
25 14 11.231794
25 15 12.568722
25 16 11.350333
25 17 12.017647
25 18 11.290069
25 19 11.449396
25 20 10.950684
25 21 14.098623
25 22 14.491592
25 23 12.419308
25 24 11.134636
25 26 12.030717
25 27 14.151763
25 28 12.741563
25 29 13.969888
25 30 12.958291
25 31 10.951266
25 32 13.717640
25 33 12.793217
25 34 14.022540
25 35 11.548521
25 36 14.645688
25 37 13.065317
25 38 14.145655
25 39 14.750400
25 40 14.256649
25 41 13.617482
25 42 11.318147
25 43 13.676207
25 44 12.786486
25 45 14.009317
25 46 13.168296
25 47 14.255329
25 48 11.376763
25 49 13.549625
25 50 11.542102
26 0 10.986266
26 1 11.227908
26 2 14.181488
26 3 14.613658
26 4 13.214640
26 5 10.982162
26 6 11.145650
26 7 13.045481
26 8 12.968180
26 9 13.590493
26 10 12.539583
26 11 12.449193
26 12 14.508255
26 13 14.142921
26 14 14.231850
26 15 11.521396
26 16 11.512990
26 17 11.831647
26 18 13.487897
26 19 13.219835
26 20 13.944566
26 21 14.500241
26 22 12.726725
26 23 14.023220
26 24 14.439440
26 25 12.030717
26 27 12.778725
26 28 13.760660
26 29 13.112011
26 30 12.142774
26 31 12.823616
26 32 12.802600
26 33 13.497349
26 34 13.833582
26 35 13.680240
26 36 13.494063
26 37 12.963280
26 38 12.309270
26 39 13.317655
26 40 11.741694
26 41 11.419866
26 42 13.272689
26 43 14.219619
26 44 14.310189
26 45 14.459892
26 46 14.004858
26 47 13.021698
26 48 12.428183
26 49 10.934115
26 50 12.136436
27 0 12.092958
27 1 13.078346
27 2 13.162287
27 3 13.098130
27 4 13.808770
27 5 14.420675
27 6 13.861365
27 7 14.342755
27 8 11.713749
27 9 11.561198
27 10 12.103765
27 11 14.040353
27 12 10.979421
27 13 13.552387
27 14 14.118324
27 15 14.287963
27 16 13.993971
27 17 11.377071
27 18 13.263463
27 19 12.114467
27 20 14.246288
27 21 11.099055
27 22 12.354894
27 23 13.991279
27 24 13.797775
27 25 14.151763
27 26 12.778725
27 28 14.735699
27 29 12.412440
27 30 11.503105
27 31 13.876027
27 32 14.430119
27 33 14.326986
27 34 11.947620
27 35 12.031076
27 36 14.651303
27 37 13.940485
27 38 11.309702
27 39 11.826477
27 40 13.274343
27 41 13.967471
27 42 13.258213
27 43 13.951411
27 44 13.379176
27 45 11.976880
27 46 14.221222
27 47 13.085749
27 48 13.804627
27 49 11.187820
27 50 11.807656
28 0 12.550260
28 1 13.217609
28 2 13.913293
28 3 12.211510
28 4 13.941760
28 5 13.816304
28 6 12.415950
28 7 13.687323
28 8 12.660877
28 9 13.177835
28 10 14.105474
28 11 14.459916
28 12 13.479852
28 13 13.571880
28 14 12.319045
28 15 11.957374
28 16 13.897527
28 17 13.048724
28 18 12.751881
28 19 14.465519
28 20 14.006588
28 21 11.606614
28 22 13.644222
28 23 13.581250
28 24 11.601626
28 25 12.741563
28 26 13.760660
28 27 14.735699
28 29 11.640897
28 30 11.621328
28 31 11.211279
28 32 12.243681
28 33 12.827297
28 34 12.246232
28 35 12.944171
28 36 13.088255
28 37 13.619328
28 38 14.404338
28 39 11.572704
28 40 13.629036
28 41 14.103942
28 42 11.668588
28 43 11.231766
28 44 13.241342
28 45 12.533278
28 46 14.214477
28 47 13.035867
28 48 14.656439
28 49 14.151585
28 50 13.978026
29 0 12.908912
29 1 13.257033
29 2 12.804472
29 3 14.456266
29 4 14.125670
29 5 14.544065
29 6 11.038299
29 7 12.831574
29 8 11.729575
29 9 11.456527
29 10 11.329396
29 11 13.702295
29 12 11.880483
29 13 12.948801
29 14 13.554609
29 15 11.924876
29 16 12.323205
29 17 12.401804
29 18 11.775812
29 19 12.662019
29 20 12.489961
29 21 12.745103
29 22 11.319514
29 23 14.287071
29 24 11.823668
29 25 13.969888
29 26 13.112011
29 27 12.412440
29 28 11.640897
29 30 12.606898
29 31 12.456027
29 32 11.916732
29 33 13.492524
29 34 14.677607
29 35 13.917208
29 36 12.700314
29 37 14.751869
29 38 12.616312
29 39 11.435432
29 40 13.480576
29 41 11.229174
29 42 11.751794
29 43 12.466360
29 44 11.504792
29 45 14.616833
29 46 13.942959
29 47 12.352589
29 48 11.219708
29 49 12.980582
29 50 12.905299
30 0 14.544595
30 1 13.226226
30 2 11.358094
30 3 11.576524
30 4 14.456996
30 5 10.994545
30 6 12.551714
30 7 12.025350
30 8 12.937712
30 9 11.706439
30 10 14.148540
30 11 12.664066
30 12 11.309521
30 13 14.337915
30 14 14.655838
30 15 11.551674
30 16 12.759624
30 17 13.976062
30 18 12.607036
30 19 13.575226
30 20 13.484381
30 21 13.450240
30 22 12.486529
30 23 12.714307
30 24 13.387751
30 25 12.958291
30 26 12.142774
30 27 11.503105
30 28 11.621328
30 29 12.606898
30 31 13.622642
30 32 12.412940
30 33 14.491374
30 34 11.915881
30 35 13.716031
30 36 11.173450
30 37 13.380614
30 38 11.947394
30 39 14.802108
30 40 13.844086
30 41 12.595034
30 42 14.045359
30 43 12.515696
30 44 12.475912
30 45 13.953183
30 46 12.919294
30 47 11.120630
30 48 12.511207
30 49 14.289897
30 50 14.433685
31 0 13.773133
31 1 13.450718
31 2 11.450667
31 3 11.946973
31 4 12.915082
31 5 13.071820
31 6 11.251938
31 7 14.339931
31 8 11.713361
31 9 13.244830
31 10 11.384662
31 11 14.060498
31 12 11.291920
31 13 12.490045
31 14 11.254410
31 15 11.480244
31 16 14.739559
31 17 11.166092
31 18 11.371367
31 19 12.479296
31 20 13.737925
31 21 12.926850
31 22 11.622840
31 23 11.802563
31 24 14.113932
31 25 10.951266
31 26 12.823616
31 27 13.876027
31 28 11.211279
31 29 12.456027
31 30 13.622642
31 32 12.172914
31 33 13.179694
31 34 11.205606
31 35 12.955317
31 36 11.928170
31 37 12.261477
31 38 13.669186
31 39 11.763844
31 40 11.337053
31 41 11.417042
31 42 13.735304
31 43 11.024970
31 44 14.715078
31 45 11.211911
31 46 14.038871
31 47 13.479217
31 48 13.757925
31 49 12.178200
31 50 14.637307
32 0 11.184034
32 1 12.457654
32 2 11.335528
32 3 12.676248
32 4 14.238615
32 5 12.541306
32 6 14.284854
32 7 13.505140
32 8 10.977833
32 9 14.338514
32 10 12.864884
32 11 13.202027
32 12 12.831869
32 13 12.439357
32 14 11.269497
32 15 14.812060
32 16 12.455855
32 17 11.012876
32 18 13.052194
32 19 12.377601
32 20 12.135840
32 21 14.613023
32 22 14.437731
32 23 12.770017
32 24 11.471852
32 25 13.717640
32 26 12.802600
32 27 14.430119
32 28 12.243681
32 29 11.916732
32 30 12.412940
32 31 12.172914
32 33 11.389966
32 34 11.092316
32 35 14.790913
32 36 12.871282
32 37 11.140728
32 38 10.962403
32 39 11.064935
32 40 11.735726
32 41 12.654551
32 42 12.729297
32 43 12.587147
32 44 12.008254
32 45 11.327547
32 46 13.606378
32 47 11.534484
32 48 11.646329
32 49 11.273797
32 50 13.169960
33 0 11.778083
33 1 11.915676
33 2 13.032717
33 3 11.126256
33 4 11.043851
33 5 12.912080
33 6 14.205942
33 7 13.820331
33 8 13.737665
33 9 14.548606
33 10 14.479117
33 11 14.400950
33 12 14.765567
33 13 11.475879
33 14 12.120955
33 15 14.695789
33 16 13.680207
33 17 13.100114
33 18 14.392748
33 19 11.569775
33 20 13.714023
33 21 14.727188
33 22 14.333132
33 23 12.799775
33 24 13.047071
33 25 12.793217
33 26 13.497349
33 27 14.326986
33 28 12.827297
33 29 13.492524
33 30 14.491374
33 31 13.179694
33 32 11.389966
33 34 11.631849
33 35 12.245459
33 36 11.944029
33 37 12.848098
33 38 12.988279
33 39 14.225232
33 40 12.044089
33 41 11.327186
33 42 11.990769
33 43 14.711659
33 44 11.990827
33 45 12.102797
33 46 12.398094
33 47 11.073781
33 48 13.476234
33 49 12.200323
33 50 12.834840
34 0 11.490625
34 1 13.712659
34 2 14.527846
34 3 11.422818
34 4 13.770748
34 5 11.550596
34 6 12.141172
34 7 13.806983
34 8 14.176978
34 9 13.543821
34 10 13.850482
34 11 11.390193
34 12 13.087130
34 13 11.556610
34 14 13.769144
34 15 11.025426
34 16 11.420768
34 17 13.058529
34 18 13.448407
34 19 13.956859
34 20 11.761325
34 21 14.204772
34 22 13.030506
34 23 13.153066
34 24 12.232414
34 25 14.022540
34 26 13.833582
34 27 11.947620
34 28 12.246232
34 29 14.677607
34 30 11.915881
34 31 11.205606
34 32 11.092316
34 33 11.631849
34 35 12.960636
34 36 13.038431
34 37 12.905298
34 38 13.677333
34 39 11.246472
34 40 11.313701
34 41 12.055129
34 42 13.283131
34 43 14.316103
34 44 13.519074
34 45 11.809653
34 46 14.557480
34 47 12.888885
34 48 11.335020
34 49 11.413845
34 50 12.604933
35 0 11.041574
35 1 14.628763
35 2 11.782379
35 3 11.664037
35 4 11.408266
35 5 13.391584
35 6 13.843180
35 7 14.524804
35 8 12.510334
35 9 11.492411
35 10 11.513736
35 11 14.178090
35 12 12.530694
35 13 12.761421
35 14 13.333053
35 15 14.547204
35 16 12.255140
35 17 13.449113
35 18 12.525036
35 19 12.857760
35 20 13.568173
35 21 11.353910
35 22 11.255626
35 23 11.509454
35 24 12.286161
35 25 11.548521
35 26 13.680240
35 27 12.031076
35 28 12.944171
35 29 13.917208
35 30 13.716031
35 31 12.955317
35 32 14.790913
35 33 12.245459
35 34 12.960636
35 36 14.617655
35 37 12.953222
35 38 12.638010
35 39 12.238460
35 40 11.022484
35 41 13.012041
35 42 12.139966
35 43 12.921546
35 44 11.841190
35 45 12.505841
35 46 11.702322
35 47 14.381230
35 48 12.116526
35 49 11.125369
35 50 11.549225
36 0 12.478924
36 1 13.846515
36 2 14.687640
36 3 12.691824
36 4 12.071403
36 5 13.736315
36 6 12.858934
36 7 14.652024
36 8 12.177980
36 9 11.749275
36 10 13.502564
36 11 11.783331
36 12 11.144358
36 13 13.194905
36 14 13.516291
36 15 13.528994
36 16 11.252547
36 17 11.414176
36 18 11.034870
36 19 11.585811
36 20 14.186355
36 21 14.411708
36 22 14.679080
36 23 13.360875
36 24 11.983527
36 25 14.645688
36 26 13.494063
36 27 14.651303
36 28 13.088255
36 29 12.700314
36 30 11.173450
36 31 11.928170
36 32 12.871282
36 33 11.944029
36 34 13.038431
36 35 14.617655
36 37 14.800055
36 38 11.212273
36 39 12.918820
36 40 12.684391
36 41 13.463270
36 42 14.268863
36 43 14.196338
36 44 14.813999
36 45 11.353739
36 46 13.100008
36 47 11.642896
36 48 13.704302
36 49 13.835851
36 50 12.989804
37 0 13.366603
37 1 14.759862
37 2 14.633956
37 3 12.965364
37 4 11.683990
37 5 14.404878
37 6 11.479810
37 7 14.153721
37 8 11.465036
37 9 11.296172
37 10 11.819031
37 11 14.599936
37 12 11.142924
37 13 12.662105
37 14 13.636426
37 15 13.059402
37 16 11.891039
37 17 12.963626
37 18 14.260042
37 19 14.647134
37 20 14.718663
37 21 12.466412
37 22 13.592946
37 23 14.407114
37 24 14.623622
37 25 13.065317
37 26 12.963280
37 27 13.940485
37 28 13.619328
37 29 14.751869
37 30 13.380614
37 31 12.261477
37 32 11.140728
37 33 12.848098
37 34 12.905298
37 35 12.953222
37 36 14.800055
37 38 11.065182
37 39 11.058666
37 40 11.575471
37 41 12.063784
37 42 11.601928
37 43 14.288075
37 44 11.291133
37 45 13.230551
37 46 12.050939
37 47 13.188824
37 48 12.753411
37 49 14.731246
37 50 12.597488
38 0 13.622612
38 1 14.499832
38 2 11.765367
38 3 12.674013
38 4 12.194933
38 5 14.523741
38 6 12.187157
38 7 14.373116
38 8 11.450964
38 9 12.111138
38 10 12.538805
38 11 13.227328
38 12 11.799624
38 13 12.329918
38 14 12.337213
38 15 12.689649
38 16 13.434096
38 17 11.954727
38 18 14.568003
38 19 14.693265
38 20 13.813148
38 21 11.872401
38 22 10.946917
38 23 13.333805
38 24 11.914472
38 25 14.145655
38 26 12.309270
38 27 11.309702
38 28 14.404338
38 29 12.616312
38 30 11.947394
38 31 13.669186
38 32 10.962403
38 33 12.988279
38 34 13.677333
38 35 12.638010
38 36 11.212273
38 37 11.065182
38 39 12.069076
38 40 11.747948
38 41 11.580354
38 42 12.406126
38 43 11.478303
38 44 14.445025
38 45 12.756205
38 46 12.832525
38 47 12.947605
38 48 13.425496
38 49 13.721951
38 50 13.031773
39 0 13.575917
39 1 12.492977
39 2 14.293557
39 3 14.314908
39 4 13.293909
39 5 12.656840
39 6 11.060898
39 7 14.079753
39 8 13.229789
39 9 13.216757
39 10 11.043628
39 11 12.164747
39 12 14.725371
39 13 12.204693
39 14 12.437175
39 15 12.657725
39 16 13.228946
39 17 14.304726
39 18 13.155002
39 19 12.113250
39 20 11.306142
39 21 13.868159
39 22 14.025820
39 23 14.767871
39 24 12.069432
39 25 14.750400
39 26 13.317655
39 27 11.826477
39 28 11.572704
39 29 11.435432
39 30 14.802108
39 31 11.763844
39 32 11.064935
39 33 14.225232
39 34 11.246472
39 35 12.238460
39 36 12.918820
39 37 11.058666
39 38 12.069076
39 40 14.076843
39 41 14.205405
39 42 12.602421
39 43 12.171883
39 44 13.736520
39 45 11.341849
39 46 14.260976
39 47 13.670901
39 48 11.656309
39 49 14.663705
39 50 11.907433
40 0 12.392283
40 1 12.796761
40 2 12.520391
40 3 12.312665
40 4 14.187224
40 5 11.780741
40 6 11.853477
40 7 14.794914
40 8 12.306810
40 9 14.704263
40 10 14.303804
40 11 12.855508
40 12 12.868519
40 13 13.747951
40 14 12.000364
40 15 12.869652
40 16 12.997426
40 17 12.354431
40 18 13.335828
40 19 14.253651
40 20 11.762545
40 21 11.059402
40 22 13.820620
40 23 11.195854
40 24 13.847067
40 25 14.256649
40 26 11.741694
40 27 13.274343
40 28 13.629036
40 29 13.480576
40 30 13.844086
40 31 11.337053
40 32 11.735726
40 33 12.044089
40 34 11.313701
40 35 11.022484
40 36 12.684391
40 37 11.575471
40 38 11.747948
40 39 14.076843
40 41 13.911916
40 42 13.396989
40 43 13.834640
40 44 13.502991
40 45 10.969471
40 46 13.094859
40 47 14.622730
40 48 13.129018
40 49 12.501594
40 50 11.164960
41 0 14.319759
41 1 11.617257
41 2 12.608418
41 3 11.597753
41 4 12.866492
41 5 11.292247
41 6 11.446870
41 7 13.500880
41 8 11.332707
41 9 12.520365
41 10 13.312278
41 11 12.110301
41 12 14.352492
41 13 11.341527
41 14 14.171175
41 15 11.580471
41 16 11.126849
41 17 13.044399
41 18 11.168792
41 19 12.486189
41 20 14.333757
41 21 14.467260
41 22 13.564456
41 23 12.936351
41 24 12.638482
41 25 13.617482
41 26 11.419866
41 27 13.967471
41 28 14.103942
41 29 11.229174
41 30 12.595034
41 31 11.417042
41 32 12.654551
41 33 11.327186
41 34 12.055129
41 35 13.012041
41 36 13.463270
41 37 12.063784
41 38 11.580354
41 39 14.205405
41 40 13.911916
41 42 12.503690
41 43 12.175591
41 44 11.592243
41 45 14.363234
41 46 11.723076
41 47 12.195817
41 48 14.593539
41 49 14.160929
41 50 11.175975
42 0 14.683276
42 1 11.036379
42 2 12.600229
42 3 10.935156
42 4 12.396926
42 5 14.089360
42 6 13.807935
42 7 12.734010
42 8 11.726844
42 9 11.099265
42 10 12.434334
42 11 14.058664
42 12 11.253116
42 13 11.166275
42 14 11.157495
42 15 13.628802
42 16 14.070938
42 17 14.171285
42 18 11.134418
42 19 12.651899
42 20 13.653123
42 21 12.722189
42 22 11.954534
42 23 14.353508
42 24 12.601067
42 25 11.318147
42 26 13.272689
42 27 13.258213
42 28 11.668588
42 29 11.751794
42 30 14.045359
42 31 13.735304
42 32 12.729297
42 33 11.990769
42 34 13.283131
42 35 12.139966
42 36 14.268863
42 37 11.601928
42 38 12.406126
42 39 12.602421
42 40 13.396989
42 41 12.503690
42 43 12.659394
42 44 13.230767
42 45 14.574150
42 46 12.829446
42 47 13.878427
42 48 11.735295
42 49 10.966759
42 50 11.552713
43 0 14.769807
43 1 12.978905
43 2 11.284302
43 3 12.808125
43 4 13.532092
43 5 12.538152
43 6 11.474097
43 7 12.666810
43 8 14.159556
43 9 10.964095
43 10 13.455702
43 11 10.960677
43 12 14.219946
43 13 14.555215
43 14 14.136192
43 15 12.871909
43 16 14.002897
43 17 13.608566
43 18 11.184582
43 19 14.164979
43 20 11.172444
43 21 14.371796
43 22 11.234521
43 23 11.281209
43 24 11.203957
43 25 13.676207
43 26 14.219619
43 27 13.951411
43 28 11.231766
43 29 12.466360
43 30 12.515696
43 31 11.024970
43 32 12.587147
43 33 14.711659
43 34 14.316103
43 35 12.921546
43 36 14.196338
43 37 14.288075
43 38 11.478303
43 39 12.171883
43 40 13.834640
43 41 12.175591
43 42 12.659394
43 44 14.253478
43 45 12.248755
43 46 14.303357
43 47 14.196666
43 48 11.639448
43 49 14.248054
43 50 14.356355
44 0 13.085445
44 1 13.016881
44 2 11.888127
44 3 12.797526
44 4 12.204737
44 5 13.900047
44 6 13.634610
44 7 12.613286
44 8 12.827279
44 9 14.785742
44 10 12.186123
44 11 12.585881
44 12 13.576121
44 13 14.563915
44 14 14.464444
44 15 11.435206
44 16 14.181629
44 17 14.446108
44 18 13.947879
44 19 12.538737
44 20 14.706486
44 21 11.461889
44 22 14.681442
44 23 11.841480
44 24 14.787973
44 25 12.786486
44 26 14.310189
44 27 13.379176
44 28 13.241342
44 29 11.504792
44 30 12.475912
44 31 14.715078
44 32 12.008254
44 33 11.990827
44 34 13.519074
44 35 11.841190
44 36 14.813999
44 37 11.291133
44 38 14.445025
44 39 13.736520
44 40 13.502991
44 41 11.592243
44 42 13.230767
44 43 14.253478
44 45 11.577349
44 46 11.792964
44 47 11.960955
44 48 13.655312
44 49 13.964495
44 50 13.190026
45 0 12.229612
45 1 12.851899
45 2 14.433626
45 3 12.806286
45 4 11.465938
45 5 13.685960
45 6 12.211337
45 7 13.831716
45 8 12.719372
45 9 12.098259
45 10 14.432638
45 11 13.502643
45 12 14.468138
45 13 12.296898
45 14 12.864079
45 15 14.770946
45 16 12.664554
45 17 14.359583
45 18 14.760352
45 19 14.176725
45 20 11.954864
45 21 12.598983
45 22 13.385382
45 23 11.370258
45 24 11.860134
45 25 14.009317
45 26 14.459892
45 27 11.976880
45 28 12.533278
45 29 14.616833
45 30 13.953183
45 31 11.211911
45 32 11.327547
45 33 12.102797
45 34 11.809653
45 35 12.505841
45 36 11.353739
45 37 13.230551
45 38 12.756205
45 39 11.341849
45 40 10.969471
45 41 14.363234
45 42 14.574150
45 43 12.248755
45 44 11.577349
45 46 13.571196
45 47 12.458860
45 48 11.591135
45 49 13.591303
45 50 13.829078
46 0 14.584473
46 1 11.470346
46 2 14.138778
46 3 11.202326
46 4 11.484135
46 5 14.246672
46 6 11.928533
46 7 13.545497
46 8 12.546913
46 9 11.401505
46 10 12.521133
46 11 14.084987
46 12 12.597104
46 13 12.734237
46 14 12.674117
46 15 12.077366
46 16 12.462569
46 17 12.322711
46 18 11.226897
46 19 11.515815
46 20 13.319802
46 21 11.917868
46 22 13.336250
46 23 12.406997
46 24 13.135280
46 25 13.168296
46 26 14.004858
46 27 14.221222
46 28 14.214477
46 29 13.942959
46 30 12.919294
46 31 14.038871
46 32 13.606378
46 33 12.398094
46 34 14.557480
46 35 11.702322
46 36 13.100008
46 37 12.050939
46 38 12.832525
46 39 14.260976
46 40 13.094859
46 41 11.723076
46 42 12.829446
46 43 14.303357
46 44 11.792964
46 45 13.571196
46 47 11.741286
46 48 11.095258
46 49 11.063634
46 50 11.528469
47 0 11.121842
47 1 11.198022
47 2 12.781872
47 3 14.097079
47 4 11.608891
47 5 13.153917
47 6 11.828292
47 7 11.340092
47 8 12.135750
47 9 11.365007
47 10 14.615618
47 11 12.521058
47 12 11.753152
47 13 12.675968
47 14 14.488864
47 15 11.367129
47 16 13.576957
47 17 12.590248
47 18 13.370286
47 19 12.280242
47 20 11.958796
47 21 14.277648
47 22 14.370919
47 23 14.260896
47 24 13.152310
47 25 14.255329
47 26 13.021698
47 27 13.085749
47 28 13.035867
47 29 12.352589
47 30 11.120630
47 31 13.479217
47 32 11.534484
47 33 11.073781
47 34 12.888885
47 35 14.381230
47 36 11.642896
47 37 13.188824
47 38 12.947605
47 39 13.670901
47 40 14.622730
47 41 12.195817
47 42 13.878427
47 43 14.196666
47 44 11.960955
47 45 12.458860
47 46 11.741286
47 48 14.612307
47 49 12.330888
47 50 11.467302
48 0 13.047456
48 1 14.783409
48 2 12.879530
48 3 13.301336
48 4 12.798564
48 5 12.647814
48 6 12.813089
48 7 12.407009
48 8 12.040881
48 9 13.394614
48 10 11.374026
48 11 12.120986
48 12 11.558436
48 13 11.618539
48 14 12.468149
48 15 12.459749
48 16 11.294069
48 17 12.128653
48 18 14.693968
48 19 13.650331
48 20 12.852921
48 21 11.553807
48 22 14.487041
48 23 14.693041
48 24 11.107038
48 25 11.376763
48 26 12.428183
48 27 13.804627
48 28 14.656439
48 29 11.219708
48 30 12.511207
48 31 13.757925
48 32 11.646329
48 33 13.476234
48 34 11.335020
48 35 12.116526
48 36 13.704302
48 37 12.753411
48 38 13.425496
48 39 11.656309
48 40 13.129018
48 41 14.593539
48 42 11.735295
48 43 11.639448
48 44 13.655312
48 45 11.591135
48 46 11.095258
48 47 14.612307
48 49 12.104102
48 50 13.476004
49 0 14.511350
49 1 11.997375
49 2 14.490845
49 3 12.647942
49 4 14.679952
49 5 13.887195
49 6 12.931153
49 7 12.169951
49 8 12.590955
49 9 12.312579
49 10 14.778787
49 11 12.601465
49 12 12.816317
49 13 12.480191
49 14 14.142990
49 15 14.354241
49 16 14.147855
49 17 14.196747
49 18 14.818097
49 19 12.855577
49 20 13.029068
49 21 14.387992
49 22 13.117822
49 23 12.527504
49 24 12.327153
49 25 13.549625
49 26 10.934115
49 27 11.187820
49 28 14.151585
49 29 12.980582
49 30 14.289897
49 31 12.178200
49 32 11.273797
49 33 12.200323
49 34 11.413845
49 35 11.125369
49 36 13.835851
49 37 14.731246
49 38 13.721951
49 39 14.663705
49 40 12.501594
49 41 14.160929
49 42 10.966759
49 43 14.248054
49 44 13.964495
49 45 13.591303
49 46 11.063634
49 47 12.330888
49 48 12.104102
49 50 14.477213
50 0 13.656913
50 1 14.086476
50 2 13.942175
50 3 11.068190
50 4 14.343054
50 5 13.445286
50 6 12.906683
50 7 14.474540
50 8 12.145181
50 9 13.117379
50 10 12.650427
50 11 13.321765
50 12 11.154638
50 13 11.643256
50 14 13.332419
50 15 14.091890
50 16 14.326624
50 17 12.683025
50 18 13.961122
50 19 11.701786
50 20 11.918892
50 21 13.857611
50 22 14.676316
50 23 14.356151
50 24 14.451754
50 25 11.542102
50 26 12.136436
50 27 11.807656
50 28 13.978026
50 29 12.905299
50 30 14.433685
50 31 14.637307
50 32 13.169960
50 33 12.834840
50 34 12.604933
50 35 11.549225
50 36 12.989804
50 37 12.597488
50 38 13.031773
50 39 11.907433
50 40 11.164960
50 41 11.175975
50 42 11.552713
50 43 14.356355
50 44 13.190026
50 45 13.829078
50 46 11.528469
50 47 11.467302
50 48 13.476004
50 49 14.477213
