# i j vmax_ij_m_per_s; symmetric values generated with Uniform(0.7,0.95)*15.6
0 1 14.135010
0 2 14.049537
0 3 12.680961
0 4 12.881030
0 5 12.290428
0 6 12.384991
0 7 13.929634
0 8 12.825529
0 9 11.746513
0 10 14.506369
0 11 14.098987
0 12 14.010090
0 13 12.318389
0 14 11.758245
0 15 13.293093
0 16 13.238561
0 17 11.137028
0 18 13.225358
0 19 12.427004
0 20 14.267747
0 21 11.176819
0 22 13.736051
0 23 11.033217
0 24 13.208255
0 25 11.557262
0 26 14.351507
0 27 14.204784
0 28 11.919707
0 29 14.200073
0 30 12.805849
0 31 13.590901
0 32 14.545111
0 33 14.266302
0 34 12.347921
0 35 12.492535
0 36 12.356515
0 37 12.281563
0 38 13.951044
0 39 13.658047
0 40 12.359636
0 41 12.056570
0 42 11.993165
0 43 14.641269
0 44 11.016862
0 45 12.250841
0 46 14.027957
0 47 13.667336
0 48 13.764925
0 49 14.127346
0 50 12.791243
1 0 14.135010
1 2 13.644015
1 3 12.701161
1 4 12.989072
1 5 11.941312
1 6 12.284124
1 7 14.335438
1 8 14.038087
1 9 12.497947
1 10 11.674640
1 11 11.057489
1 12 11.484898
1 13 11.987810
1 14 14.397449
1 15 12.718846
1 16 13.391579
1 17 11.324991
1 18 12.605165
1 19 13.176472
1 20 11.669184
1 21 12.993966
1 22 14.713066
1 23 14.329416
1 24 14.768746
1 25 14.789093
1 26 11.685367
1 27 14.428548
1 28 12.391485
1 29 14.471316
1 30 13.770780
1 31 11.874264
1 32 11.581420
1 33 12.459518
1 34 13.528738
1 35 14.498723
1 36 11.554061
1 37 12.590569
1 38 14.460773
1 39 12.263619
1 40 14.000778
1 41 11.512790
1 42 14.284261
1 43 12.205628
1 44 13.912762
1 45 13.080256
1 46 14.542194
1 47 11.968540
1 48 12.418436
1 49 13.708675
1 50 11.769806
2 0 14.049537
2 1 13.644015
2 3 10.937532
2 4 10.974611
2 5 13.214970
2 6 12.010898
2 7 13.051564
2 8 12.740498
2 9 13.678200
2 10 11.013381
2 11 12.402783
2 12 14.399724
2 13 12.338678
2 14 12.830823
2 15 12.848078
2 16 13.784417
2 17 13.343742
2 18 12.132861
2 19 11.508017
2 20 12.154681
2 21 14.121791
2 22 11.434382
2 23 13.922782
2 24 11.368782
2 25 14.449098
2 26 13.889043
2 27 12.984577
2 28 13.356519
2 29 11.298086
2 30 11.751380
2 31 13.673351
2 32 13.185358
2 33 11.838987
2 34 13.973274
2 35 14.591143
2 36 13.175759
2 37 14.432189
2 38 12.937575
2 39 14.668617
2 40 13.262903
2 41 14.097973
2 42 12.125162
2 43 13.040603
2 44 11.373648
2 45 13.833555
2 46 12.033766
2 47 11.763725
2 48 13.093548
2 49 12.442289
2 50 11.234191
3 0 12.680961
3 1 12.701161
3 2 10.937532
3 4 13.130612
3 5 12.794803
3 6 10.931490
3 7 10.996574
3 8 11.169915
3 9 14.782533
3 10 11.968265
3 11 14.687897
3 12 12.454979
3 13 10.955394
3 14 10.935515
3 15 10.939064
3 16 11.236785
3 17 14.374134
3 18 11.517051
3 19 14.280031
3 20 11.751719
3 21 11.045531
3 22 11.904744
3 23 14.677295
3 24 12.799366
3 25 11.296361
3 26 14.666707
3 27 11.071903
3 28 13.643582
3 29 14.253629
3 30 11.292779
3 31 13.262695
3 32 13.920981
3 33 13.053429
3 34 12.387690
3 35 10.974708
3 36 11.782189
3 37 11.567179
3 38 13.729253
3 39 14.782346
3 40 12.671939
3 41 13.852444
3 42 12.942809
3 43 11.149701
3 44 13.856035
3 45 11.669209
3 46 11.632869
3 47 12.548778
3 48 11.847150
3 49 14.536759
3 50 13.649613
4 0 12.881030
4 1 12.989072
4 2 10.974611
4 3 13.130612
4 5 12.736186
4 6 12.634988
4 7 12.791682
4 8 12.448387
4 9 13.485001
4 10 14.169935
4 11 12.087410
4 12 11.578758
4 13 11.839952
4 14 12.589019
4 15 14.281903
4 16 14.557924
4 17 11.460033
4 18 12.426703
4 19 13.729327
4 20 14.386950
4 21 11.920844
4 22 13.206440
4 23 13.311733
4 24 11.248424
4 25 11.711724
4 26 14.796431
4 27 12.928216
4 28 14.297381
4 29 14.515253
4 30 11.047804
4 31 11.455775
4 32 13.656488
4 33 13.422570
4 34 13.998120
4 35 13.479682
4 36 12.143884
4 37 13.311978
4 38 12.680100
4 39 13.698099
4 40 13.817122
4 41 12.350949
4 42 12.817860
4 43 13.815583
4 44 11.466357
4 45 12.268396
4 46 11.823858
4 47 14.266583
4 48 13.067528
4 49 14.540091
4 50 12.582371
5 0 12.290428
5 1 11.941312
5 2 13.214970
5 3 12.794803
5 4 12.736186
5 6 12.598343
5 7 12.405645
5 8 11.207614
5 9 13.007134
5 10 12.774901
5 11 11.227931
5 12 13.302228
5 13 11.417020
5 14 10.992923
5 15 11.225050
5 16 12.719593
5 17 11.422283
5 18 11.279958
5 19 11.183157
5 20 12.878325
5 21 12.845118
5 22 14.761599
5 23 11.041442
5 24 13.073719
5 25 11.597107
5 26 14.437002
5 27 10.985476
5 28 12.905086
5 29 12.471304
5 30 13.795381
5 31 12.585495
5 32 11.180202
5 33 11.124984
5 34 13.454809
5 35 12.337927
5 36 14.450459
5 37 14.574372
5 38 14.749520
5 39 11.378995
5 40 13.282738
5 41 12.350384
5 42 12.818288
5 43 13.835545
5 44 12.032837
5 45 13.426375
5 46 14.462392
5 47 13.286665
5 48 11.182018
5 49 14.246514
5 50 11.431392
6 0 12.384991
6 1 12.284124
6 2 12.010898
6 3 10.931490
6 4 12.634988
6 5 12.598343
6 7 11.935598
6 8 11.226121
6 9 14.089225
6 10 12.778316
6 11 14.743483
6 12 12.744780
6 13 12.652077
6 14 12.570652
6 15 13.826647
6 16 12.402598
6 17 13.232660
6 18 13.614041
6 19 13.867299
6 20 11.544501
6 21 13.036348
6 22 11.473276
6 23 12.895463
6 24 13.636589
6 25 11.523193
6 26 14.156361
6 27 12.503487
6 28 14.754893
6 29 13.000931
6 30 13.983497
6 31 14.668966
6 32 12.238399
6 33 11.308931
6 34 13.385711
6 35 14.806488
6 36 14.493183
6 37 12.224864
6 38 13.174867
6 39 11.052198
6 40 12.716413
6 41 11.248589
6 42 12.861852
6 43 13.653577
6 44 13.770686
6 45 11.406499
6 46 14.235269
6 47 14.813866
6 48 12.153290
6 49 14.517002
6 50 11.348104
7 0 13.929634
7 1 14.335438
7 2 13.051564
7 3 10.996574
7 4 12.791682
7 5 12.405645
7 6 11.935598
7 8 12.549263
7 9 11.716306
7 10 13.106263
7 11 14.606567
7 12 11.726592
7 13 11.986574
7 14 11.420417
7 15 11.581948
7 16 11.101304
7 17 13.280234
7 18 11.426940
7 19 13.159208
7 20 13.310834
7 21 13.509059
7 22 12.034666
7 23 12.395675
7 24 14.647963
7 25 12.854952
7 26 12.454386
7 27 13.315899
7 28 11.674331
7 29 13.025830
7 30 11.259314
7 31 11.546623
7 32 12.421609
7 33 10.989718
7 34 13.937599
7 35 14.189659
7 36 13.578147
7 37 11.076391
7 38 13.559131
7 39 13.844183
7 40 13.014073
7 41 12.335701
7 42 11.246211
7 43 13.696441
7 44 10.997238
7 45 13.583623
7 46 11.949033
7 47 11.770991
7 48 12.325140
7 49 13.738337
7 50 14.399668
8 0 12.825529
8 1 14.038087
8 2 12.740498
8 3 11.169915
8 4 12.448387
8 5 11.207614
8 6 11.226121
8 7 12.549263
8 9 11.671354
8 10 13.551456
8 11 14.450625
8 12 12.547159
8 13 14.195041
8 14 12.404243
8 15 14.577639
8 16 13.016221
8 17 14.120297
8 18 14.619718
8 19 11.342998
8 20 12.303535
8 21 12.237197
8 22 11.512231
8 23 13.695162
8 24 12.919646
8 25 11.587997
8 26 13.573523
8 27 11.915574
8 28 11.595038
8 29 12.364174
8 30 11.489584
8 31 13.157413
8 32 11.260722
8 33 11.904285
8 34 11.638945
8 35 11.813516
8 36 12.998070
8 37 14.018290
8 38 14.056809
8 39 13.019379
8 40 14.347812
8 41 12.709357
8 42 11.739642
8 43 14.034173
8 44 13.012973
8 45 12.926363
8 46 11.573023
8 47 13.330676
8 48 14.510291
8 49 11.868905
8 50 11.245738
9 0 11.746513
9 1 12.497947
9 2 13.678200
9 3 14.782533
9 4 13.485001
9 5 13.007134
9 6 14.089225
9 7 11.716306
9 8 11.671354
9 10 13.846498
9 11 11.971058
9 12 13.196291
9 13 12.162678
9 14 11.109942
9 15 12.795424
9 16 11.936572
9 17 12.521876
9 18 13.387540
9 19 12.625552
9 20 13.756152
9 21 13.387490
9 22 13.857277
9 23 13.381829
9 24 13.567347
9 25 11.041484
9 26 14.662268
9 27 10.953317
9 28 11.748015
9 29 11.104141
9 30 12.260526
9 31 11.318195
9 32 13.939458
9 33 12.087066
9 34 13.734380
9 35 14.517481
9 36 13.108529
9 37 14.756398
9 38 12.498817
9 39 11.641446
9 40 13.151279
9 41 11.679446
9 42 13.615356
9 43 14.569450
9 44 10.947857
9 45 12.204842
9 46 12.268963
9 47 11.939883
9 48 11.405730
9 49 12.855972
9 50 14.158675
10 0 14.506369
10 1 11.674640
10 2 11.013381
10 3 11.968265
10 4 14.169935
10 5 12.774901
10 6 12.778316
10 7 13.106263
10 8 13.551456
10 9 13.846498
10 11 12.575402
10 12 11.874074
10 13 11.202274
10 14 11.029325
10 15 11.298041
10 16 10.952617
10 17 12.645706
10 18 12.946374
10 19 14.488735
10 20 11.405312
10 21 14.168223
10 22 11.314351
10 23 13.831616
10 24 12.269863
10 25 12.689541
10 26 14.530949
10 27 11.528333
10 28 13.366925
10 29 11.021050
10 30 13.626269
10 31 11.646515
10 32 14.507254
10 33 11.097888
10 34 11.461191
10 35 11.841774
10 36 11.247494
10 37 14.671839
10 38 13.402164
10 39 12.896446
10 40 12.158284
10 41 11.549685
10 42 13.939402
10 43 11.831924
10 44 13.571794
10 45 11.485746
10 46 12.289081
10 47 14.100565
10 48 12.983448
10 49 14.702740
10 50 11.255930
11 0 14.098987
11 1 11.057489
11 2 12.402783
11 3 14.687897
11 4 12.087410
11 5 11.227931
11 6 14.743483
11 7 14.606567
11 8 14.450625
11 9 11.971058
11 10 12.575402
11 12 11.337302
11 13 11.112195
11 14 11.791902
11 15 11.067432
11 16 11.540091
11 17 12.969952
11 18 13.300826
11 19 12.184053
11 20 13.219827
11 21 12.674410
11 22 10.944161
11 23 11.089364
11 24 14.305030
11 25 13.538683
11 26 13.742558
11 27 11.766121
11 28 12.705103
11 29 12.538807
11 30 11.471596
11 31 13.589854
11 32 14.771768
11 33 13.854870
11 34 12.858377
11 35 13.058874
11 36 11.959505
11 37 14.672691
11 38 12.629488
11 39 14.169889
11 40 13.454775
11 41 14.513689
11 42 12.392964
11 43 14.321488
11 44 13.713279
11 45 14.642505
11 46 12.735971
11 47 13.382342
11 48 14.376993
11 49 12.917320
11 50 12.912431
12 0 14.010090
12 1 11.484898
12 2 14.399724
12 3 12.454979
12 4 11.578758
12 5 13.302228
12 6 12.744780
12 7 11.726592
12 8 12.547159
12 9 13.196291
12 10 11.874074
12 11 11.337302
12 13 12.054212
12 14 10.977057
12 15 11.173556
12 16 13.331066
12 17 13.264561
12 18 14.331480
12 19 11.756790
12 20 11.106079
12 21 11.244370
12 22 13.139734
12 23 13.455551
12 24 13.146443
12 25 12.813018
12 26 13.504775
12 27 13.029053
12 28 11.338183
12 29 13.457206
12 30 12.847164
12 31 14.546471
12 32 11.424586
12 33 11.417061
12 34 14.009932
12 35 13.414544
12 36 13.989123
12 37 11.718593
12 38 13.893104
12 39 11.932176
12 40 11.394195
12 41 11.262363
12 42 11.212490
12 43 13.243973
12 44 13.757296
12 45 14.651041
12 46 14.283843
12 47 13.687287
12 48 12.125614
12 49 13.530429
12 50 13.148452
13 0 12.318389
13 1 11.987810
13 2 12.338678
13 3 10.955394
13 4 11.839952
13 5 11.417020
13 6 12.652077
13 7 11.986574
13 8 14.195041
13 9 12.162678
13 10 11.202274
13 11 11.112195
13 12 12.054212
13 14 11.828200
13 15 11.041325
13 16 12.384230
13 17 12.773806
13 18 11.328127
13 19 12.619908
13 20 14.201505
13 21 12.411971
13 22 11.358267
13 23 14.545608
13 24 13.345513
13 25 14.233045
13 26 13.748468
13 27 13.878120
13 28 13.090898
13 29 14.181620
13 30 13.138169
13 31 14.530527
13 32 12.803002
13 33 14.549537
13 34 13.115414
13 35 14.449536
13 36 11.000948
13 37 14.004004
13 38 14.710762
13 39 12.139527
13 40 11.708348
13 41 11.440782
13 42 12.211166
13 43 13.071714
13 44 12.438097
13 45 12.759341
13 46 11.852342
13 47 11.602731
13 48 14.747412
13 49 13.065576
13 50 11.782803
14 0 11.758245
14 1 14.397449
14 2 12.830823
14 3 10.935515
14 4 12.589019
14 5 10.992923
14 6 12.570652
14 7 11.420417
14 8 12.404243
14 9 11.109942
14 10 11.029325
14 11 11.791902
14 12 10.977057
14 13 11.828200
14 15 11.868722
14 16 11.606457
14 17 12.515967
14 18 14.770791
14 19 13.496294
14 20 14.034707
14 21 13.218285
14 22 14.405379
14 23 11.377829
14 24 12.434959
14 25 13.970877
14 26 12.818654
14 27 10.992641
14 28 14.066095
14 29 13.700133
14 30 13.717948
14 31 13.129780
14 32 13.746400
14 33 11.246213
14 34 14.679538
14 35 14.109378
14 36 14.656209
14 37 13.179122
14 38 11.400085
14 39 13.499114
14 40 12.371202
14 41 11.969098
14 42 14.159011
14 43 14.641303
14 44 12.001355
14 45 14.796148
14 46 11.203916
14 47 14.388549
14 48 14.430638
14 49 12.941247
14 50 14.670451
15 0 13.293093
15 1 12.718846
15 2 12.848078
15 3 10.939064
15 4 14.281903
15 5 11.225050
15 6 13.826647
15 7 11.581948
15 8 14.577639
15 9 12.795424
15 10 11.298041
15 11 11.067432
15 12 11.173556
15 13 11.041325
15 14 11.868722
15 16 12.359051
15 17 13.659212
15 18 13.083242
15 19 11.782132
15 20 14.009673
15 21 11.701674
15 22 12.648946
15 23 13.058037
15 24 12.753878
15 25 13.644045
15 26 14.527164
15 27 11.477516
15 28 13.185304
15 29 12.033449
15 30 13.439047
15 31 12.795048
15 32 11.875099
15 33 12.140455
15 34 14.621944
15 35 11.633211
15 36 12.338713
15 37 11.063547
15 38 12.875618
15 39 14.367605
15 40 13.769026
15 41 13.606822
15 42 13.966445
15 43 13.188600
15 44 11.041089
15 45 11.071921
15 46 14.655561
15 47 12.260125
15 48 11.652275
15 49 13.983394
15 50 13.024983
16 0 13.238561
16 1 13.391579
16 2 13.784417
16 3 11.236785
16 4 14.557924
16 5 12.719593
16 6 12.402598
16 7 11.101304
16 8 13.016221
16 9 11.936572
16 10 10.952617
16 11 11.540091
16 12 13.331066
16 13 12.384230
16 14 11.606457
16 15 12.359051
16 17 13.404826
16 18 10.985606
16 19 11.416118
16 20 12.541681
16 21 14.002582
16 22 13.466014
16 23 13.077682
16 24 11.869184
16 25 14.153673
16 26 14.726796
16 27 12.195296
16 28 14.390734
16 29 11.480953
16 30 14.407234
16 31 13.911909
16 32 14.003994
16 33 14.279379
16 34 14.324066
16 35 14.155079
16 36 12.946566
16 37 14.636790
16 38 14.005530
16 39 12.784310
16 40 11.606053
16 41 14.368766
16 42 14.049584
16 43 14.134568
16 44 12.137808
16 45 13.886154
16 46 11.742166
16 47 11.535788
16 48 11.994281
16 49 10.948165
16 50 11.469728
17 0 11.137028
17 1 11.324991
17 2 13.343742
17 3 14.374134
17 4 11.460033
17 5 11.422283
17 6 13.232660
17 7 13.280234
17 8 14.120297
17 9 12.521876
17 10 12.645706
17 11 12.969952
17 12 13.264561
17 13 12.773806
17 14 12.515967
17 15 13.659212
17 16 13.404826
17 18 12.937232
17 19 11.227263
17 20 14.367308
17 21 11.477652
17 22 11.877675
17 23 12.107877
17 24 13.355047
17 25 14.215092
17 26 12.782915
17 27 11.413457
17 28 14.592229
17 29 11.573651
17 30 12.547640
17 31 11.961383
17 32 14.648758
17 33 14.091678
17 34 14.202035
17 35 12.149935
17 36 11.406387
17 37 11.217054
17 38 11.665764
17 39 11.899377
17 40 11.269770
17 41 11.282472
17 42 14.410039
17 43 14.550306
17 44 14.450503
17 45 14.027088
17 46 12.292322
17 47 13.817558
17 48 12.005293
17 49 13.862020
17 50 14.768778
18 0 13.225358
18 1 12.605165
18 2 12.132861
18 3 11.517051
18 4 12.426703
18 5 11.279958
18 6 13.614041
18 7 11.426940
18 8 14.619718
18 9 13.387540
18 10 12.946374
18 11 13.300826
18 12 14.331480
18 13 11.328127
18 14 14.770791
18 15 13.083242
18 16 10.985606
18 17 12.937232
18 19 12.620855
18 20 11.887483
18 21 11.619991
18 22 11.039223
18 23 11.719007
18 24 10.955404
18 25 13.761321
18 26 11.474607
18 27 13.686113
18 28 14.734083
18 29 11.225473
18 30 12.000990
18 31 10.954102
18 32 14.036911
18 33 11.958545
18 34 13.599570
18 35 13.126091
18 36 13.561242
18 37 12.968147
18 38 10.924560
18 39 13.163741
18 40 12.914759
18 41 11.754834
18 42 13.893928
18 43 12.514514
18 44 12.031775
18 45 13.389259
18 46 11.394783
18 47 14.509801
18 48 11.067907
18 49 10.942456
18 50 14.073266
19 0 12.427004
19 1 13.176472
19 2 11.508017
19 3 14.280031
19 4 13.729327
19 5 11.183157
19 6 13.867299
19 7 13.159208
19 8 11.342998
19 9 12.625552
19 10 14.488735
19 11 12.184053
19 12 11.756790
19 13 12.619908
19 14 13.496294
19 15 11.782132
19 16 11.416118
19 17 11.227263
19 18 12.620855
19 20 11.708217
19 21 14.260940
19 22 13.250117
19 23 12.608436
19 24 13.501892
19 25 11.650253
19 26 14.447595
19 27 11.513559
19 28 12.414286
19 29 13.170416
19 30 13.029027
19 31 12.118965
19 32 13.124360
19 33 11.507791
19 34 12.827321
19 35 11.629735
19 36 12.910852
19 37 12.182060
19 38 12.708861
19 39 11.166110
19 40 12.649352
19 41 12.898738
19 42 13.476900
19 43 13.987015
19 44 12.018629
19 45 13.624085
19 46 11.553037
19 47 11.984059
19 48 12.448819
19 49 12.334609
19 50 13.449525
20 0 14.267747
20 1 11.669184
20 2 12.154681
20 3 11.751719
20 4 14.386950
20 5 12.878325
20 6 11.544501
20 7 13.310834
20 8 12.303535
20 9 13.756152
20 10 11.405312
20 11 13.219827
20 12 11.106079
20 13 14.201505
20 14 14.034707
20 15 14.009673
20 16 12.541681
20 17 14.367308
20 18 11.887483
20 19 11.708217
20 21 13.944748
20 22 11.261481
20 23 14.297256
20 24 12.899854
20 25 11.325009
20 26 13.044265
20 27 13.846281
20 28 11.118166
20 29 11.348707
20 30 12.541561
20 31 11.535627
20 32 13.651463
20 33 12.246765
20 34 14.515271
20 35 13.713057
20 36 13.873861
20 37 12.822810
20 38 14.737248
20 39 13.722315
20 40 14.369977
20 41 12.149225
20 42 12.841688
20 43 11.961563
20 44 14.628602
20 45 11.490317
20 46 11.414586
20 47 13.083711
20 48 14.102138
20 49 11.452155
20 50 14.365902
21 0 11.176819
21 1 12.993966
21 2 14.121791
21 3 11.045531
21 4 11.920844
21 5 12.845118
21 6 13.036348
21 7 13.509059
21 8 12.237197
21 9 13.387490
21 10 14.168223
21 11 12.674410
21 12 11.244370
21 13 12.411971
21 14 13.218285
21 15 11.701674
21 16 14.002582
21 17 11.477652
21 18 11.619991
21 19 14.260940
21 20 13.944748
21 22 12.219388
21 23 13.813470
21 24 14.079417
21 25 14.537117
21 26 13.607847
21 27 13.357421
21 28 12.250520
21 29 14.253979
21 30 12.099720
21 31 12.227427
21 32 13.223118
21 33 13.456069
21 34 12.864961
21 35 11.739850
21 36 11.118306
21 37 12.197121
21 38 11.501213
21 39 13.229005
21 40 12.721187
21 41 13.922766
21 42 12.989566
21 43 12.524846
21 44 14.787076
21 45 13.856528
21 46 12.309000
21 47 13.002175
21 48 11.647879
21 49 13.565731
21 50 10.983376
22 0 13.736051
22 1 14.713066
22 2 11.434382
22 3 11.904744
22 4 13.206440
22 5 14.761599
22 6 11.473276
22 7 12.034666
22 8 11.512231
22 9 13.857277
22 10 11.314351
22 11 10.944161
22 12 13.139734
22 13 11.358267
22 14 14.405379
22 15 12.648946
22 16 13.466014
22 17 11.877675
22 18 11.039223
22 19 13.250117
22 20 11.261481
22 21 12.219388
22 23 12.100872
22 24 12.395245
22 25 11.114082
22 26 13.001265
22 27 13.047938
22 28 12.920722
22 29 12.029504
22 30 11.611261
22 31 12.397817
22 32 13.358255
22 33 14.150752
22 34 11.530104
22 35 14.473402
22 36 14.562466
22 37 14.720137
22 38 13.166265
22 39 11.179855
22 40 11.710624
22 41 13.391201
22 42 13.631626
22 43 11.539055
22 44 11.208639
22 45 13.568904
22 46 11.673704
22 47 11.172022
22 48 13.698882
22 49 13.713505
22 50 13.567370
23 0 11.033217
23 1 14.329416
23 2 13.922782
23 3 14.677295
23 4 13.311733
23 5 11.041442
23 6 12.895463
23 7 12.395675
23 8 13.695162
23 9 13.381829
23 10 13.831616
23 11 11.089364
23 12 13.455551
23 13 14.545608
23 14 11.377829
23 15 13.058037
23 16 13.077682
23 17 12.107877
23 18 11.719007
23 19 12.608436
23 20 14.297256
23 21 13.813470
23 22 12.100872
23 24 14.650240
23 25 14.786377
23 26 12.657905
23 27 14.495996
23 28 11.918339
23 29 13.888893
23 30 14.687608
23 31 13.273723
23 32 11.210309
23 33 12.297399
23 34 14.532202
23 35 12.667025
23 36 13.403110
23 37 11.344530
23 38 14.017076
23 39 13.667970
23 40 13.420821
23 41 13.767963
23 42 13.001701
23 43 13.821894
23 44 13.730593
23 45 13.972859
23 46 13.050020
23 47 11.284204
23 48 13.202659
23 49 11.943714
23 50 14.044743
24 0 13.208255
24 1 14.768746
24 2 11.368782
24 3 12.799366
24 4 11.248424
24 5 13.073719
24 6 13.636589
24 7 14.647963
24 8 12.919646
24 9 13.567347
24 10 12.269863
24 11 14.305030
24 12 13.146443
24 13 13.345513
24 14 12.434959
24 15 12.753878
24 16 11.869184
24 17 13.355047
24 18 10.955404
24 19 13.501892
24 20 12.899854
24 21 14.079417
24 22 12.395245
24 23 14.650240
24 25 14.660257
24 26 11.678405
24 27 13.658280
24 28 14.210598
24 29 11.475040
24 30 14.138489
24 31 12.501555
24 32 11.453865
24 33 12.953896
24 34 12.703281
24 35 13.455464
24 36 13.919477
24 37 13.403759
24 38 11.235146
24 39 11.584408
24 40 14.753419
24 41 11.626938
24 42 11.959729
24 43 13.603810
24 44 11.018267
24 45 14.149895
24 46 11.611946
24 47 13.973840
24 48 10.986707
24 49 11.748612
24 50 11.076457
25 0 11.557262
25 1 14.789093
25 2 14.449098
25 3 11.296361
25 4 11.711724
25 5 11.597107
25 6 11.523193
25 7 12.854952
25 8 11.587997
25 9 11.041484
25 10 12.689541
25 11 13.538683
25 12 12.813018
25 13 14.233045
25 14 13.970877
25 15 13.644045
25 16 14.153673
25 17 14.215092
25 18 13.761321
25 19 11.650253
25 20 11.325009
25 21 14.537117
25 22 11.114082
25 23 14.786377
25 24 14.660257
25 26 13.013208
25 27 14.134601
25 28 14.593993
25 29 12.508708
25 30 11.473412
25 31 10.965615
25 32 11.261569
25 33 13.392181
25 34 13.845015
25 35 12.024018
25 36 11.112741
25 37 14.243917
25 38 11.585148
25 39 14.778433
25 40 13.617054
25 41 11.827515
25 42 11.437469
25 43 14.616249
25 44 13.865635
25 45 11.373936
25 46 12.567430
25 47 10.938723
25 48 12.399670
25 49 12.692279
25 50 14.698945
26 0 14.351507
26 1 11.685367
26 2 13.889043
26 3 14.666707
26 4 14.796431
26 5 14.437002
26 6 14.156361
26 7 12.454386
26 8 13.573523
26 9 14.662268
26 10 14.530949
26 11 13.742558
26 12 13.504775
26 13 13.748468
26 14 12.818654
26 15 14.527164
26 16 14.726796
26 17 12.782915
26 18 11.474607
26 19 14.447595
26 20 13.044265
26 21 13.607847
26 22 13.001265
26 23 12.657905
26 24 11.678405
26 25 13.013208
26 27 13.438055
26 28 11.767025
26 29 13.181678
26 30 12.985709
26 31 12.304606
26 32 13.956307
26 33 13.403862
26 34 13.732158
26 35 12.364382
26 36 14.184372
26 37 12.516662
26 38 12.956946
26 39 13.915340
26 40 11.116094
26 41 14.707625
26 42 11.104270
26 43 12.559827
26 44 14.389303
26 45 13.631042
26 46 12.356397
26 47 12.626199
26 48 14.241116
26 49 12.311281
26 50 12.037613
27 0 14.204784
27 1 14.428548
27 2 12.984577
27 3 11.071903
27 4 12.928216
27 5 10.985476
27 6 12.503487
27 7 13.315899
27 8 11.915574
27 9 10.953317
27 10 11.528333
27 11 11.766121
27 12 13.029053
27 13 13.878120
27 14 10.992641
27 15 11.477516
27 16 12.195296
27 17 11.413457
27 18 13.686113
27 19 11.513559
27 20 13.846281
27 21 13.357421
27 22 13.047938
27 23 14.495996
27 24 13.658280
27 25 14.134601
27 26 13.438055
27 28 11.841083
27 29 14.314522
27 30 12.423435
27 31 14.689864
27 32 13.173546
27 33 14.059931
27 34 12.107711
27 35 12.867072
27 36 14.778433
27 37 12.588983
27 38 13.231538
27 39 14.699504
27 40 12.693265
27 41 11.328305
27 42 14.719363
27 43 11.651811
27 44 12.892077
27 45 12.976151
27 46 13.660851
27 47 13.418020
27 48 13.975277
27 49 12.144438
27 50 11.866884
28 0 11.919707
28 1 12.391485
28 2 13.356519
28 3 13.643582
28 4 14.297381
28 5 12.905086
28 6 14.754893
28 7 11.674331
28 8 11.595038
28 9 11.748015
28 10 13.366925
28 11 12.705103
28 12 11.338183
28 13 13.090898
28 14 14.066095
28 15 13.185304
28 16 14.390734
28 17 14.592229
28 18 14.734083
28 19 12.414286
28 20 11.118166
28 21 12.250520
28 22 12.920722
28 23 11.918339
28 24 14.210598
28 25 14.593993
28 26 11.767025
28 27 11.841083
28 29 12.292332
28 30 11.250523
28 31 13.825502
28 32 11.185422
28 33 12.765960
28 34 12.836080
28 35 11.423421
28 36 14.645586
28 37 12.963542
28 38 12.855645
28 39 12.634318
28 40 10.964992
28 41 11.435008
28 42 12.227579
28 43 11.415126
28 44 11.555383
28 45 12.458898
28 46 12.514738
28 47 12.722777
28 48 11.915990
28 49 12.406588
28 50 14.428797
29 0 14.200073
29 1 14.471316
29 2 11.298086
29 3 14.253629
29 4 14.515253
29 5 12.471304
29 6 13.000931
29 7 13.025830
29 8 12.364174
29 9 11.104141
29 10 11.021050
29 11 12.538807
29 12 13.457206
29 13 14.181620
29 14 13.700133
29 15 12.033449
29 16 11.480953
29 17 11.573651
29 18 11.225473
29 19 13.170416
29 20 11.348707
29 21 14.253979
29 22 12.029504
29 23 13.888893
29 24 11.475040
29 25 12.508708
29 26 13.181678
29 27 14.314522
29 28 12.292332
29 30 13.355527
29 31 12.586080
29 32 13.964382
29 33 14.290373
29 34 14.432862
29 35 12.463613
29 36 12.443081
29 37 12.943093
29 38 11.612319
29 39 13.351772
29 40 11.695685
29 41 10.964727
29 42 13.124914
29 43 12.179964
29 44 11.415057
29 45 14.606508
29 46 11.215216
29 47 13.928776
29 48 12.891169
29 49 13.767259
29 50 11.074491
30 0 12.805849
30 1 13.770780
30 2 11.751380
30 3 11.292779
30 4 11.047804
30 5 13.795381
30 6 13.983497
30 7 11.259314
30 8 11.489584
30 9 12.260526
30 10 13.626269
30 11 11.471596
30 12 12.847164
30 13 13.138169
30 14 13.717948
30 15 13.439047
30 16 14.407234
30 17 12.547640
30 18 12.000990
30 19 13.029027
30 20 12.541561
30 21 12.099720
30 22 11.611261
30 23 14.687608
30 24 14.138489
30 25 11.473412
30 26 12.985709
30 27 12.423435
30 28 11.250523
30 29 13.355527
30 31 14.490852
30 32 12.010028
30 33 14.668584
30 34 14.684813
30 35 12.400122
30 36 14.748997
30 37 11.024807
30 38 12.882306
30 39 11.987610
30 40 12.169262
30 41 13.248125
30 42 11.428488
30 43 12.716667
30 44 12.965869
30 45 12.963425
30 46 12.747356
30 47 13.667734
30 48 13.481867
30 49 14.267152
30 50 10.958921
31 0 13.590901
31 1 11.874264
31 2 13.673351
31 3 13.262695
31 4 11.455775
31 5 12.585495
31 6 14.668966
31 7 11.546623
31 8 13.157413
31 9 11.318195
31 10 11.646515
31 11 13.589854
31 12 14.546471
31 13 14.530527
31 14 13.129780
31 15 12.795048
31 16 13.911909
31 17 11.961383
31 18 10.954102
31 19 12.118965
31 20 11.535627
31 21 12.227427
31 22 12.397817
31 23 13.273723
31 24 12.501555
31 25 10.965615
31 26 12.304606
31 27 14.689864
31 28 13.825502
31 29 12.586080
31 30 14.490852
31 32 14.356925
31 33 11.790038
31 34 11.817134
31 35 12.489954
31 36 12.704653
31 37 13.387400
31 38 12.252364
31 39 12.063994
31 40 11.173713
31 41 13.027618
31 42 11.851348
31 43 13.771657
31 44 12.918371
31 45 14.249558
31 46 13.147234
31 47 13.784989
31 48 12.430954
31 49 12.034134
31 50 12.248666
32 0 14.545111
32 1 11.581420
32 2 13.185358
32 3 13.920981
32 4 13.656488
32 5 11.180202
32 6 12.238399
32 7 12.421609
32 8 11.260722
32 9 13.939458
32 10 14.507254
32 11 14.771768
32 12 11.424586
32 13 12.803002
32 14 13.746400
32 15 11.875099
32 16 14.003994
32 17 14.648758
32 18 14.036911
32 19 13.124360
32 20 13.651463
32 21 13.223118
32 22 13.358255
32 23 11.210309
32 24 11.453865
32 25 11.261569
32 26 13.956307
32 27 13.173546
32 28 11.185422
32 29 13.964382
32 30 12.010028
32 31 14.356925
32 33 12.545016
32 34 14.208693
32 35 13.329797
32 36 14.290677
32 37 14.083629
32 38 10.956736
32 39 14.589132
32 40 14.336352
32 41 14.810859
32 42 11.676549
32 43 11.632794
32 44 13.009771
32 45 14.052059
32 46 11.730290
32 47 11.078505
32 48 12.893972
32 49 11.398695
32 50 13.188742
33 0 14.266302
33 1 12.459518
33 2 11.838987
33 3 13.053429
33 4 13.422570
33 5 11.124984
33 6 11.308931
33 7 10.989718
33 8 11.904285
33 9 12.087066
33 10 11.097888
33 11 13.854870
33 12 11.417061
33 13 14.549537
33 14 11.246213
33 15 12.140455
33 16 14.279379
33 17 14.091678
33 18 11.958545
33 19 11.507791
33 20 12.246765
33 21 13.456069
33 22 14.150752
33 23 12.297399
33 24 12.953896
33 25 13.392181
33 26 13.403862
33 27 14.059931
33 28 12.765960
33 29 14.290373
33 30 14.668584
33 31 11.790038
33 32 12.545016
33 34 13.388597
33 35 14.034404
33 36 13.888569
33 37 14.812953
33 38 11.535923
33 39 11.550412
33 40 12.513557
33 41 12.343500
33 42 14.726304
33 43 12.245464
33 44 13.409961
33 45 12.856235
33 46 11.594650
33 47 12.765937
33 48 13.605250
33 49 11.219932
33 50 12.319219
34 0 12.347921
34 1 13.528738
34 2 13.973274
34 3 12.387690
34 4 13.998120
34 5 13.454809
34 6 13.385711
34 7 13.937599
34 8 11.638945
34 9 13.734380
34 10 11.461191
34 11 12.858377
34 12 14.009932
34 13 13.115414
34 14 14.679538
34 15 14.621944
34 16 14.324066
34 17 14.202035
34 18 13.599570
34 19 12.827321
34 20 14.515271
34 21 12.864961
34 22 11.530104
34 23 14.532202
34 24 12.703281
34 25 13.845015
34 26 13.732158
34 27 12.107711
34 28 12.836080
34 29 14.432862
34 30 14.684813
34 31 11.817134
34 32 14.208693
34 33 13.388597
34 35 12.938824
34 36 12.888978
34 37 12.052623
34 38 11.751885
34 39 13.040421
34 40 11.264650
34 41 12.183985
34 42 13.241614
34 43 10.927417
34 44 14.394026
34 45 14.429164
34 46 12.129796
34 47 13.406589
34 48 12.185964
34 49 14.609012
34 50 14.679478
35 0 12.492535
35 1 14.498723
35 2 14.591143
35 3 10.974708
35 4 13.479682
35 5 12.337927
35 6 14.806488
35 7 14.189659
35 8 11.813516
35 9 14.517481
35 10 11.841774
35 11 13.058874
35 12 13.414544
35 13 14.449536
35 14 14.109378
35 15 11.633211
35 16 14.155079
35 17 12.149935
35 18 13.126091
35 19 11.629735
35 20 13.713057
35 21 11.739850
35 22 14.473402
35 23 12.667025
35 24 13.455464
35 25 12.024018
35 26 12.364382
35 27 12.867072
35 28 11.423421
35 29 12.463613
35 30 12.400122
35 31 12.489954
35 32 13.329797
35 33 14.034404
35 34 12.938824
35 36 10.998102
35 37 13.559285
35 38 12.677301
35 39 14.472756
35 40 12.885823
35 41 11.374249
35 42 13.440037
35 43 14.605701
35 44 11.524689
35 45 12.717742
35 46 14.703660
35 47 11.222470
35 48 14.469471
35 49 12.775454
35 50 14.540575
36 0 12.356515
36 1 11.554061
36 2 13.175759
36 3 11.782189
36 4 12.143884
36 5 14.450459
36 6 14.493183
36 7 13.578147
36 8 12.998070
36 9 13.108529
36 10 11.247494
36 11 11.959505
36 12 13.989123
36 13 11.000948
36 14 14.656209
36 15 12.338713
36 16 12.946566
36 17 11.406387
36 18 13.561242
36 19 12.910852
36 20 13.873861
36 21 11.118306
36 22 14.562466
36 23 13.403110
36 24 13.919477
36 25 11.112741
36 26 14.184372
36 27 14.778433
36 28 14.645586
36 29 12.443081
36 30 14.748997
36 31 12.704653
36 32 14.290677
36 33 13.888569
36 34 12.888978
36 35 10.998102
36 37 13.683290
36 38 12.253063
36 39 13.579123
36 40 13.045672
36 41 14.164274
36 42 11.792421
36 43 11.446524
36 44 13.047046
36 45 11.805094
36 46 14.335776
36 47 12.805366
36 48 14.396076
36 49 14.374096
36 50 11.129068
37 0 12.281563
37 1 12.590569
37 2 14.432189
37 3 11.567179
37 4 13.311978
37 5 14.574372
37 6 12.224864
37 7 11.076391
37 8 14.018290
37 9 14.756398
37 10 14.671839
37 11 14.672691
37 12 11.718593
37 13 14.004004
37 14 13.179122
37 15 11.063547
37 16 14.636790
37 17 11.217054
37 18 12.968147
37 19 12.182060
37 20 12.822810
37 21 12.197121
37 22 14.720137
37 23 11.344530
37 24 13.403759
37 25 14.243917
37 26 12.516662
37 27 12.588983
37 28 12.963542
37 29 12.943093
37 30 11.024807
37 31 13.387400
37 32 14.083629
37 33 14.812953
37 34 12.052623
37 35 13.559285
37 36 13.683290
37 38 12.607161
37 39 13.311039
37 40 12.011598
37 41 14.508464
37 42 14.626515
37 43 13.811757
37 44 14.753831
37 45 14.155041
37 46 14.322583
37 47 11.342646
37 48 14.476701
37 49 12.082716
37 50 14.771061
38 0 13.951044
38 1 14.460773
38 2 12.937575
38 3 13.729253
38 4 12.680100
38 5 14.749520
38 6 13.174867
38 7 13.559131
38 8 14.056809
38 9 12.498817
38 10 13.402164
38 11 12.629488
38 12 13.893104
38 13 14.710762
38 14 11.400085
38 15 12.875618
38 16 14.005530
38 17 11.665764
38 18 10.924560
38 19 12.708861
38 20 14.737248
38 21 11.501213
38 22 13.166265
38 23 14.017076
38 24 11.235146
38 25 11.585148
38 26 12.956946
38 27 13.231538
38 28 12.855645
38 29 11.612319
38 30 12.882306
38 31 12.252364
38 32 10.956736
38 33 11.535923
38 34 11.751885
38 35 12.677301
38 36 12.253063
38 37 12.607161
38 39 13.147058
38 40 10.987435
38 41 13.408989
38 42 13.323159
38 43 12.333096
38 44 12.999947
38 45 12.072687
38 46 12.864261
38 47 11.232185
38 48 13.194863
38 49 14.540144
38 50 11.778142
39 0 13.658047
39 1 12.263619
39 2 14.668617
39 3 14.782346
39 4 13.698099
39 5 11.378995
39 6 11.052198
39 7 13.844183
39 8 13.019379
39 9 11.641446
39 10 12.896446
39 11 14.169889
39 12 11.932176
39 13 12.139527
39 14 13.499114
39 15 14.367605
39 16 12.784310
39 17 11.899377
39 18 13.163741
39 19 11.166110
39 20 13.722315
39 21 13.229005
39 22 11.179855
39 23 13.667970
39 24 11.584408
39 25 14.778433
39 26 13.915340
39 27 14.699504
39 28 12.634318
39 29 13.351772
39 30 11.987610
39 31 12.063994
39 32 14.589132
39 33 11.550412
39 34 13.040421
39 35 14.472756
39 36 13.579123
39 37 13.311039
39 38 13.147058
39 40 12.776335
39 41 11.872383
39 42 13.872574
39 43 12.532167
39 44 14.750706
39 45 13.384209
39 46 12.351779
39 47 12.059691
39 48 12.283295
39 49 14.389054
39 50 13.860256
40 0 12.359636
40 1 14.000778
40 2 13.262903
40 3 12.671939
40 4 13.817122
40 5 13.282738
40 6 12.716413
40 7 13.014073
40 8 14.347812
40 9 13.151279
40 10 12.158284
40 11 13.454775
40 12 11.394195
40 13 11.708348
40 14 12.371202
40 15 13.769026
40 16 11.606053
40 17 11.269770
40 18 12.914759
40 19 12.649352
40 20 14.369977
40 21 12.721187
40 22 11.710624
40 23 13.420821
40 24 14.753419
40 25 13.617054
40 26 11.116094
40 27 12.693265
40 28 10.964992
40 29 11.695685
40 30 12.169262
40 31 11.173713
40 32 14.336352
40 33 12.513557
40 34 11.264650
40 35 12.885823
40 36 13.045672
40 37 12.011598
40 38 10.987435
40 39 12.776335
40 41 13.512088
40 42 12.439763
40 43 12.650300
40 44 14.672948
40 45 11.712935
40 46 12.501530
40 47 12.546932
40 48 13.860234
40 49 11.732478
40 50 12.667079
41 0 12.056570
41 1 11.512790
41 2 14.097973
41 3 13.852444
41 4 12.350949
41 5 12.350384
41 6 11.248589
41 7 12.335701
41 8 12.709357
41 9 11.679446
41 10 11.549685
41 11 14.513689
41 12 11.262363
41 13 11.440782
41 14 11.969098
41 15 13.606822
41 16 14.368766
41 17 11.282472
41 18 11.754834
41 19 12.898738
41 20 12.149225
41 21 13.922766
41 22 13.391201
41 23 13.767963
41 24 11.626938
41 25 11.827515
41 26 14.707625
41 27 11.328305
41 28 11.435008
41 29 10.964727
41 30 13.248125
41 31 13.027618
41 32 14.810859
41 33 12.343500
41 34 12.183985
41 35 11.374249
41 36 14.164274
41 37 14.508464
41 38 13.408989
41 39 11.872383
41 40 13.512088
41 42 12.219512
41 43 14.165924
41 44 13.949144
41 45 12.324930
41 46 11.616887
41 47 11.153994
41 48 11.574630
41 49 11.125363
41 50 12.292744
42 0 11.993165
42 1 14.284261
42 2 12.125162
42 3 12.942809
42 4 12.817860
42 5 12.818288
42 6 12.861852
42 7 11.246211
42 8 11.739642
42 9 13.615356
42 10 13.939402
42 11 12.392964
42 12 11.212490
42 13 12.211166
42 14 14.159011
42 15 13.966445
42 16 14.049584
42 17 14.410039
42 18 13.893928
42 19 13.476900
42 20 12.841688
42 21 12.989566
42 22 13.631626
42 23 13.001701
42 24 11.959729
42 25 11.437469
42 26 11.104270
42 27 14.719363
42 28 12.227579
42 29 13.124914
42 30 11.428488
42 31 11.851348
42 32 11.676549
42 33 14.726304
42 34 13.241614
42 35 13.440037
42 36 11.792421
42 37 14.626515
42 38 13.323159
42 39 13.872574
42 40 12.439763
42 41 12.219512
42 43 11.896906
42 44 10.929376
42 45 14.187383
42 46 12.993953
42 47 12.562999
42 48 11.353354
42 49 12.871143
42 50 14.613369
43 0 14.641269
43 1 12.205628
43 2 13.040603
43 3 11.149701
43 4 13.815583
43 5 13.835545
43 6 13.653577
43 7 13.696441
43 8 14.034173
43 9 14.569450
43 10 11.831924
43 11 14.321488
43 12 13.243973
43 13 13.071714
43 14 14.641303
43 15 13.188600
43 16 14.134568
43 17 14.550306
43 18 12.514514
43 19 13.987015
43 20 11.961563
43 21 12.524846
43 22 11.539055
43 23 13.821894
43 24 13.603810
43 25 14.616249
43 26 12.559827
43 27 11.651811
43 28 11.415126
43 29 12.179964
43 30 12.716667
43 31 13.771657
43 32 11.632794
43 33 12.245464
43 34 10.927417
43 35 14.605701
43 36 11.446524
43 37 13.811757
43 38 12.333096
43 39 12.532167
43 40 12.650300
43 41 14.165924
43 42 11.896906
43 44 14.156084
43 45 12.076669
43 46 11.332251
43 47 13.850087
43 48 14.719518
43 49 13.377267
43 50 13.313323
44 0 11.016862
44 1 13.912762
44 2 11.373648
44 3 13.856035
44 4 11.466357
44 5 12.032837
44 6 13.770686
44 7 10.997238
44 8 13.012973
44 9 10.947857
44 10 13.571794
44 11 13.713279
44 12 13.757296
44 13 12.438097
44 14 12.001355
44 15 11.041089
44 16 12.137808
44 17 14.450503
44 18 12.031775
44 19 12.018629
44 20 14.628602
44 21 14.787076
44 22 11.208639
44 23 13.730593
44 24 11.018267
44 25 13.865635
44 26 14.389303
44 27 12.892077
44 28 11.555383
44 29 11.415057
44 30 12.965869
44 31 12.918371
44 32 13.009771
44 33 13.409961
44 34 14.394026
44 35 11.524689
44 36 13.047046
44 37 14.753831
44 38 12.999947
44 39 14.750706
44 40 14.672948
44 41 13.949144
44 42 10.929376
44 43 14.156084
44 45 12.853403
44 46 12.751253
44 47 14.285288
44 48 12.004410
44 49 13.671172
44 50 11.274447
45 0 12.250841
45 1 13.080256
45 2 13.833555
45 3 11.669209
45 4 12.268396
45 5 13.426375
45 6 11.406499
45 7 13.583623
45 8 12.926363
45 9 12.204842
45 10 11.485746
45 11 14.642505
45 12 14.651041
45 13 12.759341
45 14 14.796148
45 15 11.071921
45 16 13.886154
45 17 14.027088
45 18 13.389259
45 19 13.624085
45 20 11.490317
45 21 13.856528
45 22 13.568904
45 23 13.972859
45 24 14.149895
45 25 11.373936
45 26 13.631042
45 27 12.976151
45 28 12.458898
45 29 14.606508
45 30 12.963425
45 31 14.249558
45 32 14.052059
45 33 12.856235
45 34 14.429164
45 35 12.717742
45 36 11.805094
45 37 14.155041
45 38 12.072687
45 39 13.384209
45 40 11.712935
45 41 12.324930
45 42 14.187383
45 43 12.076669
45 44 12.853403
45 46 14.393981
45 47 14.805994
45 48 11.618593
45 49 11.619925
45 50 11.788519
46 0 14.027957
46 1 14.542194
46 2 12.033766
46 3 11.632869
46 4 11.823858
46 5 14.462392
46 6 14.235269
46 7 11.949033
46 8 11.573023
46 9 12.268963
46 10 12.289081
46 11 12.735971
46 12 14.283843
46 13 11.852342
46 14 11.203916
46 15 14.655561
46 16 11.742166
46 17 12.292322
46 18 11.394783
46 19 11.553037
46 20 11.414586
46 21 12.309000
46 22 11.673704
46 23 13.050020
46 24 11.611946
46 25 12.567430
46 26 12.356397
46 27 13.660851
46 28 12.514738
46 29 11.215216
46 30 12.747356
46 31 13.147234
46 32 11.730290
46 33 11.594650
46 34 12.129796
46 35 14.703660
46 36 14.335776
46 37 14.322583
46 38 12.864261
46 39 12.351779
46 40 12.501530
46 41 11.616887
46 42 12.993953
46 43 11.332251
46 44 12.751253
46 45 14.393981
46 47 12.365661
46 48 12.617173
46 49 13.475824
46 50 12.482462
47 0 13.667336
47 1 11.968540
47 2 11.763725
47 3 12.548778
47 4 14.266583
47 5 13.286665
47 6 14.813866
47 7 11.770991
47 8 13.330676
47 9 11.939883
47 10 14.100565
47 11 13.382342
47 12 13.687287
47 13 11.602731
47 14 14.388549
47 15 12.260125
47 16 11.535788
47 17 13.817558
47 18 14.509801
47 19 11.984059
47 20 13.083711
47 21 13.002175
47 22 11.172022
47 23 11.284204
47 24 13.973840
47 25 10.938723
47 26 12.626199
47 27 13.418020
47 28 12.722777
47 29 13.928776
47 30 13.667734
47 31 13.784989
47 32 11.078505
47 33 12.765937
47 34 13.406589
47 35 11.222470
47 36 12.805366
47 37 11.342646
47 38 11.232185
47 39 12.059691
47 40 12.546932
47 41 11.153994
47 42 12.562999
47 43 13.850087
47 44 14.285288
47 45 14.805994
47 46 12.365661
47 48 12.831198
47 49 13.350146
47 50 11.105475
48 0 13.764925
48 1 12.418436
48 2 13.093548
48 3 11.847150
48 4 13.067528
48 5 11.182018
48 6 12.153290
48 7 12.325140
48 8 14.510291
48 9 11.405730
48 10 12.983448
48 11 14.376993
48 12 12.125614
48 13 14.747412
48 14 14.430638
48 15 11.652275
48 16 11.994281
48 17 12.005293
48 18 11.067907
48 19 12.448819
48 20 14.102138
48 21 11.647879
48 22 13.698882
48 23 13.202659
48 24 10.986707
48 25 12.399670
48 26 14.241116
48 27 13.975277
48 28 11.915990
48 29 12.891169
48 30 13.481867
48 31 12.430954
48 32 12.893972
48 33 13.605250
48 34 12.185964
48 35 14.469471
48 36 14.396076
48 37 14.476701
48 38 13.194863
48 39 12.283295
48 40 13.860234
48 41 11.574630
48 42 11.353354
48 43 14.719518
48 44 12.004410
48 45 11.618593
48 46 12.617173
48 47 12.831198
48 49 11.780573
48 50 11.874021
49 0 14.127346
49 1 13.708675
49 2 12.442289
49 3 14.536759
49 4 14.540091
49 5 14.246514
49 6 14.517002
49 7 13.738337
49 8 11.868905
49 9 12.855972
49 10 14.702740
49 11 12.917320
49 12 13.530429
49 13 13.065576
49 14 12.941247
49 15 13.983394
49 16 10.948165
49 17 13.862020
49 18 10.942456
49 19 12.334609
49 20 11.452155
49 21 13.565731
49 22 13.713505
49 23 11.943714
49 24 11.748612
49 25 12.692279
49 26 12.311281
49 27 12.144438
49 28 12.406588
49 29 13.767259
49 30 14.267152
49 31 12.034134
49 32 11.398695
49 33 11.219932
49 34 14.609012
49 35 12.775454
49 36 14.374096
49 37 12.082716
49 38 14.540144
49 39 14.389054
49 40 11.732478
49 41 11.125363
49 42 12.871143
49 43 13.377267
49 44 13.671172
49 45 11.619925
49 46 13.475824
49 47 13.350146
49 48 11.780573
49 50 13.855539
50 0 12.791243
50 1 11.769806
50 2 11.234191
50 3 13.649613
50 4 12.582371
50 5 11.431392
50 6 11.348104
50 7 14.399668
50 8 11.245738
50 9 14.158675
50 10 11.255930
50 11 12.912431
50 12 13.148452
50 13 11.782803
50 14 14.670451
50 15 13.024983
50 16 11.469728
50 17 14.768778
50 18 14.073266
50 19 13.449525
50 20 14.365902
50 21 10.983376
50 22 13.567370
50 23 14.044743
50 24 11.076457
50 25 14.698945
50 26 12.037613
50 27 11.866884
50 28 14.428797
50 29 11.074491
50 30 10.958921
50 31 12.248666
50 32 13.188742
50 33 12.319219
50 34 14.679478
50 35 14.540575
50 36 11.129068
50 37 14.771061
50 38 11.778142
50 39 13.860256
50 40 12.667079
50 41 12.292744
50 42 14.613369
50 43 13.313323
50 44 11.274447
50 45 11.788519
50 46 12.482462
50 47 11.105475
50 48 11.874021
50 49 13.855539
