# i j vmax_ij_m_per_s; symmetric values generated with Uniform(0.7,0.95)*15.6
0 1 13.000491
0 2 12.541607
0 3 12.678475
0 4 11.235642
0 5 14.306669
0 6 11.419390
0 7 11.608081
0 8 12.845585
0 9 12.766570
0 10 14.060552
0 11 13.444656
0 12 12.635610
0 13 11.989819
0 14 14.108070
0 15 11.945603
0 16 14.456845
0 17 13.385492
0 18 11.096855
0 19 13.275849
0 20 14.496500
0 21 11.359552
0 22 13.360762
0 23 11.224290
0 24 12.161302
0 25 13.900008
0 26 12.268577
0 27 12.339637
0 28 12.733299
0 29 13.086116
0 30 11.025427
0 31 13.547800
0 32 12.501039
0 33 14.346311
0 34 12.888530
0 35 12.745846
0 36 14.259494
0 37 13.823839
0 38 14.338717
0 39 13.230973
0 40 13.358877
0 41 13.290677
0 42 13.640802
0 43 12.769269
0 44 12.331199
0 45 14.052827
0 46 11.271558
0 47 11.997232
0 48 13.219903
0 49 12.332250
0 50 14.050720
1 0 13.000491
1 2 13.325854
1 3 14.047368
1 4 13.679628
1 5 13.560661
1 6 13.507998
1 7 11.606850
1 8 11.812060
1 9 13.271173
1 10 14.734403
1 11 11.092557
1 12 12.795616
1 13 14.002327
1 14 14.547588
1 15 10.964496
1 16 11.976631
1 17 12.093654
1 18 12.183887
1 19 12.129481
1 20 13.466638
1 21 14.636009
1 22 14.592487
1 23 11.689543
1 24 13.701057
1 25 11.083337
1 26 11.171503
1 27 12.142075
1 28 12.356962
1 29 13.824009
1 30 11.882096
1 31 14.083259
1 32 12.796607
1 33 12.210390
1 34 13.827086
1 35 12.613192
1 36 14.600667
1 37 12.774042
1 38 11.699942
1 39 12.643287
1 40 14.798032
1 41 11.641305
1 42 11.565919
1 43 12.609967
1 44 14.188000
1 45 14.621804
1 46 11.556327
1 47 12.941915
1 48 14.130100
1 49 12.577112
1 50 10.952148
2 0 12.541607
2 1 13.325854
2 3 12.199813
2 4 12.827447
2 5 11.709200
2 6 13.999239
2 7 13.924763
2 8 14.273778
2 9 10.988975
2 10 14.065129
2 11 13.926210
2 12 13.490232
2 13 11.193643
2 14 11.537435
2 15 12.748270
2 16 12.933211
2 17 11.336894
2 18 11.963520
2 19 11.155749
2 20 13.509345
2 21 11.091059
2 22 13.524187
2 23 13.119200
2 24 13.711509
2 25 14.399935
2 26 11.525140
2 27 12.543159
2 28 12.748160
2 29 12.615508
2 30 13.462167
2 31 11.111904
2 32 14.199918
2 33 14.164363
2 34 14.393918
2 35 12.871583
2 36 12.615598
2 37 13.795165
2 38 13.744931
2 39 11.256502
2 40 11.188318
2 41 13.763201
2 42 11.851180
2 43 12.728175
2 44 13.666199
2 45 11.276900
2 46 13.428276
2 47 14.719930
2 48 12.986630
2 49 11.009710
2 50 13.279415
3 0 12.678475
3 1 14.047368
3 2 12.199813
3 4 12.161381
3 5 14.490935
3 6 12.941518
3 7 10.983745
3 8 13.225122
3 9 12.886405
3 10 11.388013
3 11 12.385252
3 12 11.468644
3 13 13.573017
3 14 12.089706
3 15 12.582988
3 16 14.184914
3 17 12.879198
3 18 11.478705
3 19 12.448126
3 20 13.662917
3 21 12.332433
3 22 14.569698
3 23 11.781150
3 24 13.085618
3 25 12.150364
3 26 12.672064
3 27 13.859861
3 28 12.218039
3 29 11.409953
3 30 11.005352
3 31 14.301447
3 32 12.482131
3 33 11.530328
3 34 12.548311
3 35 12.815955
3 36 13.551389
3 37 12.283907
3 38 10.979086
3 39 12.939161
3 40 14.785384
3 41 12.659492
3 42 13.728509
3 43 12.721300
3 44 13.378596
3 45 11.937040
3 46 14.131442
3 47 13.460687
3 48 10.951144
3 49 14.650384
3 50 12.861385
4 0 11.235642
4 1 13.679628
4 2 12.827447
4 3 12.161381
4 5 13.831888
4 6 12.665778
4 7 11.573127
4 8 11.413146
4 9 11.280620
4 10 13.864840
4 11 11.539946
4 12 14.305639
4 13 14.466801
4 14 14.183751
4 15 12.717464
4 16 11.881847
4 17 13.716042
4 18 11.112644
4 19 13.762037
4 20 14.024890
4 21 12.619956
4 22 13.414109
4 23 14.658461
4 24 12.533517
4 25 13.940067
4 26 13.172294
4 27 12.379137
4 28 13.749556
4 29 11.820440
4 30 13.340867
4 31 11.844191
4 32 12.474162
4 33 13.875209
4 34 14.410301
4 35 14.509403
4 36 13.326002
4 37 12.808904
4 38 12.174838
4 39 11.955059
4 40 12.775725
4 41 14.679519
4 42 12.761869
4 43 11.484675
4 44 14.745222
4 45 14.283577
4 46 11.302433
4 47 12.119405
4 48 12.049310
4 49 11.397154
4 50 14.637204
5 0 14.306669
5 1 13.560661
5 2 11.709200
5 3 14.490935
5 4 13.831888
5 6 13.601879
5 7 11.114118
5 8 11.675102
5 9 12.540122
5 10 13.484163
5 11 11.240548
5 12 12.610775
5 13 11.553420
5 14 11.203626
5 15 11.492558
5 16 11.754604
5 17 13.818324
5 18 14.014781
5 19 13.761002
5 20 13.460056
5 21 11.657439
5 22 13.638692
5 23 12.638053
5 24 11.774249
5 25 12.607683
5 26 12.522673
5 27 11.919988
5 28 14.101148
5 29 14.327221
5 30 13.817474
5 31 13.951801
5 32 13.535949
5 33 11.159729
5 34 11.919792
5 35 12.163805
5 36 13.488512
5 37 11.444086
5 38 13.697298
5 39 14.244472
5 40 14.394657
5 41 12.538707
5 42 13.227493
5 43 12.387374
5 44 11.937154
5 45 12.557123
5 46 13.312106
5 47 12.644934
5 48 14.694082
5 49 14.160304
5 50 12.294649
6 0 11.419390
6 1 13.507998
6 2 13.999239
6 3 12.941518
6 4 12.665778
6 5 13.601879
6 7 11.233167
6 8 12.037914
6 9 14.234738
6 10 12.713661
6 11 11.751145
6 12 12.272452
6 13 11.557003
6 14 12.667368
6 15 13.996716
6 16 11.513293
6 17 12.841061
6 18 12.147964
6 19 11.073079
6 20 11.064136
6 21 11.938723
6 22 11.276662
6 23 11.991450
6 24 12.306735
6 25 14.251843
6 26 13.935957
6 27 13.297735
6 28 14.666734
6 29 13.665629
6 30 13.472689
6 31 12.592555
6 32 13.866445
6 33 12.238537
6 34 14.696362
6 35 13.202174
6 36 11.454360
6 37 11.957002
6 38 12.917236
6 39 13.297286
6 40 11.490671
6 41 14.775078
6 42 13.521820
6 43 12.846940
6 44 12.598452
6 45 11.537083
6 46 11.121596
6 47 12.388690
6 48 14.582253
6 49 12.825261
6 50 12.270103
7 0 11.608081
7 1 11.606850
7 2 13.924763
7 3 10.983745
7 4 11.573127
7 5 11.114118
7 6 11.233167
7 8 14.685127
7 9 13.491727
7 10 14.269740
7 11 13.445150
7 12 14.407748
7 13 14.584587
7 14 11.936704
7 15 14.010001
7 16 14.694084
7 17 11.020710
7 18 12.690060
7 19 12.133171
7 20 11.826606
7 21 14.697246
7 22 14.507058
7 23 12.878316
7 24 12.535360
7 25 12.377712
7 26 12.118550
7 27 12.178036
7 28 14.208204
7 29 14.145244
7 30 12.895268
7 31 11.050845
7 32 13.840046
7 33 14.779132
7 34 10.978205
7 35 11.938911
7 36 11.424242
7 37 12.627012
7 38 12.293194
7 39 13.841410
7 40 13.268488
7 41 12.303113
7 42 14.413894
7 43 12.364977
7 44 14.592135
7 45 14.039277
7 46 12.510686
7 47 11.706559
7 48 11.350903
7 49 12.397304
7 50 13.290858
8 0 12.845585
8 1 11.812060
8 2 14.273778
8 3 13.225122
8 4 11.413146
8 5 11.675102
8 6 12.037914
8 7 14.685127
8 9 12.641284
8 10 14.375285
8 11 12.609549
8 12 14.651336
8 13 11.176198
8 14 13.659068
8 15 13.739569
8 16 11.044819
8 17 11.759986
8 18 14.424036
8 19 11.251711
8 20 13.078789
8 21 13.257584
8 22 13.601957
8 23 14.543963
8 24 11.731255
8 25 13.920822
8 26 13.389895
8 27 12.288256
8 28 14.579001
8 29 11.596185
8 30 12.122275
8 31 14.676440
8 32 11.009946
8 33 11.778980
8 34 12.610646
8 35 11.378886
8 36 12.606721
8 37 13.043186
8 38 11.296881
8 39 12.957167
8 40 11.727798
8 41 14.173815
8 42 13.178664
8 43 13.189754
8 44 12.402868
8 45 13.348773
8 46 13.116144
8 47 14.637015
8 48 13.134015
8 49 13.336135
8 50 13.118404
9 0 12.766570
9 1 13.271173
9 2 10.988975
9 3 12.886405
9 4 11.280620
9 5 12.540122
9 6 14.234738
9 7 13.491727
9 8 12.641284
9 10 13.485663
9 11 11.684669
9 12 11.916508
9 13 13.731897
9 14 14.489065
9 15 13.798864
9 16 13.352873
9 17 12.939648
9 18 12.323019
9 19 12.568342
9 20 12.099108
9 21 13.328129
9 22 11.022014
9 23 11.265133
9 24 13.962324
9 25 13.067218
9 26 13.374100
9 27 12.743843
9 28 14.098006
9 29 13.784977
9 30 14.473150
9 31 14.711284
9 32 14.432734
9 33 14.525565
9 34 12.276408
9 35 13.885170
9 36 11.331859
9 37 14.046631
9 38 13.451828
9 39 12.538926
9 40 10.972702
9 41 13.504010
9 42 13.093974
9 43 11.307106
9 44 12.272789
9 45 11.776014
9 46 11.694944
9 47 12.786339
9 48 12.100394
9 49 11.051417
9 50 14.683199
10 0 14.060552
10 1 14.734403
10 2 14.065129
10 3 11.388013
10 4 13.864840
10 5 13.484163
10 6 12.713661
10 7 14.269740
10 8 14.375285
10 9 13.485663
10 11 11.617048
10 12 14.747412
10 13 14.681181
10 14 11.649942
10 15 14.750661
10 16 11.512696
10 17 11.560710
10 18 11.387946
10 19 14.038555
10 20 13.864828
10 21 11.787787
10 22 14.500859
10 23 13.273726
10 24 11.077683
10 25 13.576480
10 26 11.926978
10 27 13.125617
10 28 11.073527
10 29 11.798937
10 30 11.884445
10 31 13.147781
10 32 13.989481
10 33 11.906304
10 34 13.817312
10 35 12.187085
10 36 14.540096
10 37 14.455200
10 38 11.350166
10 39 12.863992
10 40 11.075698
10 41 11.252323
10 42 14.518045
10 43 13.832215
10 44 13.256247
10 45 12.544694
10 46 12.774390
10 47 14.488668
10 48 13.354839
10 49 14.470130
10 50 12.956330
11 0 13.444656
11 1 11.092557
11 2 13.926210
11 3 12.385252
11 4 11.539946
11 5 11.240548
11 6 11.751145
11 7 13.445150
11 8 12.609549
11 9 11.684669
11 10 11.617048
11 12 13.035744
11 13 12.342477
11 14 13.417815
11 15 13.713531
11 16 11.161601
11 17 11.377326
11 18 12.615560
11 19 14.314319
11 20 12.491415
11 21 11.618592
11 22 13.911502
11 23 13.347579
11 24 14.561347
11 25 14.536771
11 26 13.223398
11 27 13.256602
11 28 14.112989
11 29 14.736367
11 30 12.767875
11 31 13.575319
11 32 12.385382
11 33 12.604931
11 34 14.790929
11 35 12.488988
11 36 12.459404
11 37 14.545181
11 38 14.445296
11 39 11.203412
11 40 12.461061
11 41 11.413679
11 42 14.552689
11 43 14.686267
11 44 11.153377
11 45 13.408692
11 46 11.448479
11 47 13.542560
11 48 12.190237
11 49 12.812415
11 50 14.624829
12 0 12.635610
12 1 12.795616
12 2 13.490232
12 3 11.468644
12 4 14.305639
12 5 12.610775
12 6 12.272452
12 7 14.407748
12 8 14.651336
12 9 11.916508
12 10 14.747412
12 11 13.035744
12 13 12.923875
12 14 11.068098
12 15 11.597391
12 16 11.446581
12 17 12.177777
12 18 12.407439
12 19 12.344933
12 20 12.581461
12 21 12.125947
12 22 11.835697
12 23 10.955147
12 24 13.911183
12 25 11.346342
12 26 11.139591
12 27 13.169911
12 28 12.401247
12 29 13.353011
12 30 14.595796
12 31 11.859822
12 32 13.711131
12 33 14.315189
12 34 13.264356
12 35 14.096970
12 36 11.663838
12 37 13.392153
12 38 13.170398
12 39 14.027270
12 40 14.542842
12 41 14.053913
12 42 11.838449
12 43 14.202119
12 44 13.380056
12 45 12.439122
12 46 11.185448
12 47 11.985678
12 48 12.177154
12 49 11.199545
12 50 12.292379
13 0 11.989819
13 1 14.002327
13 2 11.193643
13 3 13.573017
13 4 14.466801
13 5 11.553420
13 6 11.557003
13 7 14.584587
13 8 11.176198
13 9 13.731897
13 10 14.681181
13 11 12.342477
13 12 12.923875
13 14 12.488358
13 15 12.625760
13 16 12.933444
13 17 11.937456
13 18 11.544246
13 19 13.399525
13 20 13.425812
13 21 12.963967
13 22 11.373378
13 23 12.780036
13 24 11.299583
13 25 14.741723
13 26 14.499711
13 27 14.508526
13 28 13.193753
13 29 14.100001
13 30 13.721203
13 31 12.868449
13 32 13.687480
13 33 11.665560
13 34 13.513325
13 35 12.510525
13 36 13.726296
13 37 11.166820
13 38 11.271812
13 39 11.197961
13 40 12.019683
13 41 14.676056
13 42 12.022416
13 43 11.220960
13 44 13.005156
13 45 13.324147
13 46 10.944978
13 47 14.803889
13 48 13.880700
13 49 14.801969
13 50 13.280312
14 0 14.108070
14 1 14.547588
14 2 11.537435
14 3 12.089706
14 4 14.183751
14 5 11.203626
14 6 12.667368
14 7 11.936704
14 8 13.659068
14 9 14.489065
14 10 11.649942
14 11 13.417815
14 12 11.068098
14 13 12.488358
14 15 13.562358
14 16 12.381113
14 17 13.234101
14 18 14.248590
14 19 12.097187
14 20 14.293048
14 21 10.937211
14 22 12.347687
14 23 12.654009
14 24 13.364751
14 25 13.854328
14 26 14.765612
14 27 13.014991
14 28 14.580183
14 29 14.515369
14 30 13.007976
14 31 14.373661
14 32 14.397629
14 33 13.734006
14 34 11.584752
14 35 14.273147
14 36 11.807678
14 37 11.875317
14 38 12.589527
14 39 12.102011
14 40 14.617175
14 41 14.663182
14 42 13.275498
14 43 10.997313
14 44 11.595492
14 45 14.022560
14 46 13.071813
14 47 12.305078
14 48 13.215471
14 49 11.213954
14 50 13.631322
15 0 11.945603
15 1 10.964496
15 2 12.748270
15 3 12.582988
15 4 12.717464
15 5 11.492558
15 6 13.996716
15 7 14.010001
15 8 13.739569
15 9 13.798864
15 10 14.750661
15 11 13.713531
15 12 11.597391
15 13 12.625760
15 14 13.562358
15 16 13.291755
15 17 13.729823
15 18 11.536057
15 19 12.540662
15 20 11.114198
15 21 12.201241
15 22 13.891849
15 23 11.778611
15 24 10.928014
15 25 13.051070
15 26 14.622763
15 27 14.144396
15 28 13.256221
15 29 10.967107
15 30 12.879748
15 31 13.597077
15 32 12.232832
15 33 11.107152
15 34 11.581694
15 35 11.298378
15 36 11.221503
15 37 11.695409
15 38 12.678641
15 39 12.165750
15 40 13.360847
15 41 12.369996
15 42 13.462152
15 43 12.701440
15 44 13.564487
15 45 14.794125
15 46 13.240833
15 47 14.381825
15 48 14.125719
15 49 13.019901
15 50 11.049813
16 0 14.456845
16 1 11.976631
16 2 12.933211
16 3 14.184914
16 4 11.881847
16 5 11.754604
16 6 11.513293
16 7 14.694084
16 8 11.044819
16 9 13.352873
16 10 11.512696
16 11 11.161601
16 12 11.446581
16 13 12.933444
16 14 12.381113
16 15 13.291755
16 17 14.621549
16 18 11.326564
16 19 13.124641
16 20 14.793964
16 21 11.028937
16 22 11.714870
16 23 13.192045
16 24 11.545789
16 25 11.980398
16 26 13.670287
16 27 14.004876
16 28 12.615196
16 29 13.118915
16 30 14.053920
16 31 14.555273
16 32 11.331759
16 33 14.209252
16 34 12.417776
16 35 11.376538
16 36 10.948966
16 37 12.554699
16 38 11.079184
16 39 14.464262
16 40 14.574911
16 41 11.634350
16 42 13.691398
16 43 14.118518
16 44 11.370905
16 45 12.015514
16 46 13.289688
16 47 13.715248
16 48 13.047369
16 49 14.426268
16 50 12.827769
17 0 13.385492
17 1 12.093654
17 2 11.336894
17 3 12.879198
17 4 13.716042
17 5 13.818324
17 6 12.841061
17 7 11.020710
17 8 11.759986
17 9 12.939648
17 10 11.560710
17 11 11.377326
17 12 12.177777
17 13 11.937456
17 14 13.234101
17 15 13.729823
17 16 14.621549
17 18 13.311657
17 19 14.186369
17 20 11.841567
17 21 12.027060
17 22 13.691765
17 23 11.473021
17 24 12.984313
17 25 12.353017
17 26 11.717890
17 27 13.776847
17 28 12.874219
17 29 13.201049
17 30 11.325390
17 31 12.323629
17 32 14.129746
17 33 14.240001
17 34 11.786040
17 35 12.669447
17 36 11.186367
17 37 11.243133
17 38 11.109742
17 39 12.481122
17 40 13.200568
17 41 13.289063
17 42 13.340940
17 43 12.644146
17 44 12.531653
17 45 11.680750
17 46 13.670978
17 47 13.392871
17 48 12.799824
17 49 13.633914
17 50 14.502518
18 0 11.096855
18 1 12.183887
18 2 11.963520
18 3 11.478705
18 4 11.112644
18 5 14.014781
18 6 12.147964
18 7 12.690060
18 8 14.424036
18 9 12.323019
18 10 11.387946
18 11 12.615560
18 12 12.407439
18 13 11.544246
18 14 14.248590
18 15 11.536057
18 16 11.326564
18 17 13.311657
18 19 14.245246
18 20 13.665886
18 21 11.558986
18 22 11.098803
18 23 11.474822
18 24 11.574946
18 25 11.795356
18 26 13.743296
18 27 11.009534
18 28 12.368497
18 29 14.001037
18 30 11.347665
18 31 11.118043
18 32 13.747007
18 33 13.902126
18 34 11.942480
18 35 12.212654
18 36 12.084088
18 37 12.769238
18 38 11.704054
18 39 11.544729
18 40 12.685271
18 41 12.369765
18 42 12.156438
18 43 11.283545
18 44 13.104903
18 45 10.944774
18 46 13.419560
18 47 12.178778
18 48 11.907909
18 49 11.382996
18 50 13.334850
19 0 13.275849
19 1 12.129481
19 2 11.155749
19 3 12.448126
19 4 13.762037
19 5 13.761002
19 6 11.073079
19 7 12.133171
19 8 11.251711
19 9 12.568342
19 10 14.038555
19 11 14.314319
19 12 12.344933
19 13 13.399525
19 14 12.097187
19 15 12.540662
19 16 13.124641
19 17 14.186369
19 18 14.245246
19 20 11.172627
19 21 12.016828
19 22 14.150824
19 23 11.763431
19 24 14.662347
19 25 11.911020
19 26 12.465790
19 27 12.687447
19 28 13.777877
19 29 11.244270
19 30 14.446412
19 31 13.806950
19 32 14.438488
19 33 14.178960
19 34 11.413126
19 35 12.031684
19 36 13.334617
19 37 14.483976
19 38 13.729276
19 39 11.531598
19 40 13.228435
19 41 12.363712
19 42 11.562689
19 43 10.938770
19 44 12.348171
19 45 14.414509
19 46 12.469881
19 47 12.671666
19 48 10.977140
19 49 14.769052
19 50 13.840860
20 0 14.496500
20 1 13.466638
20 2 13.509345
20 3 13.662917
20 4 14.024890
20 5 13.460056
20 6 11.064136
20 7 11.826606
20 8 13.078789
20 9 12.099108
20 10 13.864828
20 11 12.491415
20 12 12.581461
20 13 13.425812
20 14 14.293048
20 15 11.114198
20 16 14.793964
20 17 11.841567
20 18 13.665886
20 19 11.172627
20 21 10.988250
20 22 14.428284
20 23 10.974487
20 24 14.546324
20 25 13.231802
20 26 12.144876
20 27 13.324830
20 28 12.602270
20 29 14.553043
20 30 13.378417
20 31 11.718077
20 32 14.537465
20 33 12.348790
20 34 12.676377
20 35 14.315568
20 36 14.815413
20 37 11.593652
20 38 14.789850
20 39 12.100811
20 40 14.164733
20 41 13.782203
20 42 12.560482
20 43 11.901220
20 44 14.549108
20 45 11.356449
20 46 14.284891
20 47 11.398332
20 48 12.790739
20 49 11.842821
20 50 11.257559
21 0 11.359552
21 1 14.636009
21 2 11.091059
21 3 12.332433
21 4 12.619956
21 5 11.657439
21 6 11.938723
21 7 14.697246
21 8 13.257584
21 9 13.328129
21 10 11.787787
21 11 11.618592
21 12 12.125947
21 13 12.963967
21 14 10.937211
21 15 12.201241
21 16 11.028937
21 17 12.027060
21 18 11.558986
21 19 12.016828
21 20 10.988250
21 22 11.380560
21 23 12.092135
21 24 11.383970
21 25 14.611836
21 26 13.994506
21 27 14.511752
21 28 14.098907
21 29 12.313772
21 30 14.384871
21 31 10.974980
21 32 14.237696
21 33 12.790734
21 34 11.005960
21 35 12.756682
21 36 13.404968
21 37 14.048745
21 38 11.698188
21 39 14.076313
21 40 11.540292
21 41 14.463702
21 42 12.966113
21 43 13.097621
21 44 13.656908
21 45 12.792511
21 46 12.312237
21 47 14.059061
21 48 13.973709
21 49 14.163005
21 50 12.410991
22 0 13.360762
22 1 14.592487
22 2 13.524187
22 3 14.569698
22 4 13.414109
22 5 13.638692
22 6 11.276662
22 7 14.507058
22 8 13.601957
22 9 11.022014
22 10 14.500859
22 11 13.911502
22 12 11.835697
22 13 11.373378
22 14 12.347687
22 15 13.891849
22 16 11.714870
22 17 13.691765
22 18 11.098803
22 19 14.150824
22 20 14.428284
22 21 11.380560
22 23 13.430903
22 24 11.269527
22 25 14.506170
22 26 14.048190
22 27 13.194725
22 28 11.025803
22 29 12.433551
22 30 12.318654
22 31 13.743799
22 32 12.136004
22 33 11.719730
22 34 14.803684
22 35 11.665377
22 36 11.341703
22 37 13.083912
22 38 11.509372
22 39 11.780892
22 40 12.213877
22 41 11.324171
22 42 14.098791
22 43 11.270883
22 44 11.842215
22 45 14.691079
22 46 12.317587
22 47 12.792768
22 48 14.540032
22 49 11.556616
22 50 13.487251
23 0 11.224290
23 1 11.689543
23 2 13.119200
23 3 11.781150
23 4 14.658461
23 5 12.638053
23 6 11.991450
23 7 12.878316
23 8 14.543963
23 9 11.265133
23 10 13.273726
23 11 13.347579
23 12 10.955147
23 13 12.780036
23 14 12.654009
23 15 11.778611
23 16 13.192045
23 17 11.473021
23 18 11.474822
23 19 11.763431
23 20 10.974487
23 21 12.092135
23 22 13.430903
23 24 11.376628
23 25 14.451115
23 26 12.534035
23 27 11.229829
23 28 11.550948
23 29 12.006678
23 30 11.314600
23 31 11.738573
23 32 12.945872
23 33 11.471395
23 34 13.017304
23 35 11.447126
23 36 14.454802
23 37 11.158409
23 38 13.053115
23 39 11.312625
23 40 14.584243
23 41 14.495059
23 42 13.505177
23 43 11.068292
23 44 11.353142
23 45 11.875353
23 46 11.360432
23 47 13.879886
23 48 13.507026
23 49 12.465488
23 50 11.043189
24 0 12.161302
24 1 13.701057
24 2 13.711509
24 3 13.085618
24 4 12.533517
24 5 11.774249
24 6 12.306735
24 7 12.535360
24 8 11.731255
24 9 13.962324
24 10 11.077683
24 11 14.561347
24 12 13.911183
24 13 11.299583
24 14 13.364751
24 15 10.928014
24 16 11.545789
24 17 12.984313
24 18 11.574946
24 19 14.662347
24 20 14.546324
24 21 11.383970
24 22 11.269527
24 23 11.376628
24 25 13.387895
24 26 13.626906
24 27 11.302132
24 28 11.068666
24 29 13.689515
24 30 13.292371
24 31 11.111434
24 32 13.117931
24 33 11.517624
24 34 13.072506
24 35 13.647347
24 36 12.365930
24 37 11.389360
24 38 14.469396
24 39 13.808877
24 40 13.236597
24 41 14.764667
24 42 12.365611
24 43 12.310916
24 44 12.550944
24 45 12.599338
24 46 11.203851
24 47 14.653554
24 48 13.783858
24 49 11.080369
24 50 14.552765
25 0 13.900008
25 1 11.083337
25 2 14.399935
25 3 12.150364
25 4 13.940067
25 5 12.607683
25 6 14.251843
25 7 12.377712
25 8 13.920822
25 9 13.067218
25 10 13.576480
25 11 14.536771
25 12 11.346342
25 13 14.741723
25 14 13.854328
25 15 13.051070
25 16 11.980398
25 17 12.353017
25 18 11.795356
25 19 11.911020
25 20 13.231802
25 21 14.611836
25 22 14.506170
25 23 14.451115
25 24 13.387895
25 26 14.584802
25 27 11.585838
25 28 14.718628
25 29 12.892241
25 30 13.378109
25 31 12.795464
25 32 13.720085
25 33 13.608580
25 34 11.734421
25 35 12.980272
25 36 12.180700
25 37 13.601505
25 38 12.498855
25 39 14.039978
25 40 11.750625
25 41 11.171400
25 42 12.722920
25 43 11.246608
25 44 12.403034
25 45 12.252154
25 46 12.170613
25 47 13.237614
25 48 11.459827
25 49 11.647619
25 50 13.153242
26 0 12.268577
26 1 11.171503
26 2 11.525140
26 3 12.672064
26 4 13.172294
26 5 12.522673
26 6 13.935957
26 7 12.118550
26 8 13.389895
26 9 13.374100
26 10 11.926978
26 11 13.223398
26 12 11.139591
26 13 14.499711
26 14 14.765612
26 15 14.622763
26 16 13.670287
26 17 11.717890
26 18 13.743296
26 19 12.465790
26 20 12.144876
26 21 13.994506
26 22 14.048190
26 23 12.534035
26 24 13.626906
26 25 14.584802
26 27 12.329489
26 28 11.398418
26 29 11.182424
26 30 12.503040
26 31 14.110116
26 32 12.223793
26 33 14.498611
26 34 14.601420
26 35 13.469109
26 36 14.125310
26 37 13.645604
26 38 14.806846
26 39 11.234647
26 40 13.474279
26 41 11.711275
26 42 14.565943
26 43 13.139300
26 44 12.992388
26 45 12.033953
26 46 12.360394
26 47 13.081125
26 48 14.028893
26 49 13.717176
26 50 12.944848
27 0 12.339637
27 1 12.142075
27 2 12.543159
27 3 13.859861
27 4 12.379137
27 5 11.919988
27 6 13.297735
27 7 12.178036
27 8 12.288256
27 9 12.743843
27 10 13.125617
27 11 13.256602
27 12 13.169911
27 13 14.508526
27 14 13.014991
27 15 14.144396
27 16 14.004876
27 17 13.776847
27 18 11.009534
27 19 12.687447
27 20 13.324830
27 21 14.511752
27 22 13.194725
27 23 11.229829
27 24 11.302132
27 25 11.585838
27 26 12.329489
27 28 12.711942
27 29 13.814725
27 30 13.981842
27 31 11.929405
27 32 14.462994
27 33 13.880071
27 34 13.485840
27 35 13.748292
27 36 13.158677
27 37 11.445619
27 38 14.315212
27 39 14.744276
27 40 13.911836
27 41 11.553850
27 42 11.877017
27 43 12.049990
27 44 12.471327
27 45 13.798178
27 46 12.413476
27 47 13.213864
27 48 13.467085
27 49 11.159151
27 50 12.549308
28 0 12.733299
28 1 12.356962
28 2 12.748160
28 3 12.218039
28 4 13.749556
28 5 14.101148
28 6 14.666734
28 7 14.208204
28 8 14.579001
28 9 14.098006
28 10 11.073527
28 11 14.112989
28 12 12.401247
28 13 13.193753
28 14 14.580183
28 15 13.256221
28 16 12.615196
28 17 12.874219
28 18 12.368497
28 19 13.777877
28 20 12.602270
28 21 14.098907
28 22 11.025803
28 23 11.550948
28 24 11.068666
28 25 14.718628
28 26 11.398418
28 27 12.711942
28 29 13.512613
28 30 10.989049
28 31 14.171711
28 32 13.479914
28 33 12.913033
28 34 13.157513
28 35 14.661605
28 36 12.106864
28 37 14.213021
28 38 11.861699
28 39 13.297404
28 40 14.455700
28 41 14.336362
28 42 13.703556
28 43 14.569897
28 44 13.545683
28 45 11.641806
28 46 12.818990
28 47 13.200382
28 48 12.595369
28 49 13.853772
28 50 11.389599
29 0 13.086116
29 1 13.824009
29 2 12.615508
29 3 11.409953
29 4 11.820440
29 5 14.327221
29 6 13.665629
29 7 14.145244
29 8 11.596185
29 9 13.784977
29 10 11.798937
29 11 14.736367
29 12 13.353011
29 13 14.100001
29 14 14.515369
29 15 10.967107
29 16 13.118915
29 17 13.201049
29 18 14.001037
29 19 11.244270
29 20 14.553043
29 21 12.313772
29 22 12.433551
29 23 12.006678
29 24 13.689515
29 25 12.892241
29 26 11.182424
29 27 13.814725
29 28 13.512613
29 30 11.915606
29 31 11.961866
29 32 12.337788
29 33 10.947587
29 34 11.921800
29 35 11.427692
29 36 14.344852
29 37 12.815127
29 38 14.407420
29 39 13.283382
29 40 12.103620
29 41 13.300974
29 42 11.185302
29 43 12.589617
29 44 11.543763
29 45 13.143766
29 46 11.264325
29 47 11.537315
29 48 12.225161
29 49 13.265034
29 50 13.216352
30 0 11.025427
30 1 11.882096
30 2 13.462167
30 3 11.005352
30 4 13.340867
30 5 13.817474
30 6 13.472689
30 7 12.895268
30 8 12.122275
30 9 14.473150
30 10 11.884445
30 11 12.767875
30 12 14.595796
30 13 13.721203
30 14 13.007976
30 15 12.879748
30 16 14.053920
30 17 11.325390
30 18 11.347665
30 19 14.446412
30 20 13.378417
30 21 14.384871
30 22 12.318654
30 23 11.314600
30 24 13.292371
30 25 13.378109
30 26 12.503040
30 27 13.981842
30 28 10.989049
30 29 11.915606
30 31 11.016401
30 32 13.660120
30 33 14.255707
30 34 12.611552
30 35 12.511781
30 36 14.565585
30 37 14.344852
30 38 13.148091
30 39 12.804215
30 40 13.700138
30 41 13.187260
30 42 12.345306
30 43 11.626228
30 44 13.361969
30 45 12.064557
30 46 11.346196
30 47 11.557152
30 48 11.932361
30 49 12.787267
30 50 14.029530
31 0 13.547800
31 1 14.083259
31 2 11.111904
31 3 14.301447
31 4 11.844191
31 5 13.951801
31 6 12.592555
31 7 11.050845
31 8 14.676440
31 9 14.711284
31 10 13.147781
31 11 13.575319
31 12 11.859822
31 13 12.868449
31 14 14.373661
31 15 13.597077
31 16 14.555273
31 17 12.323629
31 18 11.118043
31 19 13.806950
31 20 11.718077
31 21 10.974980
31 22 13.743799
31 23 11.738573
31 24 11.111434
31 25 12.795464
31 26 14.110116
31 27 11.929405
31 28 14.171711
31 29 11.961866
31 30 11.016401
31 32 13.008612
31 33 14.816139
31 34 11.459013
31 35 13.152916
31 36 11.446623
31 37 11.135591
31 38 13.807511
31 39 14.463295
31 40 12.111758
31 41 14.217207
31 42 12.414572
31 43 11.852763
31 44 11.516986
31 45 11.575318
31 46 13.736383
31 47 11.689077
31 48 13.125872
31 49 13.588554
31 50 12.177526
32 0 12.501039
32 1 12.796607
32 2 14.199918
32 3 12.482131
32 4 12.474162
32 5 13.535949
32 6 13.866445
32 7 13.840046
32 8 11.009946
32 9 14.432734
32 10 13.989481
32 11 12.385382
32 12 13.711131
32 13 13.687480
32 14 14.397629
32 15 12.232832
32 16 11.331759
32 17 14.129746
32 18 13.747007
32 19 14.438488
32 20 14.537465
32 21 14.237696
32 22 12.136004
32 23 12.945872
32 24 13.117931
32 25 13.720085
32 26 12.223793
32 27 14.462994
32 28 13.479914
32 29 12.337788
32 30 13.660120
32 31 13.008612
32 33 12.728822
32 34 11.610929
32 35 13.806280
32 36 11.460622
32 37 13.873985
32 38 14.474654
32 39 14.322324
32 40 12.418785
32 41 13.488141
32 42 11.993515
32 43 13.556666
32 44 11.784313
32 45 11.254873
32 46 11.067468
32 47 12.895685
32 48 11.000914
32 49 13.697268
32 50 12.494564
33 0 14.346311
33 1 12.210390
33 2 14.164363
33 3 11.530328
33 4 13.875209
33 5 11.159729
33 6 12.238537
33 7 14.779132
33 8 11.778980
33 9 14.525565
33 10 11.906304
33 11 12.604931
33 12 14.315189
33 13 11.665560
33 14 13.734006
33 15 11.107152
33 16 14.209252
33 17 14.240001
33 18 13.902126
33 19 14.178960
33 20 12.348790
33 21 12.790734
33 22 11.719730
33 23 11.471395
33 24 11.517624
33 25 13.608580
33 26 14.498611
33 27 13.880071
33 28 12.913033
33 29 10.947587
33 30 14.255707
33 31 14.816139
33 32 12.728822
33 34 13.241416
33 35 12.038600
33 36 13.134595
33 37 12.410016
33 38 14.287635
33 39 11.296361
33 40 12.391283
33 41 12.696307
33 42 12.205909
33 43 14.307353
33 44 13.853942
33 45 12.995942
33 46 12.147702
33 47 13.177479
33 48 11.812380
33 49 11.676203
33 50 12.474110
34 0 12.888530
34 1 13.827086
34 2 14.393918
34 3 12.548311
34 4 14.410301
34 5 11.919792
34 6 14.696362
34 7 10.978205
34 8 12.610646
34 9 12.276408
34 10 13.817312
34 11 14.790929
34 12 13.264356
34 13 13.513325
34 14 11.584752
34 15 11.581694
34 16 12.417776
34 17 11.786040
34 18 11.942480
34 19 11.413126
34 20 12.676377
34 21 11.005960
34 22 14.803684
34 23 13.017304
34 24 13.072506
34 25 11.734421
34 26 14.601420
34 27 13.485840
34 28 13.157513
34 29 11.921800
34 30 12.611552
34 31 11.459013
34 32 11.610929
34 33 13.241416
34 35 13.003205
34 36 14.591411
34 37 12.983123
34 38 11.020251
34 39 11.412371
34 40 14.265283
34 41 11.735388
34 42 11.266942
34 43 12.847727
34 44 12.240839
34 45 13.509046
34 46 13.447138
34 47 14.482033
34 48 13.117297
34 49 13.933801
34 50 13.598236
35 0 12.745846
35 1 12.613192
35 2 12.871583
35 3 12.815955
35 4 14.509403
35 5 12.163805
35 6 13.202174
35 7 11.938911
35 8 11.378886
35 9 13.885170
35 10 12.187085
35 11 12.488988
35 12 14.096970
35 13 12.510525
35 14 14.273147
35 15 11.298378
35 16 11.376538
35 17 12.669447
35 18 12.212654
35 19 12.031684
35 20 14.315568
35 21 12.756682
35 22 11.665377
35 23 11.447126
35 24 13.647347
35 25 12.980272
35 26 13.469109
35 27 13.748292
35 28 14.661605
35 29 11.427692
35 30 12.511781
35 31 13.152916
35 32 13.806280
35 33 12.038600
35 34 13.003205
35 36 13.286087
35 37 14.400968
35 38 12.228844
35 39 12.956375
35 40 12.858136
35 41 14.480118
35 42 11.004328
35 43 13.819615
35 44 14.291420
35 45 12.560514
35 46 13.047464
35 47 13.015027
35 48 14.755032
35 49 11.364057
35 50 14.081206
36 0 14.259494
36 1 14.600667
36 2 12.615598
36 3 13.551389
36 4 13.326002
36 5 13.488512
36 6 11.454360
36 7 11.424242
36 8 12.606721
36 9 11.331859
36 10 14.540096
36 11 12.459404
36 12 11.663838
36 13 13.726296
36 14 11.807678
36 15 11.221503
36 16 10.948966
36 17 11.186367
36 18 12.084088
36 19 13.334617
36 20 14.815413
36 21 13.404968
36 22 11.341703
36 23 14.454802
36 24 12.365930
36 25 12.180700
36 26 14.125310
36 27 13.158677
36 28 12.106864
36 29 14.344852
36 30 14.565585
36 31 11.446623
36 32 11.460622
36 33 13.134595
36 34 14.591411
36 35 13.286087
36 37 12.422194
36 38 11.023643
36 39 13.912957
36 40 13.098545
36 41 14.130146
36 42 13.681426
36 43 11.186403
36 44 10.998404
36 45 12.176954
36 46 13.392259
36 47 11.699760
36 48 13.396123
36 49 10.954665
36 50 11.670513
37 0 13.823839
37 1 12.774042
37 2 13.795165
37 3 12.283907
37 4 12.808904
37 5 11.444086
37 6 11.957002
37 7 12.627012
37 8 13.043186
37 9 14.046631
37 10 14.455200
37 11 14.545181
37 12 13.392153
37 13 11.166820
37 14 11.875317
37 15 11.695409
37 16 12.554699
37 17 11.243133
37 18 12.769238
37 19 14.483976
37 20 11.593652
37 21 14.048745
37 22 13.083912
37 23 11.158409
37 24 11.389360
37 25 13.601505
37 26 13.645604
37 27 11.445619
37 28 14.213021
37 29 12.815127
37 30 14.344852
37 31 11.135591
37 32 13.873985
37 33 12.410016
37 34 12.983123
37 35 14.400968
37 36 12.422194
37 38 11.226868
37 39 14.684680
37 40 12.156024
37 41 12.813849
37 42 11.596069
37 43 12.596507
37 44 13.659933
37 45 12.727387
37 46 13.702677
37 47 13.387315
37 48 12.928961
37 49 13.562679
37 50 13.756745
38 0 14.338717
38 1 11.699942
38 2 13.744931
38 3 10.979086
38 4 12.174838
38 5 13.697298
38 6 12.917236
38 7 12.293194
38 8 11.296881
38 9 13.451828
38 10 11.350166
38 11 14.445296
38 12 13.170398
38 13 11.271812
38 14 12.589527
38 15 12.678641
38 16 11.079184
38 17 11.109742
38 18 11.704054
38 19 13.729276
38 20 14.789850
38 21 11.698188
38 22 11.509372
38 23 13.053115
38 24 14.469396
38 25 12.498855
38 26 14.806846
38 27 14.315212
38 28 11.861699
38 29 14.407420
38 30 13.148091
38 31 13.807511
38 32 14.474654
38 33 14.287635
38 34 11.020251
38 35 12.228844
38 36 11.023643
38 37 11.226868
38 39 12.639530
38 40 14.218969
38 41 13.574965
38 42 13.339457
38 43 11.033007
38 44 12.707579
38 45 13.137994
38 46 13.974384
38 47 13.590958
38 48 12.106798
38 49 14.456043
38 50 12.381550
39 0 13.230973
39 1 12.643287
39 2 11.256502
39 3 12.939161
39 4 11.955059
39 5 14.244472
39 6 13.297286
39 7 13.841410
39 8 12.957167
39 9 12.538926
39 10 12.863992
39 11 11.203412
39 12 14.027270
39 13 11.197961
39 14 12.102011
39 15 12.165750
39 16 14.464262
39 17 12.481122
39 18 11.544729
39 19 11.531598
39 20 12.100811
39 21 14.076313
39 22 11.780892
39 23 11.312625
39 24 13.808877
39 25 14.039978
39 26 11.234647
39 27 14.744276
39 28 13.297404
39 29 13.283382
39 30 12.804215
39 31 14.463295
39 32 14.322324
39 33 11.296361
39 34 11.412371
39 35 12.956375
39 36 13.912957
39 37 14.684680
39 38 12.639530
39 40 14.716998
39 41 12.733847
39 42 13.398604
39 43 13.301019
39 44 12.178758
39 45 14.379423
39 46 13.278457
39 47 12.513445
39 48 13.156629
39 49 11.208360
39 50 12.488294
40 0 13.358877
40 1 14.798032
40 2 11.188318
40 3 14.785384
40 4 12.775725
40 5 14.394657
40 6 11.490671
40 7 13.268488
40 8 11.727798
40 9 10.972702
40 10 11.075698
40 11 12.461061
40 12 14.542842
40 13 12.019683
40 14 14.617175
40 15 13.360847
40 16 14.574911
40 17 13.200568
40 18 12.685271
40 19 13.228435
40 20 14.164733
40 21 11.540292
40 22 12.213877
40 23 14.584243
40 24 13.236597
40 25 11.750625
40 26 13.474279
40 27 13.911836
40 28 14.455700
40 29 12.103620
40 30 13.700138
40 31 12.111758
40 32 12.418785
40 33 12.391283
40 34 14.265283
40 35 12.858136
40 36 13.098545
40 37 12.156024
40 38 14.218969
40 39 14.716998
40 41 10.963982
40 42 14.456734
40 43 11.621727
40 44 12.534596
40 45 11.656244
40 46 12.684163
40 47 14.723649
40 48 12.355845
40 49 11.418176
40 50 12.321415
41 0 13.290677
41 1 11.641305
41 2 13.763201
41 3 12.659492
41 4 14.679519
41 5 12.538707
41 6 14.775078
41 7 12.303113
41 8 14.173815
41 9 13.504010
41 10 11.252323
41 11 11.413679
41 12 14.053913
41 13 14.676056
41 14 14.663182
41 15 12.369996
41 16 11.634350
41 17 13.289063
41 18 12.369765
41 19 12.363712
41 20 13.782203
41 21 14.463702
41 22 11.324171
41 23 14.495059
41 24 14.764667
41 25 11.171400
41 26 11.711275
41 27 11.553850
41 28 14.336362
41 29 13.300974
41 30 13.187260
41 31 14.217207
41 32 13.488141
41 33 12.696307
41 34 11.735388
41 35 14.480118
41 36 14.130146
41 37 12.813849
41 38 13.574965
41 39 12.733847
41 40 10.963982
41 42 13.437471
41 43 11.587786
41 44 11.229411
41 45 14.753905
41 46 14.331099
41 47 12.115803
41 48 14.660771
41 49 11.747920
41 50 11.714400
42 0 13.640802
42 1 11.565919
42 2 11.851180
42 3 13.728509
42 4 12.761869
42 5 13.227493
42 6 13.521820
42 7 14.413894
42 8 13.178664
42 9 13.093974
42 10 14.518045
42 11 14.552689
42 12 11.838449
42 13 12.022416
42 14 13.275498
42 15 13.462152
42 16 13.691398
42 17 13.340940
42 18 12.156438
42 19 11.562689
42 20 12.560482
42 21 12.966113
42 22 14.098791
42 23 13.505177
42 24 12.365611
42 25 12.722920
42 26 14.565943
42 27 11.877017
42 28 13.703556
42 29 11.185302
42 30 12.345306
42 31 12.414572
42 32 11.993515
42 33 12.205909
42 34 11.266942
42 35 11.004328
42 36 13.681426
42 37 11.596069
42 38 13.339457
42 39 13.398604
42 40 14.456734
42 41 13.437471
42 43 14.678038
42 44 14.408105
42 45 12.806402
42 46 13.623474
42 47 14.476313
42 48 13.827397
42 49 12.194579
42 50 12.545419
43 0 12.769269
43 1 12.609967
43 2 12.728175
43 3 12.721300
43 4 11.484675
43 5 12.387374
43 6 12.846940
43 7 12.364977
43 8 13.189754
43 9 11.307106
43 10 13.832215
43 11 14.686267
43 12 14.202119
43 13 11.220960
43 14 10.997313
43 15 12.701440
43 16 14.118518
43 17 12.644146
43 18 11.283545
43 19 10.938770
43 20 11.901220
43 21 13.097621
43 22 11.270883
43 23 11.068292
43 24 12.310916
43 25 11.246608
43 26 13.139300
43 27 12.049990
43 28 14.569897
43 29 12.589617
43 30 11.626228
43 31 11.852763
43 32 13.556666
43 33 14.307353
43 34 12.847727
43 35 13.819615
43 36 11.186403
43 37 12.596507
43 38 11.033007
43 39 13.301019
43 40 11.621727
43 41 11.587786
43 42 14.678038
43 44 12.772007
43 45 14.287027
43 46 12.950805
43 47 14.665011
43 48 14.748693
43 49 11.078598
43 50 12.066355
44 0 12.331199
44 1 14.188000
44 2 13.666199
44 3 13.378596
44 4 14.745222
44 5 11.937154
44 6 12.598452
44 7 14.592135
44 8 12.402868
44 9 12.272789
44 10 13.256247
44 11 11.153377
44 12 13.380056
44 13 13.005156
44 14 11.595492
44 15 13.564487
44 16 11.370905
44 17 12.531653
44 18 13.104903
44 19 12.348171
44 20 14.549108
44 21 13.656908
44 22 11.842215
44 23 11.353142
44 24 12.550944
44 25 12.403034
44 26 12.992388
44 27 12.471327
44 28 13.545683
44 29 11.543763
44 30 13.361969
44 31 11.516986
44 32 11.784313
44 33 13.853942
44 34 12.240839
44 35 14.291420
44 36 10.998404
44 37 13.659933
44 38 12.707579
44 39 12.178758
44 40 12.534596
44 41 11.229411
44 42 14.408105
44 43 12.772007
44 45 14.267158
44 46 11.697373
44 47 14.698612
44 48 14.491695
44 49 14.014924
44 50 12.892014
45 0 14.052827
45 1 14.621804
45 2 11.276900
45 3 11.937040
45 4 14.283577
45 5 12.557123
45 6 11.537083
45 7 14.039277
45 8 13.348773
45 9 11.776014
45 10 12.544694
45 11 13.408692
45 12 12.439122
45 13 13.324147
45 14 14.022560
45 15 14.794125
45 16 12.015514
45 17 11.680750
45 18 10.944774
45 19 14.414509
45 20 11.356449
45 21 12.792511
45 22 14.691079
45 23 11.875353
45 24 12.599338
45 25 12.252154
45 26 12.033953
45 27 13.798178
45 28 11.641806
45 29 13.143766
45 30 12.064557
45 31 11.575318
45 32 11.254873
45 33 12.995942
45 34 13.509046
45 35 12.560514
45 36 12.176954
45 37 12.727387
45 38 13.137994
45 39 14.379423
45 40 11.656244
45 41 14.753905
45 42 12.806402
45 43 14.287027
45 44 14.267158
45 46 11.323305
45 47 11.064966
45 48 13.575042
45 49 13.275242
45 50 13.780106
46 0 11.271558
46 1 11.556327
46 2 13.428276
46 3 14.131442
46 4 11.302433
46 5 13.312106
46 6 11.121596
46 7 12.510686
46 8 13.116144
46 9 11.694944
46 10 12.774390
46 11 11.448479
46 12 11.185448
46 13 10.944978
46 14 13.071813
46 15 13.240833
46 16 13.289688
46 17 13.670978
46 18 13.419560
46 19 12.469881
46 20 14.284891
46 21 12.312237
46 22 12.317587
46 23 11.360432
46 24 11.203851
46 25 12.170613
46 26 12.360394
46 27 12.413476
46 28 12.818990
46 29 11.264325
46 30 11.346196
46 31 13.736383
46 32 11.067468
46 33 12.147702
46 34 13.447138
46 35 13.047464
46 36 13.392259
46 37 13.702677
46 38 13.974384
46 39 13.278457
46 40 12.684163
46 41 14.331099
46 42 13.623474
46 43 12.950805
46 44 11.697373
46 45 11.323305
46 47 13.940093
46 48 12.356324
46 49 11.033766
46 50 11.175719
47 0 11.997232
47 1 12.941915
47 2 14.719930
47 3 13.460687
47 4 12.119405
47 5 12.644934
47 6 12.388690
47 7 11.706559
47 8 14.637015
47 9 12.786339
47 10 14.488668
47 11 13.542560
47 12 11.985678
47 13 14.803889
47 14 12.305078
47 15 14.381825
47 16 13.715248
47 17 13.392871
47 18 12.178778
47 19 12.671666
47 20 11.398332
47 21 14.059061
47 22 12.792768
47 23 13.879886
47 24 14.653554
47 25 13.237614
47 26 13.081125
47 27 13.213864
47 28 13.200382
47 29 11.537315
47 30 11.557152
47 31 11.689077
47 32 12.895685
47 33 13.177479
47 34 14.482033
47 35 13.015027
47 36 11.699760
47 37 13.387315
47 38 13.590958
47 39 12.513445
47 40 14.723649
47 41 12.115803
47 42 14.476313
47 43 14.665011
47 44 14.698612
47 45 11.064966
47 46 13.940093
47 48 11.019731
47 49 11.900414
47 50 13.526183
48 0 13.219903
48 1 14.130100
48 2 12.986630
48 3 10.951144
48 4 12.049310
48 5 14.694082
48 6 14.582253
48 7 11.350903
48 8 13.134015
48 9 12.100394
48 10 13.354839
48 11 12.190237
48 12 12.177154
48 13 13.880700
48 14 13.215471
48 15 14.125719
48 16 13.047369
48 17 12.799824
48 18 11.907909
48 19 10.977140
48 20 12.790739
48 21 13.973709
48 22 14.540032
48 23 13.507026
48 24 13.783858
48 25 11.459827
48 26 14.028893
48 27 13.467085
48 28 12.595369
48 29 12.225161
48 30 11.932361
48 31 13.125872
48 32 11.000914
48 33 11.812380
48 34 13.117297
48 35 14.755032
48 36 13.396123
48 37 12.928961
48 38 12.106798
48 39 13.156629
48 40 12.355845
48 41 14.660771
48 42 13.827397
48 43 14.748693
48 44 14.491695
48 45 13.575042
48 46 12.356324
48 47 11.019731
48 49 11.184868
48 50 11.057029
49 0 12.332250
49 1 12.577112
49 2 11.009710
49 3 14.650384
49 4 11.397154
49 5 14.160304
49 6 12.825261
49 7 12.397304
49 8 13.336135
49 9 11.051417
49 10 14.470130
49 11 12.812415
49 12 11.199545
49 13 14.801969
49 14 11.213954
49 15 13.019901
49 16 14.426268
49 17 13.633914
49 18 11.382996
49 19 14.769052
49 20 11.842821
49 21 14.163005
49 22 11.556616
49 23 12.465488
49 24 11.080369
49 25 11.647619
49 26 13.717176
49 27 11.159151
49 28 13.853772
49 29 13.265034
49 30 12.787267
49 31 13.588554
49 32 13.697268
49 33 11.676203
49 34 13.933801
49 35 11.364057
49 36 10.954665
49 37 13.562679
49 38 14.456043
49 39 11.208360
49 40 11.418176
49 41 11.747920
49 42 12.194579
49 43 11.078598
49 44 14.014924
49 45 13.275242
49 46 11.033766
49 47 11.900414
49 48 11.184868
49 50 14.332394
50 0 14.050720
50 1 10.952148
50 2 13.279415
50 3 12.861385
50 4 14.637204
50 5 12.294649
50 6 12.270103
50 7 13.290858
50 8 13.118404
50 9 14.683199
50 10 12.956330
50 11 14.624829
50 12 12.292379
50 13 13.280312
50 14 13.631322
50 15 11.049813
50 16 12.827769
50 17 14.502518
50 18 13.334850
50 19 13.840860
50 20 11.257559
50 21 12.410991
50 22 13.487251
50 23 11.043189
50 24 14.552765
50 25 13.153242
50 26 12.944848
50 27 12.549308
50 28 11.389599
50 29 13.216352
50 30 14.029530
50 31 12.177526
50 32 12.494564
50 33 12.474110
50 34 13.598236
50 35 14.081206
50 36 11.670513
50 37 13.756745
50 38 12.381550
50 39 12.488294
50 40 12.321415
50 41 11.714400
50 42 12.545419
50 43 12.066355
50 44 12.892014
50 45 13.780106
50 46 11.175719
50 47 13.526183
50 48 11.057029
50 49 14.332394
