# i j vmax_ij_m_per_s; symmetric values generated with Uniform(0.7,0.95)*15.6
0 1 14.056807
0 2 13.350380
0 3 10.953878
0 4 13.567148
0 5 11.101559
0 6 13.274810
0 7 11.096623
0 8 12.741398
0 9 12.748351
0 10 11.563806
0 11 11.000237
0 12 12.516055
0 13 13.205052
0 14 12.075148
0 15 12.532457
0 16 12.118659
0 17 13.104528
0 18 13.252137
0 19 12.513248
0 20 13.395755
0 21 13.595721
0 22 14.754028
0 23 12.655227
0 24 12.254662
0 25 11.401247
0 26 11.286847
0 27 14.447525
0 28 11.029142
0 29 11.281153
0 30 13.913878
0 31 12.638621
0 32 14.429150
0 33 12.625432
0 34 14.269996
0 35 12.008057
0 36 13.590365
0 37 12.715648
0 38 13.225272
0 39 14.394704
0 40 11.390322
0 41 12.318355
0 42 13.544340
0 43 11.323141
0 44 11.722785
0 45 11.940287
0 46 13.984275
0 47 12.004060
0 48 13.362109
0 49 14.077594
0 50 13.300106
1 0 14.056807
1 2 12.299442
1 3 13.042620
1 4 12.923612
1 5 13.640829
1 6 12.110039
1 7 14.451604
1 8 13.695127
1 9 14.181539
1 10 12.313176
1 11 14.802348
1 12 13.637550
1 13 11.651476
1 14 11.242295
1 15 14.344975
1 16 14.710207
1 17 12.254895
1 18 13.401900
1 19 12.667173
1 20 11.575294
1 21 13.617671
1 22 12.886069
1 23 13.028780
1 24 11.894174
1 25 14.237964
1 26 12.063782
1 27 11.705077
1 28 14.727786
1 29 14.636367
1 30 13.812903
1 31 14.149964
1 32 12.876573
1 33 12.876576
1 34 14.059215
1 35 12.630174
1 36 14.601475
1 37 11.254617
1 38 12.806784
1 39 13.966242
1 40 11.697684
1 41 13.537243
1 42 14.065358
1 43 11.320777
1 44 12.144393
1 45 11.049757
1 46 11.462335
1 47 13.901161
1 48 12.343976
1 49 11.437221
1 50 13.487324
2 0 13.350380
2 1 12.299442
2 3 11.745549
2 4 12.281870
2 5 14.642289
2 6 14.019355
2 7 11.287294
2 8 12.344465
2 9 12.834368
2 10 11.624869
2 11 14.072787
2 12 13.609998
2 13 11.432917
2 14 13.196368
2 15 12.063533
2 16 13.558169
2 17 11.561786
2 18 11.879397
2 19 13.198179
2 20 11.029771
2 21 11.259640
2 22 14.239410
2 23 13.608424
2 24 14.044857
2 25 12.338017
2 26 11.255321
2 27 14.400781
2 28 13.220033
2 29 12.860093
2 30 11.285125
2 31 13.686971
2 32 11.568798
2 33 11.966721
2 34 12.091871
2 35 11.126798
2 36 14.555781
2 37 12.092729
2 38 12.121676
2 39 14.109552
2 40 11.011704
2 41 13.282052
2 42 13.636836
2 43 13.632502
2 44 14.439878
2 45 13.213125
2 46 11.661486
2 47 13.318806
2 48 13.797327
2 49 11.623644
2 50 14.287447
3 0 10.953878
3 1 13.042620
3 2 11.745549
3 4 11.879751
3 5 14.102204
3 6 14.563821
3 7 12.932054
3 8 13.933130
3 9 12.961328
3 10 13.826073
3 11 14.112194
3 12 13.540781
3 13 14.170565
3 14 12.025404
3 15 12.337534
3 16 12.748415
3 17 11.403418
3 18 11.535835
3 19 12.786662
3 20 11.775326
3 21 12.192341
3 22 12.460577
3 23 12.066319
3 24 14.001094
3 25 14.572965
3 26 14.367629
3 27 12.693328
3 28 13.675583
3 29 13.509184
3 30 14.721632
3 31 11.991731
3 32 13.883910
3 33 11.121109
3 34 13.229479
3 35 13.291225
3 36 14.495467
3 37 12.946546
3 38 12.697301
3 39 11.929839
3 40 13.631317
3 41 11.085737
3 42 11.161393
3 43 13.026514
3 44 12.315597
3 45 11.404316
3 46 14.550083
3 47 11.701495
3 48 13.056248
3 49 12.563960
3 50 11.753718
4 0 13.567148
4 1 12.923612
4 2 12.281870
4 3 11.879751
4 5 14.212965
4 6 12.276582
4 7 12.720081
4 8 11.012057
4 9 11.575557
4 10 13.598754
4 11 11.494740
4 12 14.816358
4 13 12.466557
4 14 14.556603
4 15 14.670384
4 16 14.492630
4 17 13.650226
4 18 12.096929
4 19 14.149922
4 20 14.136616
4 21 13.869168
4 22 12.314479
4 23 13.571226
4 24 14.699937
4 25 14.632059
4 26 12.738613
4 27 13.823602
4 28 12.300254
4 29 14.140981
4 30 12.201848
4 31 11.390449
4 32 11.248384
4 33 13.623600
4 34 11.476341
4 35 12.258811
4 36 13.173749
4 37 12.651072
4 38 10.924441
4 39 11.527321
4 40 11.915490
4 41 11.083296
4 42 11.477357
4 43 14.318228
4 44 13.286308
4 45 12.753115
4 46 12.769750
4 47 13.927824
4 48 12.574429
4 49 13.544835
4 50 12.463445
5 0 11.101559
5 1 13.640829
5 2 14.642289
5 3 14.102204
5 4 14.212965
5 6 12.472674
5 7 12.917309
5 8 12.216508
5 9 13.714209
5 10 14.492537
5 11 13.382309
5 12 13.486109
5 13 13.802955
5 14 14.308137
5 15 14.378999
5 16 14.685670
5 17 13.658965
5 18 12.713949
5 19 14.547789
5 20 14.656662
5 21 14.403322
5 22 11.965027
5 23 11.688763
5 24 13.678137
5 25 10.935197
5 26 14.619795
5 27 12.988945
5 28 12.788184
5 29 13.860585
5 30 11.804562
5 31 13.645363
5 32 11.364289
5 33 13.918282
5 34 14.086961
5 35 14.516400
5 36 14.561197
5 37 11.632907
5 38 14.726901
5 39 12.787035
5 40 13.306713
5 41 13.057143
5 42 11.307982
5 43 12.576942
5 44 12.804263
5 45 12.070138
5 46 12.805318
5 47 13.689627
5 48 14.060912
5 49 14.438814
5 50 14.181369
6 0 13.274810
6 1 12.110039
6 2 14.019355
6 3 14.563821
6 4 12.276582
6 5 12.472674
6 7 14.353222
6 8 11.933857
6 9 14.595105
6 10 12.613587
6 11 14.803711
6 12 13.297415
6 13 11.047169
6 14 14.297760
6 15 14.682785
6 16 14.783906
6 17 14.581320
6 18 13.139242
6 19 12.649077
6 20 12.452199
6 21 14.350201
6 22 11.296095
6 23 13.140895
6 24 12.066182
6 25 14.792567
6 26 12.500555
6 27 14.278919
6 28 10.931541
6 29 13.154941
6 30 13.444033
6 31 14.581232
6 32 13.020441
6 33 11.711635
6 34 11.207941
6 35 12.097029
6 36 12.261204
6 37 12.327258
6 38 14.052888
6 39 12.390326
6 40 13.174681
6 41 14.118260
6 42 11.629069
6 43 12.246175
6 44 13.340469
6 45 10.994612
6 46 14.347242
6 47 11.394227
6 48 13.042170
6 49 12.317382
6 50 12.902499
7 0 11.096623
7 1 14.451604
7 2 11.287294
7 3 12.932054
7 4 12.720081
7 5 12.917309
7 6 14.353222
7 8 12.181221
7 9 12.350370
7 10 13.289494
7 11 13.647121
7 12 14.804572
7 13 11.213614
7 14 13.941398
7 15 11.548679
7 16 12.650814
7 17 11.500407
7 18 12.578210
7 19 12.515015
7 20 12.707093
7 21 11.988604
7 22 14.030396
7 23 14.560403
7 24 14.511962
7 25 11.823087
7 26 14.520492
7 27 11.976647
7 28 12.581227
7 29 14.395525
7 30 14.548526
7 31 11.063305
7 32 14.366126
7 33 13.330496
7 34 13.577369
7 35 13.431831
7 36 14.266680
7 37 11.969838
7 38 11.358580
7 39 13.096436
7 40 12.742027
7 41 13.278449
7 42 12.104821
7 43 14.766304
7 44 14.103794
7 45 12.895037
7 46 13.330481
7 47 11.768543
7 48 11.636934
7 49 12.791942
7 50 11.800358
8 0 12.741398
8 1 13.695127
8 2 12.344465
8 3 13.933130
8 4 11.012057
8 5 12.216508
8 6 11.933857
8 7 12.181221
8 9 13.481025
8 10 12.248734
8 11 11.232307
8 12 14.186390
8 13 11.814561
8 14 14.609353
8 15 13.856040
8 16 14.134341
8 17 13.917377
8 18 13.214689
8 19 11.648915
8 20 12.995042
8 21 14.675050
8 22 14.305903
8 23 14.238397
8 24 11.363071
8 25 14.784120
8 26 12.174657
8 27 12.076829
8 28 13.640486
8 29 11.070760
8 30 11.272790
8 31 11.447510
8 32 13.662633
8 33 11.570851
8 34 13.473437
8 35 12.814532
8 36 14.244495
8 37 11.925808
8 38 11.405389
8 39 14.684707
8 40 13.394005
8 41 11.126657
8 42 12.630853
8 43 12.072854
8 44 13.773018
8 45 13.253583
8 46 14.347475
8 47 14.084702
8 48 12.430999
8 49 12.161430
8 50 12.224309
9 0 12.748351
9 1 14.181539
9 2 12.834368
9 3 12.961328
9 4 11.575557
9 5 13.714209
9 6 14.595105
9 7 12.350370
9 8 13.481025
9 10 13.167660
9 11 11.630820
9 12 13.189174
9 13 11.093183
9 14 12.381179
9 15 12.516070
9 16 11.939741
9 17 14.775565
9 18 14.398236
9 19 11.345903
9 20 11.820846
9 21 14.018378
9 22 11.751751
9 23 12.400619
9 24 11.310380
9 25 12.976740
9 26 12.055754
9 27 13.286243
9 28 12.918494
9 29 11.381888
9 30 12.275698
9 31 12.369433
9 32 14.767950
9 33 12.368304
9 34 11.859062
9 35 13.752089
9 36 13.621486
9 37 11.103227
9 38 11.776263
9 39 13.809198
9 40 14.693830
9 41 13.512985
9 42 11.698554
9 43 11.961789
9 44 14.733728
9 45 12.788554
9 46 12.611925
9 47 11.078856
9 48 14.156240
9 49 13.704380
9 50 11.292661
10 0 11.563806
10 1 12.313176
10 2 11.624869
10 3 13.826073
10 4 13.598754
10 5 14.492537
10 6 12.613587
10 7 13.289494
10 8 12.248734
10 9 13.167660
10 11 14.041016
10 12 12.392089
10 13 13.778369
10 14 14.178647
10 15 12.018652
10 16 12.447092
10 17 12.371077
10 18 11.139876
10 19 13.082284
10 20 13.653678
10 21 10.964466
10 22 11.889342
10 23 13.985309
10 24 12.736053
10 25 13.021315
10 26 13.478476
10 27 12.223217
10 28 11.157946
10 29 12.829414
10 30 13.778403
10 31 12.874548
10 32 11.837140
10 33 13.890069
10 34 14.195951
10 35 12.196833
10 36 14.018236
10 37 14.153687
10 38 12.806160
10 39 12.211294
10 40 13.386009
10 41 13.452785
10 42 13.179086
10 43 12.033523
10 44 12.316253
10 45 11.715919
10 46 13.929171
10 47 12.597901
10 48 13.183717
10 49 14.043882
10 50 12.808378
11 0 11.000237
11 1 14.802348
11 2 14.072787
11 3 14.112194
11 4 11.494740
11 5 13.382309
11 6 14.803711
11 7 13.647121
11 8 11.232307
11 9 11.630820
11 10 14.041016
11 12 12.195371
11 13 12.435145
11 14 12.640285
11 15 14.657538
11 16 13.112816
11 17 11.738237
11 18 12.280503
11 19 12.759208
11 20 13.212165
11 21 12.990952
11 22 13.701067
11 23 12.710998
11 24 12.224931
11 25 14.055766
11 26 11.765080
11 27 14.261574
11 28 12.936045
11 29 13.125674
11 30 13.202196
11 31 13.100986
11 32 11.154704
11 33 12.536211
11 34 12.502707
11 35 13.260728
11 36 12.586520
11 37 14.462344
11 38 11.066657
11 39 13.555231
11 40 11.668800
11 41 12.977808
11 42 14.349282
11 43 11.146359
11 44 14.461107
11 45 11.249596
11 46 11.224761
11 47 13.320941
11 48 12.125520
11 49 14.398185
11 50 11.666251
12 0 12.516055
12 1 13.637550
12 2 13.609998
12 3 13.540781
12 4 14.816358
12 5 13.486109
12 6 13.297415
12 7 14.804572
12 8 14.186390
12 9 13.189174
12 10 12.392089
12 11 12.195371
12 13 14.285194
12 14 11.258218
12 15 14.032487
12 16 12.910760
12 17 12.172594
12 18 13.018080
12 19 14.222043
12 20 13.625289
12 21 12.322973
12 22 14.602645
12 23 11.349166
12 24 10.932762
12 25 11.743186
12 26 12.597462
12 27 12.983712
12 28 14.446520
12 29 11.277372
12 30 14.697661
12 31 12.078954
12 32 12.993859
12 33 11.284504
12 34 13.859931
12 35 10.935544
12 36 11.853722
12 37 12.322598
12 38 11.131722
12 39 11.903136
12 40 12.349553
12 41 12.008513
12 42 14.435725
12 43 11.208498
12 44 14.265775
12 45 12.971252
12 46 11.946452
12 47 14.469756
12 48 14.032312
12 49 13.292822
12 50 12.425598
13 0 13.205052
13 1 11.651476
13 2 11.432917
13 3 14.170565
13 4 12.466557
13 5 13.802955
13 6 11.047169
13 7 11.213614
13 8 11.814561
13 9 11.093183
13 10 13.778369
13 11 12.435145
13 12 14.285194
13 14 11.752674
13 15 12.059965
13 16 14.534648
13 17 14.767972
13 18 11.131535
13 19 11.657538
13 20 13.390305
13 21 13.773984
13 22 12.431263
13 23 13.764829
13 24 12.864308
13 25 11.278734
13 26 14.185968
13 27 11.532176
13 28 14.566787
13 29 14.479541
13 30 12.323473
13 31 12.874488
13 32 14.318585
13 33 11.053761
13 34 11.692043
13 35 13.654418
13 36 13.984347
13 37 12.714819
13 38 12.115875
13 39 12.946382
13 40 13.123691
13 41 12.396547
13 42 11.132984
13 43 11.334547
13 44 14.347520
13 45 14.350599
13 46 11.145967
13 47 14.603778
13 48 13.921560
13 49 13.714502
13 50 11.535586
14 0 12.075148
14 1 11.242295
14 2 13.196368
14 3 12.025404
14 4 14.556603
14 5 14.308137
14 6 14.297760
14 7 13.941398
14 8 14.609353
14 9 12.381179
14 10 14.178647
14 11 12.640285
14 12 11.258218
14 13 11.752674
14 15 13.370406
14 16 12.009448
14 17 13.696926
14 18 12.601644
14 19 12.551354
14 20 11.016503
14 21 12.975051
14 22 11.074650
14 23 13.372791
14 24 14.750168
14 25 14.767304
14 26 11.586574
14 27 12.036378
14 28 13.326586
14 29 14.179134
14 30 13.909488
14 31 13.662774
14 32 13.517765
14 33 14.457493
14 34 12.814315
14 35 12.289443
14 36 14.466593
14 37 14.640353
14 38 12.902002
14 39 14.704256
14 40 12.464999
14 41 11.154332
14 42 14.432906
14 43 12.101478
14 44 12.409942
14 45 13.414177
14 46 12.918666
14 47 12.554783
14 48 13.211056
14 49 14.515074
14 50 12.709130
15 0 12.532457
15 1 14.344975
15 2 12.063533
15 3 12.337534
15 4 14.670384
15 5 14.378999
15 6 14.682785
15 7 11.548679
15 8 13.856040
15 9 12.516070
15 10 12.018652
15 11 14.657538
15 12 14.032487
15 13 12.059965
15 14 13.370406
15 16 12.474366
15 17 13.137569
15 18 14.330020
15 19 11.637181
15 20 11.681805
15 21 12.104021
15 22 13.656236
15 23 11.172920
15 24 14.099112
15 25 11.972003
15 26 13.285977
15 27 12.357414
15 28 13.803556
15 29 13.329671
15 30 12.201373
15 31 13.767930
15 32 11.543275
15 33 14.507996
15 34 12.209640
15 35 14.150727
15 36 12.316792
15 37 12.562562
15 38 13.437303
15 39 12.066857
15 40 13.829124
15 41 11.207933
15 42 14.769134
15 43 13.887750
15 44 14.542584
15 45 13.284515
15 46 13.248909
15 47 14.163948
15 48 14.245305
15 49 13.310994
15 50 13.964971
16 0 12.118659
16 1 14.710207
16 2 13.558169
16 3 12.748415
16 4 14.492630
16 5 14.685670
16 6 14.783906
16 7 12.650814
16 8 14.134341
16 9 11.939741
16 10 12.447092
16 11 13.112816
16 12 12.910760
16 13 14.534648
16 14 12.009448
16 15 12.474366
16 17 12.384744
16 18 14.520997
16 19 12.884374
16 20 11.097725
16 21 11.233173
16 22 14.152342
16 23 12.494269
16 24 14.791331
16 25 14.362840
16 26 13.934748
16 27 12.458845
16 28 12.836868
16 29 10.978934
16 30 13.786118
16 31 11.516445
16 32 13.706304
16 33 13.838257
16 34 13.204422
16 35 12.769923
16 36 11.290246
16 37 10.940333
16 38 12.325201
16 39 12.331019
16 40 14.322432
16 41 12.868698
16 42 13.194491
16 43 13.954113
16 44 13.281875
16 45 11.267097
16 46 11.523744
16 47 12.431007
16 48 14.503620
16 49 12.379187
16 50 11.682015
17 0 13.104528
17 1 12.254895
17 2 11.561786
17 3 11.403418
17 4 13.650226
17 5 13.658965
17 6 14.581320
17 7 11.500407
17 8 13.917377
17 9 14.775565
17 10 12.371077
17 11 11.738237
17 12 12.172594
17 13 14.767972
17 14 13.696926
17 15 13.137569
17 16 12.384744
17 18 11.768166
17 19 13.973438
17 20 11.275582
17 21 12.208397
17 22 11.099218
17 23 13.016933
17 24 12.209648
17 25 12.237645
17 26 11.923853
17 27 11.141453
17 28 12.335275
17 29 14.360427
17 30 11.280429
17 31 12.263457
17 32 14.689374
17 33 13.691954
17 34 13.429608
17 35 10.960409
17 36 12.248405
17 37 12.214526
17 38 11.680184
17 39 11.681169
17 40 13.198451
17 41 11.874334
17 42 14.097959
17 43 13.016271
17 44 12.698700
17 45 12.439320
17 46 11.782067
17 47 12.230655
17 48 13.993325
17 49 13.473439
17 50 13.457468
18 0 13.252137
18 1 13.401900
18 2 11.879397
18 3 11.535835
18 4 12.096929
18 5 12.713949
18 6 13.139242
18 7 12.578210
18 8 13.214689
18 9 14.398236
18 10 11.139876
18 11 12.280503
18 12 13.018080
18 13 11.131535
18 14 12.601644
18 15 14.330020
18 16 14.520997
18 17 11.768166
18 19 14.269722
18 20 11.879678
18 21 13.301730
18 22 12.030620
18 23 12.370893
18 24 12.690974
18 25 13.077401
18 26 11.393384
18 27 11.180193
18 28 13.835192
18 29 11.664615
18 30 13.119221
18 31 12.374019
18 32 12.682606
18 33 14.683409
18 34 12.660999
18 35 11.065735
18 36 12.764799
18 37 14.002825
18 38 14.169531
18 39 12.549003
18 40 12.079216
18 41 13.355474
18 42 14.038565
18 43 11.015052
18 44 14.180535
18 45 14.705411
18 46 13.435720
18 47 14.041633
18 48 11.251543
18 49 11.757471
18 50 13.484571
19 0 12.513248
19 1 12.667173
19 2 13.198179
19 3 12.786662
19 4 14.149922
19 5 14.547789
19 6 12.649077
19 7 12.515015
19 8 11.648915
19 9 11.345903
19 10 13.082284
19 11 12.759208
19 12 14.222043
19 13 11.657538
19 14 12.551354
19 15 11.637181
19 16 12.884374
19 17 13.973438
19 18 14.269722
19 20 12.390196
19 21 13.103090
19 22 11.580757
19 23 13.167922
19 24 12.259669
19 25 14.318433
19 26 11.983744
19 27 13.113560
19 28 13.831014
19 29 11.804105
19 30 11.301370
19 31 11.553233
19 32 13.974908
19 33 12.196912
19 34 11.091478
19 35 11.203583
19 36 13.098210
19 37 13.987516
19 38 13.140405
19 39 11.630352
19 40 12.628946
19 41 13.217432
19 42 13.996193
19 43 12.016739
19 44 13.488932
19 45 11.143134
19 46 13.700697
19 47 13.191749
19 48 14.256675
19 49 13.814018
19 50 11.349021
20 0 13.395755
20 1 11.575294
20 2 11.029771
20 3 11.775326
20 4 14.136616
20 5 14.656662
20 6 12.452199
20 7 12.707093
20 8 12.995042
20 9 11.820846
20 10 13.653678
20 11 13.212165
20 12 13.625289
20 13 13.390305
20 14 11.016503
20 15 11.681805
20 16 11.097725
20 17 11.275582
20 18 11.879678
20 19 12.390196
20 21 12.883446
20 22 13.552939
20 23 11.961785
20 24 14.747023
20 25 12.017631
20 26 13.831354
20 27 11.224105
20 28 14.027366
20 29 12.254608
20 30 12.495970
20 31 11.309217
20 32 12.735281
20 33 14.591572
20 34 11.715752
20 35 13.268858
20 36 11.753445
20 37 11.248651
20 38 14.776646
20 39 12.635604
20 40 10.971821
20 41 13.329170
20 42 11.873909
20 43 12.824262
20 44 11.740953
20 45 14.381038
20 46 13.220435
20 47 12.995045
20 48 13.719312
20 49 11.005064
20 50 12.361455
21 0 13.595721
21 1 13.617671
21 2 11.259640
21 3 12.192341
21 4 13.869168
21 5 14.403322
21 6 14.350201
21 7 11.988604
21 8 14.675050
21 9 14.018378
21 10 10.964466
21 11 12.990952
21 12 12.322973
21 13 13.773984
21 14 12.975051
21 15 12.104021
21 16 11.233173
21 17 12.208397
21 18 13.301730
21 19 13.103090
21 20 12.883446
21 22 11.355183
21 23 11.416090
21 24 12.148697
21 25 11.506256
21 26 14.330012
21 27 12.954724
21 28 12.376234
21 29 11.941718
21 30 11.288073
21 31 13.527762
21 32 13.127184
21 33 11.746559
21 34 13.239168
21 35 13.627170
21 36 14.391266
21 37 11.616455
21 38 13.635041
21 39 12.580256
21 40 11.695130
21 41 14.028406
21 42 13.420729
21 43 13.059399
21 44 14.288618
21 45 12.781617
21 46 13.352572
21 47 13.069950
21 48 13.856881
21 49 14.307494
21 50 11.572443
22 0 14.754028
22 1 12.886069
22 2 14.239410
22 3 12.460577
22 4 12.314479
22 5 11.965027
22 6 11.296095
22 7 14.030396
22 8 14.305903
22 9 11.751751
22 10 11.889342
22 11 13.701067
22 12 14.602645
22 13 12.431263
22 14 11.074650
22 15 13.656236
22 16 14.152342
22 17 11.099218
22 18 12.030620
22 19 11.580757
22 20 13.552939
22 21 11.355183
22 23 12.198753
22 24 12.226127
22 25 14.651484
22 26 12.658530
22 27 13.755388
22 28 14.191059
22 29 11.819689
22 30 12.173986
22 31 11.362370
22 32 12.570820
22 33 14.187452
22 34 12.552232
22 35 14.715568
22 36 13.465452
22 37 11.826824
22 38 14.638966
22 39 13.163456
22 40 13.371902
22 41 13.024795
22 42 11.077599
22 43 11.121859
22 44 13.904233
22 45 12.237544
22 46 14.516470
22 47 12.669504
22 48 12.794855
22 49 14.765920
22 50 13.630964
23 0 12.655227
23 1 13.028780
23 2 13.608424
23 3 12.066319
23 4 13.571226
23 5 11.688763
23 6 13.140895
23 7 14.560403
23 8 14.238397
23 9 12.400619
23 10 13.985309
23 11 12.710998
23 12 11.349166
23 13 13.764829
23 14 13.372791
23 15 11.172920
23 16 12.494269
23 17 13.016933
23 18 12.370893
23 19 13.167922
23 20 11.961785
23 21 11.416090
23 22 12.198753
23 24 13.322725
23 25 10.965464
23 26 11.101958
23 27 12.801177
23 28 13.843162
23 29 12.791584
23 30 13.385228
23 31 11.240363
23 32 11.445851
23 33 13.951677
23 34 13.823905
23 35 14.460774
23 36 12.816861
23 37 12.243500
23 38 12.112796
23 39 12.061396
23 40 12.384148
23 41 14.211629
23 42 13.561698
23 43 12.030597
23 44 14.782661
23 45 12.958882
23 46 14.224577
23 47 11.305981
23 48 10.977097
23 49 12.822659
23 50 11.329821
24 0 12.254662
24 1 11.894174
24 2 14.044857
24 3 14.001094
24 4 14.699937
24 5 13.678137
24 6 12.066182
24 7 14.511962
24 8 11.363071
24 9 11.310380
24 10 12.736053
24 11 12.224931
24 12 10.932762
24 13 12.864308
24 14 14.750168
24 15 14.099112
24 16 14.791331
24 17 12.209648
24 18 12.690974
24 19 12.259669
24 20 14.747023
24 21 12.148697
24 22 12.226127
24 23 13.322725
24 25 12.516222
24 26 13.807584
24 27 11.371209
24 28 11.202349
24 29 11.181738
24 30 12.921885
24 31 14.610723
24 32 12.105860
24 33 12.571624
24 34 13.780063
24 35 11.469193
24 36 11.168337
24 37 12.602684
24 38 12.405899
24 39 11.298347
24 40 13.183866
24 41 14.409827
24 42 12.837199
24 43 11.461804
24 44 13.057650
24 45 11.420537
24 46 11.728521
24 47 12.742401
24 48 12.881008
24 49 12.352531
24 50 13.883441
25 0 11.401247
25 1 14.237964
25 2 12.338017
25 3 14.572965
25 4 14.632059
25 5 10.935197
25 6 14.792567
25 7 11.823087
25 8 14.784120
25 9 12.976740
25 10 13.021315
25 11 14.055766
25 12 11.743186
25 13 11.278734
25 14 14.767304
25 15 11.972003
25 16 14.362840
25 17 12.237645
25 18 13.077401
25 19 14.318433
25 20 12.017631
25 21 11.506256
25 22 14.651484
25 23 10.965464
25 24 12.516222
25 26 12.125593
25 27 12.074045
25 28 11.041077
25 29 11.056512
25 30 12.552344
25 31 12.992472
25 32 13.315121
25 33 14.750318
25 34 13.500000
25 35 12.386487
25 36 11.061883
25 37 14.702217
25 38 13.144446
25 39 13.573215
25 40 13.462343
25 41 11.853134
25 42 12.660707
25 43 12.091634
25 44 13.260204
25 45 13.234872
25 46 13.437354
25 47 14.029252
25 48 13.197581
25 49 13.978807
25 50 13.371010
26 0 11.286847
26 1 12.063782
26 2 11.255321
26 3 14.367629
26 4 12.738613
26 5 14.619795
26 6 12.500555
26 7 14.520492
26 8 12.174657
26 9 12.055754
26 10 13.478476
26 11 11.765080
26 12 12.597462
26 13 14.185968
26 14 11.586574
26 15 13.285977
26 16 13.934748
26 17 11.923853
26 18 11.393384
26 19 11.983744
26 20 13.831354
26 21 14.330012
26 22 12.658530
26 23 11.101958
26 24 13.807584
26 25 12.125593
26 27 12.341695
26 28 11.524701
26 29 11.401846
26 30 12.633823
26 31 13.257885
26 32 14.752746
26 33 14.810019
26 34 14.139681
26 35 13.862166
26 36 13.272655
26 37 13.092864
26 38 13.762325
26 39 13.835231
26 40 13.874116
26 41 14.789347
26 42 11.492215
26 43 12.351059
26 44 14.805049
26 45 12.768038
26 46 11.580307
26 47 14.671186
26 48 11.582013
26 49 12.249246
26 50 12.694356
27 0 14.447525
27 1 11.705077
27 2 14.400781
27 3 12.693328
27 4 13.823602
27 5 12.988945
27 6 14.278919
27 7 11.976647
27 8 12.076829
27 9 13.286243
27 10 12.223217
27 11 14.261574
27 12 12.983712
27 13 11.532176
27 14 12.036378
27 15 12.357414
27 16 12.458845
27 17 11.141453
27 18 11.180193
27 19 13.113560
27 20 11.224105
27 21 12.954724
27 22 13.755388
27 23 12.801177
27 24 11.371209
27 25 12.074045
27 26 12.341695
27 28 13.548450
27 29 13.763975
27 30 13.447675
27 31 12.930907
27 32 11.132468
27 33 11.046588
27 34 13.414565
27 35 12.874699
27 36 12.792885
27 37 14.437759
27 38 12.599401
27 39 11.219079
27 40 11.836469
27 41 12.328203
27 42 12.958390
27 43 12.828124
27 44 13.438666
27 45 14.711985
27 46 11.439245
27 47 11.332301
27 48 12.213489
27 49 14.498038
27 50 14.800429
28 0 11.029142
28 1 14.727786
28 2 13.220033
28 3 13.675583
28 4 12.300254
28 5 12.788184
28 6 10.931541
28 7 12.581227
28 8 13.640486
28 9 12.918494
28 10 11.157946
28 11 12.936045
28 12 14.446520
28 13 14.566787
28 14 13.326586
28 15 13.803556
28 16 12.836868
28 17 12.335275
28 18 13.835192
28 19 13.831014
28 20 14.027366
28 21 12.376234
28 22 14.191059
28 23 13.843162
28 24 11.202349
28 25 11.041077
28 26 11.524701
28 27 13.548450
28 29 11.632174
28 30 12.984493
28 31 13.348102
28 32 12.900856
28 33 14.428677
28 34 13.681974
28 35 11.968048
28 36 11.799787
28 37 13.821425
28 38 14.540683
28 39 12.149239
28 40 13.669258
28 41 14.372751
28 42 11.495646
28 43 12.125997
28 44 10.981114
28 45 13.078402
28 46 12.324975
28 47 13.969830
28 48 12.579313
28 49 12.585197
28 50 11.581567
29 0 11.281153
29 1 14.636367
29 2 12.860093
29 3 13.509184
29 4 14.140981
29 5 13.860585
29 6 13.154941
29 7 14.395525
29 8 11.070760
29 9 11.381888
29 10 12.829414
29 11 13.125674
29 12 11.277372
29 13 14.479541
29 14 14.179134
29 15 13.329671
29 16 10.978934
29 17 14.360427
29 18 11.664615
29 19 11.804105
29 20 12.254608
29 21 11.941718
29 22 11.819689
29 23 12.791584
29 24 11.181738
29 25 11.056512
29 26 11.401846
29 27 13.763975
29 28 11.632174
29 30 12.642467
29 31 14.217319
29 32 11.668225
29 33 12.257418
29 34 12.071534
29 35 13.820578
29 36 12.367146
29 37 12.972331
29 38 11.051469
29 39 11.936714
29 40 12.522448
29 41 14.149627
29 42 12.355268
29 43 14.068277
29 44 11.511181
29 45 14.194472
29 46 10.971736
29 47 14.251091
29 48 11.200912
29 49 11.815444
29 50 12.538708
30 0 13.913878
30 1 13.812903
30 2 11.285125
30 3 14.721632
30 4 12.201848
30 5 11.804562
30 6 13.444033
30 7 14.548526
30 8 11.272790
30 9 12.275698
30 10 13.778403
30 11 13.202196
30 12 14.697661
30 13 12.323473
30 14 13.909488
30 15 12.201373
30 16 13.786118
30 17 11.280429
30 18 13.119221
30 19 11.301370
30 20 12.495970
30 21 11.288073
30 22 12.173986
30 23 13.385228
30 24 12.921885
30 25 12.552344
30 26 12.633823
30 27 13.447675
30 28 12.984493
30 29 12.642467
30 31 11.413677
30 32 12.473373
30 33 11.456086
30 34 13.948088
30 35 12.518397
30 36 12.110606
30 37 13.166846
30 38 13.022740
30 39 11.978188
30 40 13.234878
30 41 13.325652
30 42 13.354868
30 43 11.608419
30 44 14.278413
30 45 12.978191
30 46 12.146836
30 47 14.153206
30 48 12.874691
30 49 13.190569
30 50 11.307660
31 0 12.638621
31 1 14.149964
31 2 13.686971
31 3 11.991731
31 4 11.390449
31 5 13.645363
31 6 14.581232
31 7 11.063305
31 8 11.447510
31 9 12.369433
31 10 12.874548
31 11 13.100986
31 12 12.078954
31 13 12.874488
31 14 13.662774
31 15 13.767930
31 16 11.516445
31 17 12.263457
31 18 12.374019
31 19 11.553233
31 20 11.309217
31 21 13.527762
31 22 11.362370
31 23 11.240363
31 24 14.610723
31 25 12.992472
31 26 13.257885
31 27 12.930907
31 28 13.348102
31 29 14.217319
31 30 11.413677
31 32 13.029412
31 33 14.107313
31 34 13.106147
31 35 11.918927
31 36 11.201468
31 37 13.213505
31 38 12.253728
31 39 13.755160
31 40 14.625316
31 41 14.318787
31 42 13.832952
31 43 11.100417
31 44 14.359785
31 45 12.643260
31 46 13.581860
31 47 14.495728
31 48 11.155079
31 49 13.591762
31 50 13.658331
32 0 14.429150
32 1 12.876573
32 2 11.568798
32 3 13.883910
32 4 11.248384
32 5 11.364289
32 6 13.020441
32 7 14.366126
32 8 13.662633
32 9 14.767950
32 10 11.837140
32 11 11.154704
32 12 12.993859
32 13 14.318585
32 14 13.517765
32 15 11.543275
32 16 13.706304
32 17 14.689374
32 18 12.682606
32 19 13.974908
32 20 12.735281
32 21 13.127184
32 22 12.570820
32 23 11.445851
32 24 12.105860
32 25 13.315121
32 26 14.752746
32 27 11.132468
32 28 12.900856
32 29 11.668225
32 30 12.473373
32 31 13.029412
32 33 12.397510
32 34 13.325244
32 35 12.377054
32 36 12.634574
32 37 14.292426
32 38 12.492789
32 39 14.659241
32 40 13.778669
32 41 11.494197
32 42 13.569520
32 43 12.164248
32 44 12.321440
32 45 12.677123
32 46 12.514253
32 47 13.376326
32 48 12.688998
32 49 11.192983
32 50 11.208852
33 0 12.625432
33 1 12.876576
33 2 11.966721
33 3 11.121109
33 4 13.623600
33 5 13.918282
33 6 11.711635
33 7 13.330496
33 8 11.570851
33 9 12.368304
33 10 13.890069
33 11 12.536211
33 12 11.284504
33 13 11.053761
33 14 14.457493
33 15 14.507996
33 16 13.838257
33 17 13.691954
33 18 14.683409
33 19 12.196912
33 20 14.591572
33 21 11.746559
33 22 14.187452
33 23 13.951677
33 24 12.571624
33 25 14.750318
33 26 14.810019
33 27 11.046588
33 28 14.428677
33 29 12.257418
33 30 11.456086
33 31 14.107313
33 32 12.397510
33 34 12.437759
33 35 12.104046
33 36 13.566490
33 37 14.473336
33 38 13.150001
33 39 11.701427
33 40 14.280627
33 41 12.595990
33 42 14.734721
33 43 11.914600
33 44 11.075142
33 45 11.166471
33 46 14.612669
33 47 12.966887
33 48 13.686043
33 49 12.572023
33 50 14.818304
34 0 14.269996
34 1 14.059215
34 2 12.091871
34 3 13.229479
34 4 11.476341
34 5 14.086961
34 6 11.207941
34 7 13.577369
34 8 13.473437
34 9 11.859062
34 10 14.195951
34 11 12.502707
34 12 13.859931
34 13 11.692043
34 14 12.814315
34 15 12.209640
34 16 13.204422
34 17 13.429608
34 18 12.660999
34 19 11.091478
34 20 11.715752
34 21 13.239168
34 22 12.552232
34 23 13.823905
34 24 13.780063
34 25 13.500000
34 26 14.139681
34 27 13.414565
34 28 13.681974
34 29 12.071534
34 30 13.948088
34 31 13.106147
34 32 13.325244
34 33 12.437759
34 35 11.557736
34 36 13.297899
34 37 12.944864
34 38 12.887607
34 39 12.198015
34 40 11.552803
34 41 11.661011
34 42 14.509470
34 43 12.234378
34 44 11.690177
34 45 12.740315
34 46 13.700340
34 47 14.237753
34 48 13.637036
34 49 13.736166
34 50 12.361357
35 0 12.008057
35 1 12.630174
35 2 11.126798
35 3 13.291225
35 4 12.258811
35 5 14.516400
35 6 12.097029
35 7 13.431831
35 8 12.814532
35 9 13.752089
35 10 12.196833
35 11 13.260728
35 12 10.935544
35 13 13.654418
35 14 12.289443
35 15 14.150727
35 16 12.769923
35 17 10.960409
35 18 11.065735
35 19 11.203583
35 20 13.268858
35 21 13.627170
35 22 14.715568
35 23 14.460774
35 24 11.469193
35 25 12.386487
35 26 13.862166
35 27 12.874699
35 28 11.968048
35 29 13.820578
35 30 12.518397
35 31 11.918927
35 32 12.377054
35 33 12.104046
35 34 11.557736
35 36 13.884610
35 37 11.448949
35 38 12.150974
35 39 11.403498
35 40 11.152466
35 41 12.119560
35 42 11.331169
35 43 13.957975
35 44 13.290801
35 45 12.748784
35 46 14.673673
35 47 13.938422
35 48 11.970825
35 49 13.575818
35 50 14.116039
36 0 13.590365
36 1 14.601475
36 2 14.555781
36 3 14.495467
36 4 13.173749
36 5 14.561197
36 6 12.261204
36 7 14.266680
36 8 14.244495
36 9 13.621486
36 10 14.018236
36 11 12.586520
36 12 11.853722
36 13 13.984347
36 14 14.466593
36 15 12.316792
36 16 11.290246
36 17 12.248405
36 18 12.764799
36 19 13.098210
36 20 11.753445
36 21 14.391266
36 22 13.465452
36 23 12.816861
36 24 11.168337
36 25 11.061883
36 26 13.272655
36 27 12.792885
36 28 11.799787
36 29 12.367146
36 30 12.110606
36 31 11.201468
36 32 12.634574
36 33 13.566490
36 34 13.297899
36 35 13.884610
36 37 11.320731
36 38 11.903683
36 39 11.063871
36 40 14.686040
36 41 12.532005
36 42 12.105081
36 43 14.484317
36 44 12.342594
36 45 14.045257
36 46 11.389128
36 47 13.247380
36 48 12.157426
36 49 12.520443
36 50 14.424093
37 0 12.715648
37 1 11.254617
37 2 12.092729
37 3 12.946546
37 4 12.651072
37 5 11.632907
37 6 12.327258
37 7 11.969838
37 8 11.925808
37 9 11.103227
37 10 14.153687
37 11 14.462344
37 12 12.322598
37 13 12.714819
37 14 14.640353
37 15 12.562562
37 16 10.940333
37 17 12.214526
37 18 14.002825
37 19 13.987516
37 20 11.248651
37 21 11.616455
37 22 11.826824
37 23 12.243500
37 24 12.602684
37 25 14.702217
37 26 13.092864
37 27 14.437759
37 28 13.821425
37 29 12.972331
37 30 13.166846
37 31 13.213505
37 32 14.292426
37 33 14.473336
37 34 12.944864
37 35 11.448949
37 36 11.320731
37 38 14.488742
37 39 12.169734
37 40 11.841998
37 41 11.767950
37 42 13.953381
37 43 13.713681
37 44 14.440096
37 45 12.486859
37 46 14.559959
37 47 14.231376
37 48 13.246348
37 49 10.997489
37 50 14.304092
38 0 13.225272
38 1 12.806784
38 2 12.121676
38 3 12.697301
38 4 10.924441
38 5 14.726901
38 6 14.052888
38 7 11.358580
38 8 11.405389
38 9 11.776263
38 10 12.806160
38 11 11.066657
38 12 11.131722
38 13 12.115875
38 14 12.902002
38 15 13.437303
38 16 12.325201
38 17 11.680184
38 18 14.169531
38 19 13.140405
38 20 14.776646
38 21 13.635041
38 22 14.638966
38 23 12.112796
38 24 12.405899
38 25 13.144446
38 26 13.762325
38 27 12.599401
38 28 14.540683
38 29 11.051469
38 30 13.022740
38 31 12.253728
38 32 12.492789
38 33 13.150001
38 34 12.887607
38 35 12.150974
38 36 11.903683
38 37 14.488742
38 39 11.548345
38 40 12.707420
38 41 12.257290
38 42 11.219856
38 43 12.191828
38 44 11.078722
38 45 11.990789
38 46 13.765982
38 47 11.731724
38 48 12.604808
38 49 13.290134
38 50 14.643871
39 0 14.394704
39 1 13.966242
39 2 14.109552
39 3 11.929839
39 4 11.527321
39 5 12.787035
39 6 12.390326
39 7 13.096436
39 8 14.684707
39 9 13.809198
39 10 12.211294
39 11 13.555231
39 12 11.903136
39 13 12.946382
39 14 14.704256
39 15 12.066857
39 16 12.331019
39 17 11.681169
39 18 12.549003
39 19 11.630352
39 20 12.635604
39 21 12.580256
39 22 13.163456
39 23 12.061396
39 24 11.298347
39 25 13.573215
39 26 13.835231
39 27 11.219079
39 28 12.149239
39 29 11.936714
39 30 11.978188
39 31 13.755160
39 32 14.659241
39 33 11.701427
39 34 12.198015
39 35 11.403498
39 36 11.063871
39 37 12.169734
39 38 11.548345
39 40 12.624097
39 41 12.888349
39 42 13.204567
39 43 12.291881
39 44 14.273151
39 45 14.089650
39 46 13.356057
39 47 11.785178
39 48 13.207675
39 49 11.882725
39 50 14.662905
40 0 11.390322
40 1 11.697684
40 2 11.011704
40 3 13.631317
40 4 11.915490
40 5 13.306713
40 6 13.174681
40 7 12.742027
40 8 13.394005
40 9 14.693830
40 10 13.386009
40 11 11.668800
40 12 12.349553
40 13 13.123691
40 14 12.464999
40 15 13.829124
40 16 14.322432
40 17 13.198451
40 18 12.079216
40 19 12.628946
40 20 10.971821
40 21 11.695130
40 22 13.371902
40 23 12.384148
40 24 13.183866
40 25 13.462343
40 26 13.874116
40 27 11.836469
40 28 13.669258
40 29 12.522448
40 30 13.234878
40 31 14.625316
40 32 13.778669
40 33 14.280627
40 34 11.552803
40 35 11.152466
40 36 14.686040
40 37 11.841998
40 38 12.707420
40 39 12.624097
40 41 13.865055
40 42 14.208762
40 43 11.739631
40 44 12.691114
40 45 13.255917
40 46 12.058631
40 47 13.470123
40 48 13.542616
40 49 14.802950
40 50 12.129802
41 0 12.318355
41 1 13.537243
41 2 13.282052
41 3 11.085737
41 4 11.083296
41 5 13.057143
41 6 14.118260
41 7 13.278449
41 8 11.126657
41 9 13.512985
41 10 13.452785
41 11 12.977808
41 12 12.008513
41 13 12.396547
41 14 11.154332
41 15 11.207933
41 16 12.868698
41 17 11.874334
41 18 13.355474
41 19 13.217432
41 20 13.329170
41 21 14.028406
41 22 13.024795
41 23 14.211629
41 24 14.409827
41 25 11.853134
41 26 14.789347
41 27 12.328203
41 28 14.372751
41 29 14.149627
41 30 13.325652
41 31 14.318787
41 32 11.494197
41 33 12.595990
41 34 11.661011
41 35 12.119560
41 36 12.532005
41 37 11.767950
41 38 12.257290
41 39 12.888349
41 40 13.865055
41 42 12.137105
41 43 11.786380
41 44 11.493962
41 45 12.163657
41 46 14.146913
41 47 12.694068
41 48 11.683212
41 49 11.710495
41 50 10.988177
42 0 13.544340
42 1 14.065358
42 2 13.636836
42 3 11.161393
42 4 11.477357
42 5 11.307982
42 6 11.629069
42 7 12.104821
42 8 12.630853
42 9 11.698554
42 10 13.179086
42 11 14.349282
42 12 14.435725
42 13 11.132984
42 14 14.432906
42 15 14.769134
42 16 13.194491
42 17 14.097959
42 18 14.038565
42 19 13.996193
42 20 11.873909
42 21 13.420729
42 22 11.077599
42 23 13.561698
42 24 12.837199
42 25 12.660707
42 26 11.492215
42 27 12.958390
42 28 11.495646
42 29 12.355268
42 30 13.354868
42 31 13.832952
42 32 13.569520
42 33 14.734721
42 34 14.509470
42 35 11.331169
42 36 12.105081
42 37 13.953381
42 38 11.219856
42 39 13.204567
42 40 14.208762
42 41 12.137105
42 43 13.863436
42 44 13.998280
42 45 10.950492
42 46 14.399353
42 47 13.349774
42 48 12.879204
42 49 12.027795
42 50 14.476714
43 0 11.323141
43 1 11.320777
43 2 13.632502
43 3 13.026514
43 4 14.318228
43 5 12.576942
43 6 12.246175
43 7 14.766304
43 8 12.072854
43 9 11.961789
43 10 12.033523
43 11 11.146359
43 12 11.208498
43 13 11.334547
43 14 12.101478
43 15 13.887750
43 16 13.954113
43 17 13.016271
43 18 11.015052
43 19 12.016739
43 20 12.824262
43 21 13.059399
43 22 11.121859
43 23 12.030597
43 24 11.461804
43 25 12.091634
43 26 12.351059
43 27 12.828124
43 28 12.125997
43 29 14.068277
43 30 11.608419
43 31 11.100417
43 32 12.164248
43 33 11.914600
43 34 12.234378
43 35 13.957975
43 36 14.484317
43 37 13.713681
43 38 12.191828
43 39 12.291881
43 40 11.739631
43 41 11.786380
43 42 13.863436
43 44 11.342679
43 45 14.636808
43 46 13.261039
43 47 14.542429
43 48 11.190941
43 49 14.751273
43 50 14.320313
44 0 11.722785
44 1 12.144393
44 2 14.439878
44 3 12.315597
44 4 13.286308
44 5 12.804263
44 6 13.340469
44 7 14.103794
44 8 13.773018
44 9 14.733728
44 10 12.316253
44 11 14.461107
44 12 14.265775
44 13 14.347520
44 14 12.409942
44 15 14.542584
44 16 13.281875
44 17 12.698700
44 18 14.180535
44 19 13.488932
44 20 11.740953
44 21 14.288618
44 22 13.904233
44 23 14.782661
44 24 13.057650
44 25 13.260204
44 26 14.805049
44 27 13.438666
44 28 10.981114
44 29 11.511181
44 30 14.278413
44 31 14.359785
44 32 12.321440
44 33 11.075142
44 34 11.690177
44 35 13.290801
44 36 12.342594
44 37 14.440096
44 38 11.078722
44 39 14.273151
44 40 12.691114
44 41 11.493962
44 42 13.998280
44 43 11.342679
44 45 11.644571
44 46 12.894911
44 47 14.014225
44 48 12.386204
44 49 12.524343
44 50 14.032761
45 0 11.940287
45 1 11.049757
45 2 13.213125
45 3 11.404316
45 4 12.753115
45 5 12.070138
45 6 10.994612
45 7 12.895037
45 8 13.253583
45 9 12.788554
45 10 11.715919
45 11 11.249596
45 12 12.971252
45 13 14.350599
45 14 13.414177
45 15 13.284515
45 16 11.267097
45 17 12.439320
45 18 14.705411
45 19 11.143134
45 20 14.381038
45 21 12.781617
45 22 12.237544
45 23 12.958882
45 24 11.420537
45 25 13.234872
45 26 12.768038
45 27 14.711985
45 28 13.078402
45 29 14.194472
45 30 12.978191
45 31 12.643260
45 32 12.677123
45 33 11.166471
45 34 12.740315
45 35 12.748784
45 36 14.045257
45 37 12.486859
45 38 11.990789
45 39 14.089650
45 40 13.255917
45 41 12.163657
45 42 10.950492
45 43 14.636808
45 44 11.644571
45 46 13.138455
45 47 11.437303
45 48 13.693927
45 49 11.044098
45 50 12.389415
46 0 13.984275
46 1 11.462335
46 2 11.661486
46 3 14.550083
46 4 12.769750
46 5 12.805318
46 6 14.347242
46 7 13.330481
46 8 14.347475
46 9 12.611925
46 10 13.929171
46 11 11.224761
46 12 11.946452
46 13 11.145967
46 14 12.918666
46 15 13.248909
46 16 11.523744
46 17 11.782067
46 18 13.435720
46 19 13.700697
46 20 13.220435
46 21 13.352572
46 22 14.516470
46 23 14.224577
46 24 11.728521
46 25 13.437354
46 26 11.580307
46 27 11.439245
46 28 12.324975
46 29 10.971736
46 30 12.146836
46 31 13.581860
46 32 12.514253
46 33 14.612669
46 34 13.700340
46 35 14.673673
46 36 11.389128
46 37 14.559959
46 38 13.765982
46 39 13.356057
46 40 12.058631
46 41 14.146913
46 42 14.399353
46 43 13.261039
46 44 12.894911
46 45 13.138455
46 47 12.864626
46 48 11.928334
46 49 14.198430
46 50 12.127098
47 0 12.004060
47 1 13.901161
47 2 13.318806
47 3 11.701495
47 4 13.927824
47 5 13.689627
47 6 11.394227
47 7 11.768543
47 8 14.084702
47 9 11.078856
47 10 12.597901
47 11 13.320941
47 12 14.469756
47 13 14.603778
47 14 12.554783
47 15 14.163948
47 16 12.431007
47 17 12.230655
47 18 14.041633
47 19 13.191749
47 20 12.995045
47 21 13.069950
47 22 12.669504
47 23 11.305981
47 24 12.742401
47 25 14.029252
47 26 14.671186
47 27 11.332301
47 28 13.969830
47 29 14.251091
47 30 14.153206
47 31 14.495728
47 32 13.376326
47 33 12.966887
47 34 14.237753
47 35 13.938422
47 36 13.247380
47 37 14.231376
47 38 11.731724
47 39 11.785178
47 40 13.470123
47 41 12.694068
47 42 13.349774
47 43 14.542429
47 44 14.014225
47 45 11.437303
47 46 12.864626
47 48 12.703653
47 49 11.521136
47 50 13.088045
48 0 13.362109
48 1 12.343976
48 2 13.797327
48 3 13.056248
48 4 12.574429
48 5 14.060912
48 6 13.042170
48 7 11.636934
48 8 12.430999
48 9 14.156240
48 10 13.183717
48 11 12.125520
48 12 14.032312
48 13 13.921560
48 14 13.211056
48 15 14.245305
48 16 14.503620
48 17 13.993325
48 18 11.251543
48 19 14.256675
48 20 13.719312
48 21 13.856881
48 22 12.794855
48 23 10.977097
48 24 12.881008
48 25 13.197581
48 26 11.582013
48 27 12.213489
48 28 12.579313
48 29 11.200912
48 30 12.874691
48 31 11.155079
48 32 12.688998
48 33 13.686043
48 34 13.637036
48 35 11.970825
48 36 12.157426
48 37 13.246348
48 38 12.604808
48 39 13.207675
48 40 13.542616
48 41 11.683212
48 42 12.879204
48 43 11.190941
48 44 12.386204
48 45 13.693927
48 46 11.928334
48 47 12.703653
48 49 11.521077
48 50 12.784589
49 0 14.077594
49 1 11.437221
49 2 11.623644
49 3 12.563960
49 4 13.544835
49 5 14.438814
49 6 12.317382
49 7 12.791942
49 8 12.161430
49 9 13.704380
49 10 14.043882
49 11 14.398185
49 12 13.292822
49 13 13.714502
49 14 14.515074
49 15 13.310994
49 16 12.379187
49 17 13.473439
49 18 11.757471
49 19 13.814018
49 20 11.005064
49 21 14.307494
49 22 14.765920
49 23 12.822659
49 24 12.352531
49 25 13.978807
49 26 12.249246
49 27 14.498038
49 28 12.585197
49 29 11.815444
49 30 13.190569
49 31 13.591762
49 32 11.192983
49 33 12.572023
49 34 13.736166
49 35 13.575818
49 36 12.520443
49 37 10.997489
49 38 13.290134
49 39 11.882725
49 40 14.802950
49 41 11.710495
49 42 12.027795
49 43 14.751273
49 44 12.524343
49 45 11.044098
49 46 14.198430
49 47 11.521136
49 48 11.521077
49 50 14.617658
50 0 13.300106
50 1 13.487324
50 2 14.287447
50 3 11.753718
50 4 12.463445
50 5 14.181369
50 6 12.902499
50 7 11.800358
50 8 12.224309
50 9 11.292661
50 10 12.808378
50 11 11.666251
50 12 12.425598
50 13 11.535586
50 14 12.709130
50 15 13.964971
50 16 11.682015
50 17 13.457468
50 18 13.484571
50 19 11.349021
50 20 12.361455
50 21 11.572443
50 22 13.630964
50 23 11.329821
50 24 13.883441
50 25 13.371010
50 26 12.694356
50 27 14.800429
50 28 11.581567
50 29 12.538708
50 30 11.307660
50 31 13.658331
50 32 11.208852
50 33 14.818304
50 34 12.361357
50 35 14.116039
50 36 14.424093
50 37 14.304092
50 38 14.643871
50 39 14.662905
50 40 12.129802
50 41 10.988177
50 42 14.476714
50 43 14.320313
50 44 14.032761
50 45 12.389415
50 46 12.127098
50 47 13.088045
50 48 12.784589
50 49 14.617658
