# i j vmax_ij_m_per_s; symmetric values generated with Uniform(0.7,0.95)*15.6
0 1 13.503049
0 2 12.719936
0 3 11.040732
0 4 13.899628
0 5 14.544208
0 6 13.012338
0 7 12.913797
0 8 13.740092
0 9 11.183992
0 10 11.497864
0 11 12.410376
0 12 11.547717
0 13 14.470139
0 14 11.676625
0 15 11.151696
0 16 11.479676
0 17 12.044571
0 18 11.569710
0 19 12.432352
0 20 13.228653
0 21 11.084964
0 22 12.779184
0 23 14.680370
0 24 13.503668
0 25 13.793860
0 26 14.002365
0 27 10.995719
0 28 10.942895
0 29 14.319761
0 30 11.465258
0 31 13.318865
0 32 12.298865
0 33 11.231756
0 34 12.216082
0 35 12.207283
0 36 13.480542
0 37 14.630430
0 38 12.904400
0 39 12.246791
0 40 12.993701
0 41 14.165052
0 42 11.320497
0 43 12.349539
0 44 11.174660
0 45 11.420318
0 46 11.398809
0 47 13.414660
0 48 13.378145
0 49 12.661051
0 50 12.398474
1 0 13.503049
1 2 12.657037
1 3 11.238730
1 4 13.678463
1 5 12.214404
1 6 13.095299
1 7 12.049667
1 8 11.158212
1 9 12.789083
1 10 11.110550
1 11 12.733624
1 12 12.210551
1 13 13.314891
1 14 11.233335
1 15 12.146439
1 16 13.953185
1 17 13.864648
1 18 13.670585
1 19 14.296006
1 20 11.229939
1 21 12.850737
1 22 14.634857
1 23 13.399702
1 24 11.007516
1 25 14.578754
1 26 12.133104
1 27 12.742078
1 28 11.595411
1 29 11.692299
1 30 14.800636
1 31 11.648665
1 32 11.310552
1 33 13.324383
1 34 10.964014
1 35 13.392949
1 36 12.791185
1 37 13.181598
1 38 14.183195
1 39 12.040466
1 40 11.821191
1 41 12.107689
1 42 11.025604
1 43 11.332711
1 44 12.333486
1 45 12.929513
1 46 13.341685
1 47 13.172191
1 48 12.559183
1 49 11.442100
1 50 11.629579
2 0 12.719936
2 1 12.657037
2 3 13.713081
2 4 14.259055
2 5 14.793383
2 6 11.032265
2 7 14.802615
2 8 11.452724
2 9 11.692632
2 10 11.393791
2 11 12.238538
2 12 14.528653
2 13 11.495041
2 14 11.511602
2 15 11.540431
2 16 14.076076
2 17 12.142143
2 18 10.957121
2 19 11.609484
2 20 11.158741
2 21 11.653366
2 22 14.576893
2 23 11.364995
2 24 13.114138
2 25 14.241810
2 26 13.787340
2 27 14.018256
2 28 12.877454
2 29 13.914923
2 30 12.231183
2 31 13.280206
2 32 12.637718
2 33 13.973153
2 34 12.889896
2 35 12.561148
2 36 13.985205
2 37 12.551785
2 38 13.956598
2 39 12.397804
2 40 13.649106
2 41 11.343544
2 42 12.665036
2 43 12.695454
2 44 13.609504
2 45 13.739841
2 46 14.303497
2 47 13.961735
2 48 13.188333
2 49 11.345798
2 50 11.402505
3 0 11.040732
3 1 11.238730
3 2 13.713081
3 4 12.812608
3 5 14.725901
3 6 14.059082
3 7 11.972764
3 8 13.881727
3 9 14.792298
3 10 12.135329
3 11 12.700357
3 12 11.937237
3 13 13.882953
3 14 13.541750
3 15 14.658245
3 16 12.270127
3 17 14.309244
3 18 12.558199
3 19 14.389305
3 20 12.651969
3 21 13.147538
3 22 11.264482
3 23 12.432174
3 24 12.394768
3 25 12.228468
3 26 14.609326
3 27 11.483364
3 28 12.864120
3 29 14.358399
3 30 11.519044
3 31 13.325659
3 32 10.920540
3 33 14.375208
3 34 11.159639
3 35 13.101721
3 36 11.418061
3 37 12.409828
3 38 11.582609
3 39 12.665772
3 40 13.392189
3 41 13.348636
3 42 11.343847
3 43 11.660242
3 44 11.118045
3 45 14.169505
3 46 14.346373
3 47 13.138656
3 48 12.330018
3 49 13.522272
3 50 14.269228
4 0 13.899628
4 1 13.678463
4 2 14.259055
4 3 12.812608
4 5 14.743533
4 6 13.884628
4 7 14.425262
4 8 12.601221
4 9 11.689504
4 10 14.506482
4 11 13.286201
4 12 12.019745
4 13 12.336216
4 14 13.976265
4 15 11.167627
4 16 12.268772
4 17 11.871932
4 18 14.428839
4 19 12.048390
4 20 11.106016
4 21 13.192460
4 22 14.195277
4 23 14.208549
4 24 12.554257
4 25 13.222673
4 26 12.437209
4 27 13.012619
4 28 14.669090
4 29 12.479075
4 30 14.232916
4 31 11.905592
4 32 14.489449
4 33 11.560689
4 34 12.477467
4 35 14.487262
4 36 13.008352
4 37 11.194922
4 38 11.908698
4 39 11.811201
4 40 14.790935
4 41 12.878631
4 42 12.476669
4 43 14.529667
4 44 12.368645
4 45 13.897912
4 46 11.148941
4 47 11.384944
4 48 13.478568
4 49 11.870022
4 50 11.863993
5 0 14.544208
5 1 12.214404
5 2 14.793383
5 3 14.725901
5 4 14.743533
5 6 14.558262
5 7 11.913286
5 8 12.751166
5 9 12.339191
5 10 11.905359
5 11 13.524313
5 12 12.518293
5 13 11.910134
5 14 14.005696
5 15 13.624439
5 16 13.073019
5 17 14.292048
5 18 13.887701
5 19 13.778712
5 20 14.500238
5 21 14.727297
5 22 13.754592
5 23 12.207456
5 24 11.907290
5 25 12.637456
5 26 12.181642
5 27 11.964932
5 28 14.384177
5 29 13.030611
5 30 12.371146
5 31 13.814502
5 32 11.183414
5 33 14.428644
5 34 11.828500
5 35 11.088466
5 36 13.323344
5 37 13.458142
5 38 11.978837
5 39 12.545213
5 40 14.368450
5 41 14.449388
5 42 11.615364
5 43 11.700278
5 44 13.871987
5 45 11.979297
5 46 12.043875
5 47 12.335184
5 48 13.939738
5 49 12.934655
5 50 13.196725
6 0 13.012338
6 1 13.095299
6 2 11.032265
6 3 14.059082
6 4 13.884628
6 5 14.558262
6 7 11.557455
6 8 12.611746
6 9 12.620099
6 10 14.114390
6 11 12.634556
6 12 11.180224
6 13 13.870134
6 14 12.965836
6 15 13.606163
6 16 11.402345
6 17 13.915087
6 18 14.611952
6 19 13.344332
6 20 14.394853
6 21 13.105321
6 22 11.390415
6 23 13.144102
6 24 12.343044
6 25 11.174415
6 26 14.297364
6 27 10.922509
6 28 13.974016
6 29 11.224499
6 30 10.951593
6 31 11.491620
6 32 13.827552
6 33 11.210209
6 34 14.567280
6 35 14.197253
6 36 13.240433
6 37 13.641223
6 38 13.152775
6 39 11.321944
6 40 12.233489
6 41 13.968545
6 42 11.847896
6 43 11.391324
6 44 12.702407
6 45 11.204331
6 46 12.930425
6 47 13.199689
6 48 11.646677
6 49 12.349449
6 50 13.265014
7 0 12.913797
7 1 12.049667
7 2 14.802615
7 3 11.972764
7 4 14.425262
7 5 11.913286
7 6 11.557455
7 8 10.920854
7 9 13.595478
7 10 12.775272
7 11 13.313001
7 12 14.354087
7 13 14.479120
7 14 11.978861
7 15 13.249579
7 16 14.810783
7 17 13.802638
7 18 13.396676
7 19 14.292466
7 20 14.036995
7 21 14.543299
7 22 14.096677
7 23 13.976250
7 24 12.080961
7 25 13.941794
7 26 12.839646
7 27 12.090770
7 28 11.656207
7 29 14.422124
7 30 13.177016
7 31 14.489383
7 32 14.178318
7 33 13.658958
7 34 11.354243
7 35 13.292304
7 36 13.074029
7 37 14.553905
7 38 13.714046
7 39 13.266464
7 40 11.963307
7 41 10.944797
7 42 11.976690
7 43 12.067556
7 44 14.133075
7 45 11.476533
7 46 13.374013
7 47 11.695769
7 48 14.218356
7 49 13.762878
7 50 11.363948
8 0 13.740092
8 1 11.158212
8 2 11.452724
8 3 13.881727
8 4 12.601221
8 5 12.751166
8 6 12.611746
8 7 10.920854
8 9 12.160881
8 10 13.611624
8 11 11.832134
8 12 14.510845
8 13 14.290260
8 14 12.208959
8 15 12.367778
8 16 11.864693
8 17 10.979214
8 18 13.947238
8 19 14.750102
8 20 12.557383
8 21 13.147972
8 22 11.275176
8 23 13.352036
8 24 12.398744
8 25 11.227842
8 26 11.827766
8 27 12.791057
8 28 11.111038
8 29 12.793798
8 30 11.613260
8 31 12.206524
8 32 12.892970
8 33 13.458538
8 34 14.430744
8 35 11.182059
8 36 13.746616
8 37 12.183253
8 38 11.274090
8 39 12.331440
8 40 11.904892
8 41 11.756889
8 42 13.494255
8 43 11.942907
8 44 12.881414
8 45 14.482186
8 46 12.531852
8 47 12.319839
8 48 12.901925
8 49 13.645257
8 50 13.893943
9 0 11.183992
9 1 12.789083
9 2 11.692632
9 3 14.792298
9 4 11.689504
9 5 12.339191
9 6 12.620099
9 7 13.595478
9 8 12.160881
9 10 11.944467
9 11 12.283680
9 12 11.999630
9 13 12.673699
9 14 14.314282
9 15 11.052965
9 16 13.347222
9 17 11.252856
9 18 11.658801
9 19 11.942993
9 20 14.227925
9 21 13.287222
9 22 13.174241
9 23 12.178355
9 24 12.791860
9 25 11.132275
9 26 11.539619
9 27 13.056999
9 28 13.510877
9 29 13.977570
9 30 13.153158
9 31 11.807330
9 32 14.237526
9 33 13.967226
9 34 14.153524
9 35 14.171463
9 36 13.662526
9 37 14.449626
9 38 13.751912
9 39 13.144950
9 40 12.026830
9 41 11.258822
9 42 13.643117
9 43 12.953240
9 44 13.709349
9 45 13.376100
9 46 11.839101
9 47 13.346941
9 48 11.792668
9 49 13.840549
9 50 14.089458
10 0 11.497864
10 1 11.110550
10 2 11.393791
10 3 12.135329
10 4 14.506482
10 5 11.905359
10 6 14.114390
10 7 12.775272
10 8 13.611624
10 9 11.944467
10 11 14.596334
10 12 14.100490
10 13 14.319668
10 14 13.768735
10 15 12.489829
10 16 13.347371
10 17 12.698178
10 18 13.883127
10 19 11.546226
10 20 11.679225
10 21 12.727749
10 22 11.452384
10 23 11.329359
10 24 11.656346
10 25 11.955049
10 26 13.183353
10 27 12.645835
10 28 14.343760
10 29 11.116958
10 30 11.909438
10 31 14.372866
10 32 12.014691
10 33 10.968026
10 34 13.514940
10 35 11.249591
10 36 14.054171
10 37 14.583769
10 38 13.625624
10 39 11.546780
10 40 13.787462
10 41 14.202591
10 42 12.189909
10 43 11.274113
10 44 13.327558
10 45 12.551414
10 46 12.560079
10 47 12.583028
10 48 11.255935
10 49 14.754205
10 50 12.602786
11 0 12.410376
11 1 12.733624
11 2 12.238538
11 3 12.700357
11 4 13.286201
11 5 13.524313
11 6 12.634556
11 7 13.313001
11 8 11.832134
11 9 12.283680
11 10 14.596334
11 12 13.880535
11 13 12.500453
11 14 14.187337
11 15 14.343417
11 16 11.790656
11 17 11.821063
11 18 13.114185
11 19 13.260928
11 20 13.547117
11 21 12.162945
11 22 14.376288
11 23 12.197073
11 24 14.352730
11 25 11.828865
11 26 14.776633
11 27 11.544038
11 28 14.623425
11 29 11.712277
11 30 13.502487
11 31 11.400212
11 32 12.489240
11 33 13.014911
11 34 11.583406
11 35 14.176859
11 36 14.626657
11 37 11.366255
11 38 13.444156
11 39 13.094793
11 40 13.646462
11 41 12.313913
11 42 14.239809
11 43 11.123243
11 44 14.357828
11 45 12.913340
11 46 12.308047
11 47 13.512903
11 48 14.475406
11 49 14.527160
11 50 14.387712
12 0 11.547717
12 1 12.210551
12 2 14.528653
12 3 11.937237
12 4 12.019745
12 5 12.518293
12 6 11.180224
12 7 14.354087
12 8 14.510845
12 9 11.999630
12 10 14.100490
12 11 13.880535
12 13 12.274736
12 14 11.343785
12 15 13.564970
12 16 12.089987
12 17 14.495495
12 18 11.365760
12 19 12.144312
12 20 12.531254
12 21 13.178060
12 22 13.121143
12 23 13.855317
12 24 14.592026
12 25 12.464474
12 26 12.267623
12 27 14.148564
12 28 12.146622
12 29 12.466302
12 30 13.494170
12 31 14.594265
12 32 12.993088
12 33 11.465611
12 34 11.547076
12 35 13.887566
12 36 11.389370
12 37 11.563828
12 38 12.416862
12 39 11.155422
12 40 12.653313
12 41 11.037182
12 42 12.886606
12 43 12.150487
12 44 13.563523
12 45 12.793049
12 46 11.022835
12 47 13.936435
12 48 11.070942
12 49 11.785232
12 50 13.706078
13 0 14.470139
13 1 13.314891
13 2 11.495041
13 3 13.882953
13 4 12.336216
13 5 11.910134
13 6 13.870134
13 7 14.479120
13 8 14.290260
13 9 12.673699
13 10 14.319668
13 11 12.500453
13 12 12.274736
13 14 11.676531
13 15 13.905241
13 16 13.445574
13 17 12.366878
13 18 12.956886
13 19 14.616415
13 20 12.562591
13 21 13.917399
13 22 13.404414
13 23 11.290525
13 24 13.801540
13 25 11.015673
13 26 13.750280
13 27 11.372033
13 28 14.019556
13 29 12.758812
13 30 11.858207
13 31 13.821533
13 32 12.553428
13 33 14.549698
13 34 13.744594
13 35 11.527348
13 36 12.904318
13 37 11.130603
13 38 13.778898
13 39 11.816568
13 40 12.032977
13 41 13.406442
13 42 11.519324
13 43 12.871257
13 44 12.118444
13 45 14.151152
13 46 14.518574
13 47 11.129063
13 48 13.315403
13 49 13.185899
13 50 14.670805
14 0 11.676625
14 1 11.233335
14 2 11.511602
14 3 13.541750
14 4 13.976265
14 5 14.005696
14 6 12.965836
14 7 11.978861
14 8 12.208959
14 9 14.314282
14 10 13.768735
14 11 14.187337
14 12 11.343785
14 13 11.676531
14 15 12.953769
14 16 14.175587
14 17 14.263960
14 18 13.017375
14 19 12.782223
14 20 12.088640
14 21 12.178318
14 22 11.641673
14 23 11.062994
14 24 12.676192
14 25 12.764862
14 26 12.555547
14 27 11.285045
14 28 12.450496
14 29 13.800153
14 30 14.115433
14 31 11.307436
14 32 14.089986
14 33 12.881339
14 34 11.895970
14 35 11.441513
14 36 14.003682
14 37 11.355620
14 38 12.520456
14 39 13.784238
14 40 13.913632
14 41 12.955021
14 42 13.983153
14 43 13.865734
14 44 12.081219
14 45 13.663123
14 46 14.593988
14 47 13.932894
14 48 13.813291
14 49 11.471740
14 50 11.680393
15 0 11.151696
15 1 12.146439
15 2 11.540431
15 3 14.658245
15 4 11.167627
15 5 13.624439
15 6 13.606163
15 7 13.249579
15 8 12.367778
15 9 11.052965
15 10 12.489829
15 11 14.343417
15 12 13.564970
15 13 13.905241
15 14 12.953769
15 16 14.469188
15 17 13.141986
15 18 14.085459
15 19 11.346672
15 20 12.992268
15 21 14.397824
15 22 12.709116
15 23 11.956164
15 24 12.817018
15 25 12.687171
15 26 14.812172
15 27 13.546862
15 28 11.456421
15 29 13.064100
15 30 11.554214
15 31 13.239179
15 32 13.700026
15 33 12.489598
15 34 14.131857
15 35 11.222096
15 36 14.137233
15 37 14.147881
15 38 13.079768
15 39 11.986311
15 40 11.029391
15 41 13.285178
15 42 11.894789
15 43 13.305722
15 44 13.589498
15 45 11.575779
15 46 10.924566
15 47 12.343399
15 48 12.434484
15 49 14.511876
15 50 11.986068
16 0 11.479676
16 1 13.953185
16 2 14.076076
16 3 12.270127
16 4 12.268772
16 5 13.073019
16 6 11.402345
16 7 14.810783
16 8 11.864693
16 9 13.347222
16 10 13.347371
16 11 11.790656
16 12 12.089987
16 13 13.445574
16 14 14.175587
16 15 14.469188
16 17 13.227113
16 18 14.386456
16 19 12.324673
16 20 11.272803
16 21 13.720888
16 22 13.812179
16 23 13.403317
16 24 13.983949
16 25 13.329101
16 26 11.913705
16 27 12.026071
16 28 12.168551
16 29 13.485740
16 30 12.496788
16 31 11.638112
16 32 13.941671
16 33 12.808845
16 34 13.283367
16 35 12.416367
16 36 13.624342
16 37 12.385332
16 38 12.936920
16 39 14.483884
16 40 13.858079
16 41 12.368611
16 42 11.865809
16 43 12.930633
16 44 11.486643
16 45 14.740216
16 46 13.700215
16 47 13.122758
16 48 14.354448
16 49 11.139452
16 50 13.805218
17 0 12.044571
17 1 13.864648
17 2 12.142143
17 3 14.309244
17 4 11.871932
17 5 14.292048
17 6 13.915087
17 7 13.802638
17 8 10.979214
17 9 11.252856
17 10 12.698178
17 11 11.821063
17 12 14.495495
17 13 12.366878
17 14 14.263960
17 15 13.141986
17 16 13.227113
17 18 11.121934
17 19 12.433186
17 20 12.413132
17 21 13.162797
17 22 11.921526
17 23 11.199585
17 24 12.403993
17 25 13.500634
17 26 12.872645
17 27 11.744167
17 28 11.684099
17 29 12.991701
17 30 11.179321
17 31 12.802961
17 32 14.377836
17 33 11.607909
17 34 12.731017
17 35 13.148576
17 36 12.572762
17 37 14.548965
17 38 12.718471
17 39 13.218091
17 40 12.803954
17 41 11.232474
17 42 14.819354
17 43 12.275575
17 44 13.901114
17 45 14.415250
17 46 13.833422
17 47 10.959917
17 48 13.873110
17 49 14.528673
17 50 14.737764
18 0 11.569710
18 1 13.670585
18 2 10.957121
18 3 12.558199
18 4 14.428839
18 5 13.887701
18 6 14.611952
18 7 13.396676
18 8 13.947238
18 9 11.658801
18 10 13.883127
18 11 13.114185
18 12 11.365760
18 13 12.956886
18 14 13.017375
18 15 14.085459
18 16 14.386456
18 17 11.121934
18 19 14.477866
18 20 12.141826
18 21 13.583040
18 22 11.237888
18 23 13.881076
18 24 11.596434
18 25 13.015749
18 26 14.775012
18 27 11.168521
18 28 13.694408
18 29 11.854359
18 30 11.704979
18 31 13.650782
18 32 14.408529
18 33 11.329293
18 34 14.090481
18 35 12.847731
18 36 11.199970
18 37 12.262497
18 38 12.343056
18 39 14.377778
18 40 13.969422
18 41 12.628007
18 42 13.447245
18 43 12.257982
18 44 12.538246
18 45 14.586328
18 46 11.612306
18 47 13.638771
18 48 14.449406
18 49 14.602645
18 50 13.816077
19 0 12.432352
19 1 14.296006
19 2 11.609484
19 3 14.389305
19 4 12.048390
19 5 13.778712
19 6 13.344332
19 7 14.292466
19 8 14.750102
19 9 11.942993
19 10 11.546226
19 11 13.260928
19 12 12.144312
19 13 14.616415
19 14 12.782223
19 15 11.346672
19 16 12.324673
19 17 12.433186
19 18 14.477866
19 20 14.261925
19 21 14.691871
19 22 13.218543
19 23 11.707819
19 24 13.417130
19 25 13.311061
19 26 11.779856
19 27 13.727564
19 28 14.326255
19 29 13.578027
19 30 11.084726
19 31 12.729868
19 32 13.645131
19 33 13.810553
19 34 11.285346
19 35 14.536761
19 36 14.220563
19 37 14.104553
19 38 13.005636
19 39 14.189993
19 40 14.468197
19 41 14.540346
19 42 12.975368
19 43 12.655973
19 44 13.551414
19 45 11.764659
19 46 14.007305
19 47 12.699715
19 48 12.643189
19 49 14.340676
19 50 12.143318
20 0 13.228653
20 1 11.229939
20 2 11.158741
20 3 12.651969
20 4 11.106016
20 5 14.500238
20 6 14.394853
20 7 14.036995
20 8 12.557383
20 9 14.227925
20 10 11.679225
20 11 13.547117
20 12 12.531254
20 13 12.562591
20 14 12.088640
20 15 12.992268
20 16 11.272803
20 17 12.413132
20 18 12.141826
20 19 14.261925
20 21 14.070718
20 22 11.439319
20 23 13.401507
20 24 12.787765
20 25 14.647446
20 26 12.541376
20 27 11.785600
20 28 12.707498
20 29 10.942843
20 30 13.424176
20 31 13.830900
20 32 13.684689
20 33 11.295223
20 34 11.042776
20 35 13.095727
20 36 13.247239
20 37 12.972178
20 38 12.517976
20 39 13.761402
20 40 11.427115
20 41 14.146305
20 42 13.699319
20 43 12.351237
20 44 11.402966
20 45 12.552582
20 46 11.118351
20 47 13.526961
20 48 12.139814
20 49 11.204397
20 50 13.047678
21 0 11.084964
21 1 12.850737
21 2 11.653366
21 3 13.147538
21 4 13.192460
21 5 14.727297
21 6 13.105321
21 7 14.543299
21 8 13.147972
21 9 13.287222
21 10 12.727749
21 11 12.162945
21 12 13.178060
21 13 13.917399
21 14 12.178318
21 15 14.397824
21 16 13.720888
21 17 13.162797
21 18 13.583040
21 19 14.691871
21 20 14.070718
21 22 12.142254
21 23 13.841280
21 24 14.761264
21 25 12.628431
21 26 11.665305
21 27 14.137685
21 28 11.607790
21 29 11.245487
21 30 11.825425
21 31 12.880493
21 32 12.210836
21 33 12.875005
21 34 13.265771
21 35 11.669534
21 36 14.811998
21 37 11.232484
21 38 11.753434
21 39 14.128520
21 40 12.058350
21 41 11.976653
21 42 13.769967
21 43 14.689993
21 44 12.419604
21 45 14.416193
21 46 13.321372
21 47 12.357948
21 48 12.850439
21 49 13.156493
21 50 14.430898
22 0 12.779184
22 1 14.634857
22 2 14.576893
22 3 11.264482
22 4 14.195277
22 5 13.754592
22 6 11.390415
22 7 14.096677
22 8 11.275176
22 9 13.174241
22 10 11.452384
22 11 14.376288
22 12 13.121143
22 13 13.404414
22 14 11.641673
22 15 12.709116
22 16 13.812179
22 17 11.921526
22 18 11.237888
22 19 13.218543
22 20 11.439319
22 21 12.142254
22 23 12.453502
22 24 12.996415
22 25 13.232696
22 26 11.965325
22 27 12.343148
22 28 11.126204
22 29 13.905556
22 30 11.111902
22 31 13.828412
22 32 12.929778
22 33 11.286198
22 34 14.172503
22 35 14.036322
22 36 10.986607
22 37 14.527511
22 38 11.736131
22 39 14.353083
22 40 14.734359
22 41 11.593692
22 42 11.077764
22 43 11.371303
22 44 13.004428
22 45 13.538123
22 46 10.939140
22 47 14.463116
22 48 10.960842
22 49 11.577623
22 50 10.988132
23 0 14.680370
23 1 13.399702
23 2 11.364995
23 3 12.432174
23 4 14.208549
23 5 12.207456
23 6 13.144102
23 7 13.976250
23 8 13.352036
23 9 12.178355
23 10 11.329359
23 11 12.197073
23 12 13.855317
23 13 11.290525
23 14 11.062994
23 15 11.956164
23 16 13.403317
23 17 11.199585
23 18 13.881076
23 19 11.707819
23 20 13.401507
23 21 13.841280
23 22 12.453502
23 24 11.879587
23 25 14.264841
23 26 12.875378
23 27 14.556069
23 28 11.349053
23 29 11.201839
23 30 14.187126
23 31 12.102175
23 32 14.712240
23 33 11.093906
23 34 13.500337
23 35 13.576527
23 36 13.287605
23 37 12.055642
23 38 13.272373
23 39 12.680834
23 40 11.368502
23 41 12.521172
23 42 13.422204
23 43 12.641775
23 44 12.478164
23 45 14.803146
23 46 14.391700
23 47 12.510072
23 48 13.804697
23 49 12.750656
23 50 14.499931
24 0 13.503668
24 1 11.007516
24 2 13.114138
24 3 12.394768
24 4 12.554257
24 5 11.907290
24 6 12.343044
24 7 12.080961
24 8 12.398744
24 9 12.791860
24 10 11.656346
24 11 14.352730
24 12 14.592026
24 13 13.801540
24 14 12.676192
24 15 12.817018
24 16 13.983949
24 17 12.403993
24 18 11.596434
24 19 13.417130
24 20 12.787765
24 21 14.761264
24 22 12.996415
24 23 11.879587
24 25 11.363876
24 26 11.965218
24 27 12.533900
24 28 13.739747
24 29 11.036750
24 30 11.970450
24 31 13.268754
24 32 11.573097
24 33 13.880720
24 34 13.361673
24 35 14.294661
24 36 12.565044
24 37 14.343038
24 38 11.318581
24 39 13.273454
24 40 13.217947
24 41 13.172456
24 42 13.404310
24 43 14.454822
24 44 12.763954
24 45 14.496492
24 46 14.377219
24 47 14.070509
24 48 14.700003
24 49 12.343260
24 50 11.783350
25 0 13.793860
25 1 14.578754
25 2 14.241810
25 3 12.228468
25 4 13.222673
25 5 12.637456
25 6 11.174415
25 7 13.941794
25 8 11.227842
25 9 11.132275
25 10 11.955049
25 11 11.828865
25 12 12.464474
25 13 11.015673
25 14 12.764862
25 15 12.687171
25 16 13.329101
25 17 13.500634
25 18 13.015749
25 19 13.311061
25 20 14.647446
25 21 12.628431
25 22 13.232696
25 23 14.264841
25 24 11.363876
25 26 13.444766
25 27 14.599960
25 28 12.523949
25 29 11.418537
25 30 11.473447
25 31 12.419766
25 32 12.501226
25 33 13.134432
25 34 13.353240
25 35 14.806231
25 36 14.122741
25 37 11.246839
25 38 12.372680
25 39 13.582270
25 40 11.244333
25 41 12.667326
25 42 12.789930
25 43 14.484517
25 44 13.460761
25 45 13.902504
25 46 11.351456
25 47 13.435276
25 48 12.776579
25 49 13.550315
25 50 11.427564
26 0 14.002365
26 1 12.133104
26 2 13.787340
26 3 14.609326
26 4 12.437209
26 5 12.181642
26 6 14.297364
26 7 12.839646
26 8 11.827766
26 9 11.539619
26 10 13.183353
26 11 14.776633
26 12 12.267623
26 13 13.750280
26 14 12.555547
26 15 14.812172
26 16 11.913705
26 17 12.872645
26 18 14.775012
26 19 11.779856
26 20 12.541376
26 21 11.665305
26 22 11.965325
26 23 12.875378
26 24 11.965218
26 25 13.444766
26 27 11.032382
26 28 11.588887
26 29 11.741013
26 30 13.208265
26 31 14.390695
26 32 12.499435
26 33 14.787338
26 34 13.294259
26 35 13.089855
26 36 12.152955
26 37 13.987659
26 38 12.349639
26 39 14.364113
26 40 14.709543
26 41 13.948325
26 42 12.170141
26 43 12.663680
26 44 12.622401
26 45 14.277059
26 46 11.226513
26 47 13.089885
26 48 14.397805
26 49 14.460423
26 50 14.118242
27 0 10.995719
27 1 12.742078
27 2 14.018256
27 3 11.483364
27 4 13.012619
27 5 11.964932
27 6 10.922509
27 7 12.090770
27 8 12.791057
27 9 13.056999
27 10 12.645835
27 11 11.544038
27 12 14.148564
27 13 11.372033
27 14 11.285045
27 15 13.546862
27 16 12.026071
27 17 11.744167
27 18 11.168521
27 19 13.727564
27 20 11.785600
27 21 14.137685
27 22 12.343148
27 23 14.556069
27 24 12.533900
27 25 14.599960
27 26 11.032382
27 28 12.249332
27 29 14.741265
27 30 14.603419
27 31 14.716403
27 32 13.759295
27 33 11.526826
27 34 11.879810
27 35 13.467482
27 36 14.767453
27 37 13.294123
27 38 13.102575
27 39 13.100819
27 40 11.867466
27 41 14.028670
27 42 12.073170
27 43 12.758744
27 44 11.496551
27 45 13.699505
27 46 14.236912
27 47 13.699073
27 48 13.633477
27 49 14.633426
27 50 11.946175
28 0 10.942895
28 1 11.595411
28 2 12.877454
28 3 12.864120
28 4 14.669090
28 5 14.384177
28 6 13.974016
28 7 11.656207
28 8 11.111038
28 9 13.510877
28 10 14.343760
28 11 14.623425
28 12 12.146622
28 13 14.019556
28 14 12.450496
28 15 11.456421
28 16 12.168551
28 17 11.684099
28 18 13.694408
28 19 14.326255
28 20 12.707498
28 21 11.607790
28 22 11.126204
28 23 11.349053
28 24 13.739747
28 25 12.523949
28 26 11.588887
28 27 12.249332
28 29 14.550635
28 30 11.740932
28 31 13.268544
28 32 14.411200
28 33 12.502033
28 34 12.695332
28 35 12.738227
28 36 14.194920
28 37 11.674942
28 38 12.638384
28 39 14.265156
28 40 12.230015
28 41 14.333706
28 42 13.776618
28 43 13.409167
28 44 12.294314
28 45 13.126283
28 46 12.094032
28 47 14.399058
28 48 14.282245
28 49 11.932184
28 50 13.762821
29 0 14.319761
29 1 11.692299
29 2 13.914923
29 3 14.358399
29 4 12.479075
29 5 13.030611
29 6 11.224499
29 7 14.422124
29 8 12.793798
29 9 13.977570
29 10 11.116958
29 11 11.712277
29 12 12.466302
29 13 12.758812
29 14 13.800153
29 15 13.064100
29 16 13.485740
29 17 12.991701
29 18 11.854359
29 19 13.578027
29 20 10.942843
29 21 11.245487
29 22 13.905556
29 23 11.201839
29 24 11.036750
29 25 11.418537
29 26 11.741013
29 27 14.741265
29 28 14.550635
29 30 13.863605
29 31 13.530050
29 32 11.052826
29 33 10.949175
29 34 13.176164
29 35 14.016396
29 36 13.573528
29 37 13.574967
29 38 14.376102
29 39 11.088694
29 40 14.615792
29 41 11.019397
29 42 14.193551
29 43 12.115811
29 44 12.939722
29 45 12.134282
29 46 14.664220
29 47 11.318303
29 48 13.174010
29 49 14.062944
29 50 14.655143
30 0 11.465258
30 1 14.800636
30 2 12.231183
30 3 11.519044
30 4 14.232916
30 5 12.371146
30 6 10.951593
30 7 13.177016
30 8 11.613260
30 9 13.153158
30 10 11.909438
30 11 13.502487
30 12 13.494170
30 13 11.858207
30 14 14.115433
30 15 11.554214
30 16 12.496788
30 17 11.179321
30 18 11.704979
30 19 11.084726
30 20 13.424176
30 21 11.825425
30 22 11.111902
30 23 14.187126
30 24 11.970450
30 25 11.473447
30 26 13.208265
30 27 14.603419
30 28 11.740932
30 29 13.863605
30 31 12.161497
30 32 13.656054
30 33 11.824686
30 34 12.026911
30 35 12.133036
30 36 10.983172
30 37 14.769455
30 38 13.870106
30 39 11.134835
30 40 14.373653
30 41 13.169220
30 42 11.123653
30 43 12.306621
30 44 12.105988
30 45 12.528860
30 46 11.630594
30 47 13.487873
30 48 11.855258
30 49 14.205916
30 50 13.205498
31 0 13.318865
31 1 11.648665
31 2 13.280206
31 3 13.325659
31 4 11.905592
31 5 13.814502
31 6 11.491620
31 7 14.489383
31 8 12.206524
31 9 11.807330
31 10 14.372866
31 11 11.400212
31 12 14.594265
31 13 13.821533
31 14 11.307436
31 15 13.239179
31 16 11.638112
31 17 12.802961
31 18 13.650782
31 19 12.729868
31 20 13.830900
31 21 12.880493
31 22 13.828412
31 23 12.102175
31 24 13.268754
31 25 12.419766
31 26 14.390695
31 27 14.716403
31 28 13.268544
31 29 13.530050
31 30 12.161497
31 32 14.143019
31 33 13.494589
31 34 13.331368
31 35 13.226370
31 36 11.171157
31 37 14.130428
31 38 11.729872
31 39 12.125703
31 40 12.188335
31 41 13.421741
31 42 12.522681
31 43 13.685096
31 44 11.194011
31 45 11.266549
31 46 11.874958
31 47 13.315846
31 48 13.351104
31 49 14.816668
31 50 11.505337
32 0 12.298865
32 1 11.310552
32 2 12.637718
32 3 10.920540
32 4 14.489449
32 5 11.183414
32 6 13.827552
32 7 14.178318
32 8 12.892970
32 9 14.237526
32 10 12.014691
32 11 12.489240
32 12 12.993088
32 13 12.553428
32 14 14.089986
32 15 13.700026
32 16 13.941671
32 17 14.377836
32 18 14.408529
32 19 13.645131
32 20 13.684689
32 21 12.210836
32 22 12.929778
32 23 14.712240
32 24 11.573097
32 25 12.501226
32 26 12.499435
32 27 13.759295
32 28 14.411200
32 29 11.052826
32 30 13.656054
32 31 14.143019
32 33 13.929078
32 34 13.810790
32 35 12.632212
32 36 11.495752
32 37 10.999777
32 38 12.270915
32 39 13.241848
32 40 12.268520
32 41 13.603316
32 42 12.627055
32 43 11.120293
32 44 11.461223
32 45 12.583102
32 46 13.650561
32 47 13.643599
32 48 13.699623
32 49 12.770601
32 50 11.878001
33 0 11.231756
33 1 13.324383
33 2 13.973153
33 3 14.375208
33 4 11.560689
33 5 14.428644
33 6 11.210209
33 7 13.658958
33 8 13.458538
33 9 13.967226
33 10 10.968026
33 11 13.014911
33 12 11.465611
33 13 14.549698
33 14 12.881339
33 15 12.489598
33 16 12.808845
33 17 11.607909
33 18 11.329293
33 19 13.810553
33 20 11.295223
33 21 12.875005
33 22 11.286198
33 23 11.093906
33 24 13.880720
33 25 13.134432
33 26 14.787338
33 27 11.526826
33 28 12.502033
33 29 10.949175
33 30 11.824686
33 31 13.494589
33 32 13.929078
33 34 12.925677
33 35 14.051921
33 36 12.474417
33 37 14.316285
33 38 10.922721
33 39 12.256681
33 40 12.304334
33 41 12.273495
33 42 13.357208
33 43 14.446246
33 44 13.428075
33 45 13.772323
33 46 14.276981
33 47 13.679683
33 48 11.780180
33 49 12.214629
33 50 11.226732
34 0 12.216082
34 1 10.964014
34 2 12.889896
34 3 11.159639
34 4 12.477467
34 5 11.828500
34 6 14.567280
34 7 11.354243
34 8 14.430744
34 9 14.153524
34 10 13.514940
34 11 11.583406
34 12 11.547076
34 13 13.744594
34 14 11.895970
34 15 14.131857
34 16 13.283367
34 17 12.731017
34 18 14.090481
34 19 11.285346
34 20 11.042776
34 21 13.265771
34 22 14.172503
34 23 13.500337
34 24 13.361673
34 25 13.353240
34 26 13.294259
34 27 11.879810
34 28 12.695332
34 29 13.176164
34 30 12.026911
34 31 13.331368
34 32 13.810790
34 33 12.925677
34 35 11.623605
34 36 12.133846
34 37 11.405514
34 38 11.083301
34 39 11.827774
34 40 11.189864
34 41 14.688132
34 42 11.226418
34 43 11.421094
34 44 11.724082
34 45 11.690556
34 46 13.740395
34 47 12.469458
34 48 12.877061
34 49 13.471316
34 50 14.300754
35 0 12.207283
35 1 13.392949
35 2 12.561148
35 3 13.101721
35 4 14.487262
35 5 11.088466
35 6 14.197253
35 7 13.292304
35 8 11.182059
35 9 14.171463
35 10 11.249591
35 11 14.176859
35 12 13.887566
35 13 11.527348
35 14 11.441513
35 15 11.222096
35 16 12.416367
35 17 13.148576
35 18 12.847731
35 19 14.536761
35 20 13.095727
35 21 11.669534
35 22 14.036322
35 23 13.576527
35 24 14.294661
35 25 14.806231
35 26 13.089855
35 27 13.467482
35 28 12.738227
35 29 14.016396
35 30 12.133036
35 31 13.226370
35 32 12.632212
35 33 14.051921
35 34 11.623605
35 36 11.647960
35 37 14.186704
35 38 12.546794
35 39 12.472359
35 40 13.453353
35 41 14.428261
35 42 13.797024
35 43 13.711773
35 44 13.174080
35 45 11.073993
35 46 13.239096
35 47 11.736007
35 48 11.770390
35 49 10.964149
35 50 13.633677
36 0 13.480542
36 1 12.791185
36 2 13.985205
36 3 11.418061
36 4 13.008352
36 5 13.323344
36 6 13.240433
36 7 13.074029
36 8 13.746616
36 9 13.662526
36 10 14.054171
36 11 14.626657
36 12 11.389370
36 13 12.904318
36 14 14.003682
36 15 14.137233
36 16 13.624342
36 17 12.572762
36 18 11.199970
36 19 14.220563
36 20 13.247239
36 21 14.811998
36 22 10.986607
36 23 13.287605
36 24 12.565044
36 25 14.122741
36 26 12.152955
36 27 14.767453
36 28 14.194920
36 29 13.573528
36 30 10.983172
36 31 11.171157
36 32 11.495752
36 33 12.474417
36 34 12.133846
36 35 11.647960
36 37 12.302609
36 38 12.437654
36 39 12.285342
36 40 14.307265
36 41 13.017280
36 42 12.729121
36 43 13.657571
36 44 13.729963
36 45 12.082251
36 46 13.822375
36 47 13.191221
36 48 12.964083
36 49 10.962753
36 50 11.916381
37 0 14.630430
37 1 13.181598
37 2 12.551785
37 3 12.409828
37 4 11.194922
37 5 13.458142
37 6 13.641223
37 7 14.553905
37 8 12.183253
37 9 14.449626
37 10 14.583769
37 11 11.366255
37 12 11.563828
37 13 11.130603
37 14 11.355620
37 15 14.147881
37 16 12.385332
37 17 14.548965
37 18 12.262497
37 19 14.104553
37 20 12.972178
37 21 11.232484
37 22 14.527511
37 23 12.055642
37 24 14.343038
37 25 11.246839
37 26 13.987659
37 27 13.294123
37 28 11.674942
37 29 13.574967
37 30 14.769455
37 31 14.130428
37 32 10.999777
37 33 14.316285
37 34 11.405514
37 35 14.186704
37 36 12.302609
37 38 12.234426
37 39 14.591766
37 40 12.676127
37 41 11.215036
37 42 12.783412
37 43 11.249003
37 44 12.159141
37 45 14.232672
37 46 11.671368
37 47 10.957517
37 48 14.360213
37 49 14.295297
37 50 12.183345
38 0 12.904400
38 1 14.183195
38 2 13.956598
38 3 11.582609
38 4 11.908698
38 5 11.978837
38 6 13.152775
38 7 13.714046
38 8 11.274090
38 9 13.751912
38 10 13.625624
38 11 13.444156
38 12 12.416862
38 13 13.778898
38 14 12.520456
38 15 13.079768
38 16 12.936920
38 17 12.718471
38 18 12.343056
38 19 13.005636
38 20 12.517976
38 21 11.753434
38 22 11.736131
38 23 13.272373
38 24 11.318581
38 25 12.372680
38 26 12.349639
38 27 13.102575
38 28 12.638384
38 29 14.376102
38 30 13.870106
38 31 11.729872
38 32 12.270915
38 33 10.922721
38 34 11.083301
38 35 12.546794
38 36 12.437654
38 37 12.234426
38 39 14.007041
38 40 11.379772
38 41 12.306014
38 42 14.569980
38 43 11.916180
38 44 14.047910
38 45 12.170156
38 46 12.588118
38 47 11.685700
38 48 12.157252
38 49 13.824218
38 50 12.392886
39 0 12.246791
39 1 12.040466
39 2 12.397804
39 3 12.665772
39 4 11.811201
39 5 12.545213
39 6 11.321944
39 7 13.266464
39 8 12.331440
39 9 13.144950
39 10 11.546780
39 11 13.094793
39 12 11.155422
39 13 11.816568
39 14 13.784238
39 15 11.986311
39 16 14.483884
39 17 13.218091
39 18 14.377778
39 19 14.189993
39 20 13.761402
39 21 14.128520
39 22 14.353083
39 23 12.680834
39 24 13.273454
39 25 13.582270
39 26 14.364113
39 27 13.100819
39 28 14.265156
39 29 11.088694
39 30 11.134835
39 31 12.125703
39 32 13.241848
39 33 12.256681
39 34 11.827774
39 35 12.472359
39 36 12.285342
39 37 14.591766
39 38 14.007041
39 40 13.920045
39 41 11.070378
39 42 12.898159
39 43 12.643141
39 44 14.075610
39 45 11.038806
39 46 14.260609
39 47 11.551028
39 48 13.802752
39 49 13.323740
39 50 12.287599
40 0 12.993701
40 1 11.821191
40 2 13.649106
40 3 13.392189
40 4 14.790935
40 5 14.368450
40 6 12.233489
40 7 11.963307
40 8 11.904892
40 9 12.026830
40 10 13.787462
40 11 13.646462
40 12 12.653313
40 13 12.032977
40 14 13.913632
40 15 11.029391
40 16 13.858079
40 17 12.803954
40 18 13.969422
40 19 14.468197
40 20 11.427115
40 21 12.058350
40 22 14.734359
40 23 11.368502
40 24 13.217947
40 25 11.244333
40 26 14.709543
40 27 11.867466
40 28 12.230015
40 29 14.615792
40 30 14.373653
40 31 12.188335
40 32 12.268520
40 33 12.304334
40 34 11.189864
40 35 13.453353
40 36 14.307265
40 37 12.676127
40 38 11.379772
40 39 13.920045
40 41 13.210661
40 42 14.532912
40 43 13.177006
40 44 14.591035
40 45 14.249215
40 46 12.937075
40 47 13.485055
40 48 12.456255
40 49 14.006451
40 50 13.666181
41 0 14.165052
41 1 12.107689
41 2 11.343544
41 3 13.348636
41 4 12.878631
41 5 14.449388
41 6 13.968545
41 7 10.944797
41 8 11.756889
41 9 11.258822
41 10 14.202591
41 11 12.313913
41 12 11.037182
41 13 13.406442
41 14 12.955021
41 15 13.285178
41 16 12.368611
41 17 11.232474
41 18 12.628007
41 19 14.540346
41 20 14.146305
41 21 11.976653
41 22 11.593692
41 23 12.521172
41 24 13.172456
41 25 12.667326
41 26 13.948325
41 27 14.028670
41 28 14.333706
41 29 11.019397
41 30 13.169220
41 31 13.421741
41 32 13.603316
41 33 12.273495
41 34 14.688132
41 35 14.428261
41 36 13.017280
41 37 11.215036
41 38 12.306014
41 39 11.070378
41 40 13.210661
41 42 11.317089
41 43 11.378818
41 44 14.515970
41 45 13.671286
41 46 14.636770
41 47 13.109184
41 48 14.346529
41 49 11.690942
41 50 11.338181
42 0 11.320497
42 1 11.025604
42 2 12.665036
42 3 11.343847
42 4 12.476669
42 5 11.615364
42 6 11.847896
42 7 11.976690
42 8 13.494255
42 9 13.643117
42 10 12.189909
42 11 14.239809
42 12 12.886606
42 13 11.519324
42 14 13.983153
42 15 11.894789
42 16 11.865809
42 17 14.819354
42 18 13.447245
42 19 12.975368
42 20 13.699319
42 21 13.769967
42 22 11.077764
42 23 13.422204
42 24 13.404310
42 25 12.789930
42 26 12.170141
42 27 12.073170
42 28 13.776618
42 29 14.193551
42 30 11.123653
42 31 12.522681
42 32 12.627055
42 33 13.357208
42 34 11.226418
42 35 13.797024
42 36 12.729121
42 37 12.783412
42 38 14.569980
42 39 12.898159
42 40 14.532912
42 41 11.317089
42 43 14.463227
42 44 12.085005
42 45 12.397148
42 46 12.387062
42 47 14.367128
42 48 14.497622
42 49 14.076178
42 50 11.236765
43 0 12.349539
43 1 11.332711
43 2 12.695454
43 3 11.660242
43 4 14.529667
43 5 11.700278
43 6 11.391324
43 7 12.067556
43 8 11.942907
43 9 12.953240
43 10 11.274113
43 11 11.123243
43 12 12.150487
43 13 12.871257
43 14 13.865734
43 15 13.305722
43 16 12.930633
43 17 12.275575
43 18 12.257982
43 19 12.655973
43 20 12.351237
43 21 14.689993
43 22 11.371303
43 23 12.641775
43 24 14.454822
43 25 14.484517
43 26 12.663680
43 27 12.758744
43 28 13.409167
43 29 12.115811
43 30 12.306621
43 31 13.685096
43 32 11.120293
43 33 14.446246
43 34 11.421094
43 35 13.711773
43 36 13.657571
43 37 11.249003
43 38 11.916180
43 39 12.643141
43 40 13.177006
43 41 11.378818
43 42 14.463227
43 44 14.468929
43 45 13.820883
43 46 14.551286
43 47 13.279024
43 48 11.406134
43 49 12.754280
43 50 11.775393
44 0 11.174660
44 1 12.333486
44 2 13.609504
44 3 11.118045
44 4 12.368645
44 5 13.871987
44 6 12.702407
44 7 14.133075
44 8 12.881414
44 9 13.709349
44 10 13.327558
44 11 14.357828
44 12 13.563523
44 13 12.118444
44 14 12.081219
44 15 13.589498
44 16 11.486643
44 17 13.901114
44 18 12.538246
44 19 13.551414
44 20 11.402966
44 21 12.419604
44 22 13.004428
44 23 12.478164
44 24 12.763954
44 25 13.460761
44 26 12.622401
44 27 11.496551
44 28 12.294314
44 29 12.939722
44 30 12.105988
44 31 11.194011
44 32 11.461223
44 33 13.428075
44 34 11.724082
44 35 13.174080
44 36 13.729963
44 37 12.159141
44 38 14.047910
44 39 14.075610
44 40 14.591035
44 41 14.515970
44 42 12.085005
44 43 14.468929
44 45 13.798968
44 46 11.639609
44 47 11.812228
44 48 13.449319
44 49 13.198145
44 50 13.840592
45 0 11.420318
45 1 12.929513
45 2 13.739841
45 3 14.169505
45 4 13.897912
45 5 11.979297
45 6 11.204331
45 7 11.476533
45 8 14.482186
45 9 13.376100
45 10 12.551414
45 11 12.913340
45 12 12.793049
45 13 14.151152
45 14 13.663123
45 15 11.575779
45 16 14.740216
45 17 14.415250
45 18 14.586328
45 19 11.764659
45 20 12.552582
45 21 14.416193
45 22 13.538123
45 23 14.803146
45 24 14.496492
45 25 13.902504
45 26 14.277059
45 27 13.699505
45 28 13.126283
45 29 12.134282
45 30 12.528860
45 31 11.266549
45 32 12.583102
45 33 13.772323
45 34 11.690556
45 35 11.073993
45 36 12.082251
45 37 14.232672
45 38 12.170156
45 39 11.038806
45 40 14.249215
45 41 13.671286
45 42 12.397148
45 43 13.820883
45 44 13.798968
45 46 14.312248
45 47 12.131188
45 48 13.183021
45 49 11.388861
45 50 10.952663
46 0 11.398809
46 1 13.341685
46 2 14.303497
46 3 14.346373
46 4 11.148941
46 5 12.043875
46 6 12.930425
46 7 13.374013
46 8 12.531852
46 9 11.839101
46 10 12.560079
46 11 12.308047
46 12 11.022835
46 13 14.518574
46 14 14.593988
46 15 10.924566
46 16 13.700215
46 17 13.833422
46 18 11.612306
46 19 14.007305
46 20 11.118351
46 21 13.321372
46 22 10.939140
46 23 14.391700
46 24 14.377219
46 25 11.351456
46 26 11.226513
46 27 14.236912
46 28 12.094032
46 29 14.664220
46 30 11.630594
46 31 11.874958
46 32 13.650561
46 33 14.276981
46 34 13.740395
46 35 13.239096
46 36 13.822375
46 37 11.671368
46 38 12.588118
46 39 14.260609
46 40 12.937075
46 41 14.636770
46 42 12.387062
46 43 14.551286
46 44 11.639609
46 45 14.312248
46 47 11.760387
46 48 14.071623
46 49 12.568178
46 50 14.693808
47 0 13.414660
47 1 13.172191
47 2 13.961735
47 3 13.138656
47 4 11.384944
47 5 12.335184
47 6 13.199689
47 7 11.695769
47 8 12.319839
47 9 13.346941
47 10 12.583028
47 11 13.512903
47 12 13.936435
47 13 11.129063
47 14 13.932894
47 15 12.343399
47 16 13.122758
47 17 10.959917
47 18 13.638771
47 19 12.699715
47 20 13.526961
47 21 12.357948
47 22 14.463116
47 23 12.510072
47 24 14.070509
47 25 13.435276
47 26 13.089885
47 27 13.699073
47 28 14.399058
47 29 11.318303
47 30 13.487873
47 31 13.315846
47 32 13.643599
47 33 13.679683
47 34 12.469458
47 35 11.736007
47 36 13.191221
47 37 10.957517
47 38 11.685700
47 39 11.551028
47 40 13.485055
47 41 13.109184
47 42 14.367128
47 43 13.279024
47 44 11.812228
47 45 12.131188
47 46 11.760387
47 48 14.325368
47 49 13.102275
47 50 11.239012
48 0 13.378145
48 1 12.559183
48 2 13.188333
48 3 12.330018
48 4 13.478568
48 5 13.939738
48 6 11.646677
48 7 14.218356
48 8 12.901925
48 9 11.792668
48 10 11.255935
48 11 14.475406
48 12 11.070942
48 13 13.315403
48 14 13.813291
48 15 12.434484
48 16 14.354448
48 17 13.873110
48 18 14.449406
48 19 12.643189
48 20 12.139814
48 21 12.850439
48 22 10.960842
48 23 13.804697
48 24 14.700003
48 25 12.776579
48 26 14.397805
48 27 13.633477
48 28 14.282245
48 29 13.174010
48 30 11.855258
48 31 13.351104
48 32 13.699623
48 33 11.780180
48 34 12.877061
48 35 11.770390
48 36 12.964083
48 37 14.360213
48 38 12.157252
48 39 13.802752
48 40 12.456255
48 41 14.346529
48 42 14.497622
48 43 11.406134
48 44 13.449319
48 45 13.183021
48 46 14.071623
48 47 14.325368
48 49 14.138452
48 50 12.782651
49 0 12.661051
49 1 11.442100
49 2 11.345798
49 3 13.522272
49 4 11.870022
49 5 12.934655
49 6 12.349449
49 7 13.762878
49 8 13.645257
49 9 13.840549
49 10 14.754205
49 11 14.527160
49 12 11.785232
49 13 13.185899
49 14 11.471740
49 15 14.511876
49 16 11.139452
49 17 14.528673
49 18 14.602645
49 19 14.340676
49 20 11.204397
49 21 13.156493
49 22 11.577623
49 23 12.750656
49 24 12.343260
49 25 13.550315
49 26 14.460423
49 27 14.633426
49 28 11.932184
49 29 14.062944
49 30 14.205916
49 31 14.816668
49 32 12.770601
49 33 12.214629
49 34 13.471316
49 35 10.964149
49 36 10.962753
49 37 14.295297
49 38 13.824218
49 39 13.323740
49 40 14.006451
49 41 11.690942
49 42 14.076178
49 43 12.754280
49 44 13.198145
49 45 11.388861
49 46 12.568178
49 47 13.102275
49 48 14.138452
49 50 13.971347
50 0 12.398474
50 1 11.629579
50 2 11.402505
50 3 14.269228
50 4 11.863993
50 5 13.196725
50 6 13.265014
50 7 11.363948
50 8 13.893943
50 9 14.089458
50 10 12.602786
50 11 14.387712
50 12 13.706078
50 13 14.670805
50 14 11.680393
50 15 11.986068
50 16 13.805218
50 17 14.737764
50 18 13.816077
50 19 12.143318
50 20 13.047678
50 21 14.430898
50 22 10.988132
50 23 14.499931
50 24 11.783350
50 25 11.427564
50 26 14.118242
50 27 11.946175
50 28 13.762821
50 29 14.655143
50 30 13.205498
50 31 11.505337
50 32 11.878001
50 33 11.226732
50 34 14.300754
50 35 13.633677
50 36 11.916381
50 37 12.183345
50 38 12.392886
50 39 12.287599
50 40 13.666181
50 41 11.338181
50 42 11.236765
50 43 11.775393
50 44 13.840592
50 45 10.952663
50 46 14.693808
50 47 11.239012
50 48 12.782651
50 49 13.971347
