# i j vmax_ij_m_per_s; symmetric values generated with Uniform(0.7,0.95)*15.6
0 1 13.202255
0 2 14.809249
0 3 12.814406
0 4 11.040915
0 5 11.823783
0 6 11.552948
0 7 13.934337
0 8 11.990110
0 9 13.565794
0 10 11.219603
0 11 11.042019
0 12 11.718792
0 13 14.358267
0 14 14.715257
0 15 13.881532
0 16 12.640957
0 17 14.571109
0 18 11.802883
0 19 14.455109
0 20 11.881427
0 21 12.627610
0 22 14.749886
0 23 14.129244
0 24 12.226307
0 25 11.477779
0 26 13.177296
0 27 12.681538
0 28 14.316426
0 29 14.089745
0 30 14.006865
0 31 12.540408
0 32 12.805053
0 33 11.495098
0 34 11.037946
0 35 13.624220
0 36 13.789136
0 37 10.932399
0 38 11.954104
0 39 13.342318
0 40 12.221534
0 41 11.089980
0 42 11.065678
0 43 13.739681
0 44 13.526428
0 45 11.235154
0 46 11.167512
0 47 14.330187
0 48 11.208990
0 49 13.921527
0 50 11.007924
1 0 13.202255
1 2 13.258712
1 3 11.168003
1 4 12.836963
1 5 12.481452
1 6 12.482178
1 7 14.007415
1 8 13.439216
1 9 14.360881
1 10 13.581640
1 11 13.117825
1 12 11.870250
1 13 12.078533
1 14 13.951944
1 15 11.281889
1 16 12.811574
1 17 13.786429
1 18 11.347130
1 19 13.274356
1 20 13.885395
1 21 13.374198
1 22 11.017555
1 23 14.619022
1 24 14.078157
1 25 11.640625
1 26 14.735621
1 27 12.054184
1 28 12.734862
1 29 11.583347
1 30 14.034872
1 31 14.766710
1 32 11.429233
1 33 14.622426
1 34 12.831009
1 35 14.030093
1 36 11.686653
1 37 10.984447
1 38 12.829467
1 39 11.362423
1 40 12.394538
1 41 12.471905
1 42 11.681195
1 43 13.626850
1 44 13.896054
1 45 12.250253
1 46 12.304452
1 47 13.698354
1 48 11.302213
1 49 13.071726
1 50 13.651935
2 0 14.809249
2 1 13.258712
2 3 13.142186
2 4 11.866365
2 5 13.666900
2 6 12.657443
2 7 13.262681
2 8 13.682999
2 9 14.536728
2 10 12.929280
2 11 12.816034
2 12 14.113328
2 13 11.119798
2 14 14.728262
2 15 14.257178
2 16 12.055686
2 17 14.729431
2 18 13.865053
2 19 13.045860
2 20 13.253904
2 21 14.784381
2 22 14.214492
2 23 14.071026
2 24 13.183244
2 25 12.071327
2 26 10.995555
2 27 11.959636
2 28 14.031050
2 29 11.559113
2 30 14.202248
2 31 12.061953
2 32 11.907646
2 33 10.934936
2 34 12.069851
2 35 12.104772
2 36 13.046087
2 37 11.432241
2 38 14.389700
2 39 11.602585
2 40 11.074579
2 41 13.125602
2 42 12.219329
2 43 14.001156
2 44 11.951796
2 45 12.538972
2 46 11.332371
2 47 12.122247
2 48 12.177171
2 49 13.587068
2 50 13.421440
3 0 12.814406
3 1 11.168003
3 2 13.142186
3 4 14.433556
3 5 14.804983
3 6 12.175215
3 7 11.947984
3 8 13.473638
3 9 14.576034
3 10 12.657038
3 11 11.891136
3 12 11.990964
3 13 11.372786
3 14 11.790777
3 15 11.405273
3 16 13.601193
3 17 14.558820
3 18 14.809691
3 19 13.247275
3 20 12.535118
3 21 13.215202
3 22 11.567188
3 23 14.167104
3 24 14.668692
3 25 13.926194
3 26 11.946669
3 27 10.940208
3 28 11.818954
3 29 12.320929
3 30 14.585382
3 31 11.145028
3 32 14.396295
3 33 12.798226
3 34 13.114094
3 35 13.203520
3 36 12.984171
3 37 13.054531
3 38 14.579953
3 39 11.173793
3 40 14.343446
3 41 13.821606
3 42 12.598990
3 43 14.561784
3 44 14.207530
3 45 12.722343
3 46 13.959410
3 47 12.161675
3 48 13.984912
3 49 12.024564
3 50 11.011971
4 0 11.040915
4 1 12.836963
4 2 11.866365
4 3 14.433556
4 5 13.691558
4 6 14.470048
4 7 13.648900
4 8 11.496825
4 9 12.852269
4 10 13.565773
4 11 10.940949
4 12 13.057576
4 13 14.183419
4 14 14.818692
4 15 12.565255
4 16 13.189516
4 17 11.910459
4 18 12.553079
4 19 14.303599
4 20 14.255931
4 21 14.652322
4 22 14.561519
4 23 13.792584
4 24 13.250875
4 25 12.572753
4 26 13.099124
4 27 12.700165
4 28 11.074114
4 29 11.041196
4 30 13.455426
4 31 14.817939
4 32 13.882612
4 33 12.954211
4 34 14.035527
4 35 12.436206
4 36 12.027961
4 37 12.120591
4 38 13.241767
4 39 11.426019
4 40 11.683005
4 41 13.230242
4 42 12.563285
4 43 11.653324
4 44 11.232057
4 45 12.809462
4 46 12.538365
4 47 12.866133
4 48 12.596694
4 49 11.971074
4 50 11.160750
5 0 11.823783
5 1 12.481452
5 2 13.666900
5 3 14.804983
5 4 13.691558
5 6 11.596524
5 7 11.696608
5 8 11.237923
5 9 11.540927
5 10 11.706867
5 11 11.420770
5 12 12.237340
5 13 12.117920
5 14 13.420891
5 15 11.907972
5 16 14.600589
5 17 13.835695
5 18 12.402091
5 19 12.534485
5 20 11.440332
5 21 13.917322
5 22 12.747911
5 23 12.586292
5 24 12.890794
5 25 11.627980
5 26 11.804495
5 27 12.452584
5 28 13.664529
5 29 12.766358
5 30 11.299590
5 31 14.573442
5 32 14.493201
5 33 13.664344
5 34 11.452203
5 35 11.203496
5 36 14.725614
5 37 12.051445
5 38 14.790698
5 39 13.775854
5 40 14.257991
5 41 11.215614
5 42 11.868705
5 43 11.411121
5 44 13.488643
5 45 13.786849
5 46 13.570867
5 47 13.796943
5 48 14.611328
5 49 12.871851
5 50 12.670296
6 0 11.552948
6 1 12.482178
6 2 12.657443
6 3 12.175215
6 4 14.470048
6 5 11.596524
6 7 13.917781
6 8 13.656848
6 9 13.672213
6 10 13.231504
6 11 13.031320
6 12 12.119920
6 13 14.579698
6 14 11.807046
6 15 11.929276
6 16 13.628632
6 17 13.099278
6 18 13.853819
6 19 10.932026
6 20 10.978389
6 21 13.728900
6 22 11.284710
6 23 12.930625
6 24 13.063476
6 25 14.799854
6 26 13.230079
6 27 13.017262
6 28 13.916798
6 29 11.119510
6 30 10.989906
6 31 12.420388
6 32 11.856527
6 33 11.082604
6 34 11.764421
6 35 11.437010
6 36 13.642584
6 37 14.082840
6 38 12.487738
6 39 14.415472
6 40 11.810964
6 41 13.051720
6 42 14.344632
6 43 13.366810
6 44 14.419993
6 45 13.838849
6 46 13.073857
6 47 11.679041
6 48 14.778450
6 49 12.872705
6 50 12.331881
7 0 13.934337
7 1 14.007415
7 2 13.262681
7 3 11.947984
7 4 13.648900
7 5 11.696608
7 6 13.917781
7 8 11.410906
7 9 13.648478
7 10 12.569264
7 11 13.533807
7 12 12.014000
7 13 12.341441
7 14 13.414590
7 15 13.155010
7 16 12.661608
7 17 13.538548
7 18 14.640675
7 19 13.476760
7 20 11.705547
7 21 14.228281
7 22 12.452124
7 23 13.099635
7 24 13.923205
7 25 12.081206
7 26 14.258347
7 27 11.378359
7 28 13.374269
7 29 11.853729
7 30 12.022611
7 31 11.939429
7 32 14.084337
7 33 14.385901
7 34 11.351934
7 35 13.791449
7 36 14.686352
7 37 11.683096
7 38 13.580288
7 39 11.502941
7 40 14.263219
7 41 12.540721
7 42 13.287624
7 43 13.906840
7 44 14.344351
7 45 12.766298
7 46 12.751023
7 47 11.851188
7 48 12.410929
7 49 13.370762
7 50 13.122557
8 0 11.990110
8 1 13.439216
8 2 13.682999
8 3 13.473638
8 4 11.496825
8 5 11.237923
8 6 13.656848
8 7 11.410906
8 9 10.951382
8 10 14.158223
8 11 12.600865
8 12 11.012376
8 13 13.365593
8 14 11.588994
8 15 14.773196
8 16 13.080989
8 17 13.107589
8 18 14.267171
8 19 11.238252
8 20 13.177826
8 21 11.198072
8 22 13.068767
8 23 12.006885
8 24 12.183105
8 25 14.690765
8 26 14.361917
8 27 13.167056
8 28 14.767874
8 29 14.814664
8 30 12.075851
8 31 13.508898
8 32 11.836148
8 33 13.184287
8 34 11.145491
8 35 14.662655
8 36 10.999184
8 37 13.844419
8 38 11.697692
8 39 13.513445
8 40 11.238480
8 41 11.782764
8 42 11.031506
8 43 14.772790
8 44 10.985265
8 45 13.064645
8 46 11.104818
8 47 11.534444
8 48 11.156885
8 49 14.246563
8 50 14.401088
9 0 13.565794
9 1 14.360881
9 2 14.536728
9 3 14.576034
9 4 12.852269
9 5 11.540927
9 6 13.672213
9 7 13.648478
9 8 10.951382
9 10 11.850311
9 11 13.893794
9 12 13.618759
9 13 10.945512
9 14 13.092061
9 15 11.383719
9 16 14.435789
9 17 11.741151
9 18 12.327019
9 19 13.857269
9 20 12.599108
9 21 11.282787
9 22 13.216985
9 23 13.790208
9 24 14.693827
9 25 12.574783
9 26 13.038740
9 27 11.867889
9 28 13.996899
9 29 13.814770
9 30 13.248415
9 31 14.081704
9 32 12.310308
9 33 13.442172
9 34 14.432967
9 35 12.688953
9 36 14.655148
9 37 11.645003
9 38 12.899706
9 39 11.735506
9 40 14.503538
9 41 14.730952
9 42 13.458924
9 43 13.987754
9 44 11.434224
9 45 14.779367
9 46 11.612944
9 47 13.927581
9 48 13.394287
9 49 12.814385
9 50 13.365171
10 0 11.219603
10 1 13.581640
10 2 12.929280
10 3 12.657038
10 4 13.565773
10 5 11.706867
10 6 13.231504
10 7 12.569264
10 8 14.158223
10 9 11.850311
10 11 11.126021
10 12 13.364829
10 13 12.852856
10 14 12.713705
10 15 12.007187
10 16 11.312608
10 17 13.460896
10 18 14.542148
10 19 11.758189
10 20 11.220081
10 21 13.353728
10 22 12.721140
10 23 13.960530
10 24 13.856486
10 25 12.478471
10 26 14.177359
10 27 14.141333
10 28 13.206606
10 29 12.873421
10 30 12.060430
10 31 13.944595
10 32 13.753585
10 33 14.581926
10 34 13.968379
10 35 14.627190
10 36 13.018205
10 37 13.835266
10 38 13.381725
10 39 11.429586
10 40 12.300452
10 41 12.137769
10 42 12.068645
10 43 13.010103
10 44 12.493420
10 45 13.288694
10 46 11.840803
10 47 13.239029
10 48 11.348336
10 49 12.413910
10 50 11.106632
11 0 11.042019
11 1 13.117825
11 2 12.816034
11 3 11.891136
11 4 10.940949
11 5 11.420770
11 6 13.031320
11 7 13.533807
11 8 12.600865
11 9 13.893794
11 10 11.126021
11 12 14.041218
11 13 13.495330
11 14 14.135136
11 15 12.506203
11 16 11.143570
11 17 13.328832
11 18 13.885929
11 19 11.815648
11 20 12.689015
11 21 13.350047
11 22 13.089141
11 23 12.645807
11 24 11.332381
11 25 11.479610
11 26 12.165114
11 27 10.984696
11 28 13.211838
11 29 12.368822
11 30 13.496167
11 31 13.723658
11 32 11.474839
11 33 14.640463
11 34 13.650363
11 35 13.557230
11 36 12.631713
11 37 13.438587
11 38 13.300847
11 39 14.382245
11 40 13.164563
11 41 14.765221
11 42 13.305919
11 43 12.051084
11 44 14.366756
11 45 13.709815
11 46 11.403963
11 47 12.120055
11 48 13.015198
11 49 12.338488
11 50 11.233447
12 0 11.718792
12 1 11.870250
12 2 14.113328
12 3 11.990964
12 4 13.057576
12 5 12.237340
12 6 12.119920
12 7 12.014000
12 8 11.012376
12 9 13.618759
12 10 13.364829
12 11 14.041218
12 13 12.350675
12 14 11.589611
12 15 13.969780
12 16 11.857011
12 17 13.538743
12 18 14.441180
12 19 14.120818
12 20 11.333413
12 21 12.125781
12 22 13.631953
12 23 11.348625
12 24 14.225382
12 25 14.598402
12 26 13.356301
12 27 13.728466
12 28 13.339950
12 29 13.989147
12 30 13.836288
12 31 12.726335
12 32 14.729389
12 33 11.993157
12 34 10.927812
12 35 14.044906
12 36 14.077996
12 37 10.954821
12 38 12.000604
12 39 11.928243
12 40 14.055350
12 41 13.279916
12 42 11.262044
12 43 12.987965
12 44 13.330540
12 45 14.459908
12 46 14.096866
12 47 13.140212
12 48 14.725374
12 49 12.802410
12 50 11.827791
13 0 14.358267
13 1 12.078533
13 2 11.119798
13 3 11.372786
13 4 14.183419
13 5 12.117920
13 6 14.579698
13 7 12.341441
13 8 13.365593
13 9 10.945512
13 10 12.852856
13 11 13.495330
13 12 12.350675
13 14 13.513448
13 15 11.671489
13 16 13.500265
13 17 13.290436
13 18 11.461428
13 19 14.086128
13 20 13.316153
13 21 12.402568
13 22 12.176524
13 23 14.631470
13 24 14.791135
13 25 11.887136
13 26 11.650764
13 27 14.279582
13 28 11.321686
13 29 12.042914
13 30 14.478836
13 31 12.642260
13 32 14.374177
13 33 14.365382
13 34 14.376702
13 35 13.884877
13 36 13.746451
13 37 14.014915
13 38 13.607458
13 39 13.012880
13 40 11.290125
13 41 14.353678
13 42 12.671265
13 43 13.931275
13 44 14.597657
13 45 12.636301
13 46 11.484796
13 47 12.946330
13 48 13.495015
13 49 12.962564
13 50 11.708113
14 0 14.715257
14 1 13.951944
14 2 14.728262
14 3 11.790777
14 4 14.818692
14 5 13.420891
14 6 11.807046
14 7 13.414590
14 8 11.588994
14 9 13.092061
14 10 12.713705
14 11 14.135136
14 12 11.589611
14 13 13.513448
14 15 13.145143
14 16 14.004582
14 17 12.928225
14 18 12.738288
14 19 12.292908
14 20 13.399638
14 21 13.172477
14 22 13.445672
14 23 12.397952
14 24 11.291679
14 25 11.474154
14 26 12.626371
14 27 11.014716
14 28 13.148118
14 29 13.693032
14 30 14.520939
14 31 13.878327
14 32 13.567603
14 33 13.448335
14 34 11.176985
14 35 13.900557
14 36 11.765762
14 37 14.388636
14 38 11.649669
14 39 11.303389
14 40 14.215263
14 41 11.629859
14 42 12.986561
14 43 14.559045
14 44 13.787247
14 45 13.602950
14 46 12.864861
14 47 13.315795
14 48 11.699240
14 49 12.040126
14 50 13.926377
15 0 13.881532
15 1 11.281889
15 2 14.257178
15 3 11.405273
15 4 12.565255
15 5 11.907972
15 6 11.929276
15 7 13.155010
15 8 14.773196
15 9 11.383719
15 10 12.007187
15 11 12.506203
15 12 13.969780
15 13 11.671489
15 14 13.145143
15 16 12.491202
15 17 11.791991
15 18 13.038522
15 19 12.793715
15 20 11.566205
15 21 11.701039
15 22 10.925913
15 23 11.660146
15 24 13.030624
15 25 13.694599
15 26 14.804083
15 27 10.937932
15 28 11.989446
15 29 11.465799
15 30 11.996237
15 31 10.949929
15 32 11.960617
15 33 12.254520
15 34 14.462930
15 35 10.933692
15 36 14.507658
15 37 11.087357
15 38 13.276642
15 39 12.615836
15 40 13.142118
15 41 12.464713
15 42 12.208104
15 43 13.623211
15 44 11.786337
15 45 13.227013
15 46 11.291987
15 47 12.258494
15 48 14.404490
15 49 14.229170
15 50 14.589514
16 0 12.640957
16 1 12.811574
16 2 12.055686
16 3 13.601193
16 4 13.189516
16 5 14.600589
16 6 13.628632
16 7 12.661608
16 8 13.080989
16 9 14.435789
16 10 11.312608
16 11 11.143570
16 12 11.857011
16 13 13.500265
16 14 14.004582
16 15 12.491202
16 17 12.208487
16 18 11.567483
16 19 12.337564
16 20 14.597490
16 21 14.301645
16 22 12.546514
16 23 13.147496
16 24 14.380688
16 25 12.654528
16 26 11.331757
16 27 11.721902
16 28 14.803520
16 29 14.025606
16 30 13.771370
16 31 10.954453
16 32 11.378535
16 33 13.185446
16 34 14.252146
16 35 12.114760
16 36 13.562856
16 37 14.588304
16 38 13.560633
16 39 12.059535
16 40 12.172343
16 41 10.968142
16 42 11.013150
16 43 11.904102
16 44 12.174613
16 45 11.290691
16 46 13.522796
16 47 11.068656
16 48 13.262728
16 49 13.806522
16 50 12.123094
17 0 14.571109
17 1 13.786429
17 2 14.729431
17 3 14.558820
17 4 11.910459
17 5 13.835695
17 6 13.099278
17 7 13.538548
17 8 13.107589
17 9 11.741151
17 10 13.460896
17 11 13.328832
17 12 13.538743
17 13 13.290436
17 14 12.928225
17 15 11.791991
17 16 12.208487
17 18 14.051290
17 19 14.476956
17 20 14.693211
17 21 11.681934
17 22 12.329888
17 23 14.779451
17 24 12.737112
17 25 12.993713
17 26 11.262213
17 27 12.814649
17 28 12.918825
17 29 14.115277
17 30 12.778984
17 31 12.528165
17 32 14.314298
17 33 14.671226
17 34 13.167371
17 35 11.237164
17 36 13.396741
17 37 14.396579
17 38 11.257113
17 39 13.813453
17 40 14.716569
17 41 13.105090
17 42 11.730649
17 43 12.266099
17 44 14.174114
17 45 13.696338
17 46 13.655517
17 47 14.530991
17 48 11.579389
17 49 12.160609
17 50 11.704545
18 0 11.802883
18 1 11.347130
18 2 13.865053
18 3 14.809691
18 4 12.553079
18 5 12.402091
18 6 13.853819
18 7 14.640675
18 8 14.267171
18 9 12.327019
18 10 14.542148
18 11 13.885929
18 12 14.441180
18 13 11.461428
18 14 12.738288
18 15 13.038522
18 16 11.567483
18 17 14.051290
18 19 11.074897
18 20 14.637651
18 21 11.204476
18 22 11.059544
18 23 12.498341
18 24 11.390287
18 25 13.165695
18 26 13.181390
18 27 11.669094
18 28 11.012207
18 29 12.191018
18 30 14.771972
18 31 12.980665
18 32 14.354568
18 33 12.221805
18 34 14.693022
18 35 13.847654
18 36 13.571894
18 37 13.606351
18 38 11.786194
18 39 12.860621
18 40 12.405857
18 41 12.547714
18 42 12.824955
18 43 13.605544
18 44 13.443984
18 45 12.268691
18 46 14.289990
18 47 12.978375
18 48 12.178738
18 49 13.308617
18 50 12.510749
19 0 14.455109
19 1 13.274356
19 2 13.045860
19 3 13.247275
19 4 14.303599
19 5 12.534485
19 6 10.932026
19 7 13.476760
19 8 11.238252
19 9 13.857269
19 10 11.758189
19 11 11.815648
19 12 14.120818
19 13 14.086128
19 14 12.292908
19 15 12.793715
19 16 12.337564
19 17 14.476956
19 18 11.074897
19 20 12.913249
19 21 14.669708
19 22 13.164391
19 23 12.968347
19 24 12.869009
19 25 14.618183
19 26 11.927812
19 27 12.048036
19 28 11.159803
19 29 13.511445
19 30 13.322207
19 31 13.852922
19 32 13.116657
19 33 11.455706
19 34 14.388306
19 35 12.502177
19 36 12.621359
19 37 13.970667
19 38 10.992777
19 39 12.506688
19 40 12.748861
19 41 11.881742
19 42 12.923915
19 43 11.156122
19 44 11.729437
19 45 11.365954
19 46 11.665677
19 47 14.004866
19 48 12.536697
19 49 11.915987
19 50 12.928797
20 0 11.881427
20 1 13.885395
20 2 13.253904
20 3 12.535118
20 4 14.255931
20 5 11.440332
20 6 10.978389
20 7 11.705547
20 8 13.177826
20 9 12.599108
20 10 11.220081
20 11 12.689015
20 12 11.333413
20 13 13.316153
20 14 13.399638
20 15 11.566205
20 16 14.597490
20 17 14.693211
20 18 14.637651
20 19 12.913249
20 21 14.569616
20 22 13.663588
20 23 14.449892
20 24 11.668414
20 25 12.169338
20 26 14.108632
20 27 11.731922
20 28 14.678123
20 29 11.929274
20 30 11.575528
20 31 12.800843
20 32 11.221340
20 33 12.553537
20 34 14.205360
20 35 11.974446
20 36 12.341036
20 37 12.326075
20 38 13.079161
20 39 11.552221
20 40 12.802881
20 41 14.558117
20 42 13.638535
20 43 14.057938
20 44 12.340152
20 45 12.917929
20 46 14.042645
20 47 11.247566
20 48 10.929342
20 49 12.028411
20 50 13.167360
21 0 12.627610
21 1 13.374198
21 2 14.784381
21 3 13.215202
21 4 14.652322
21 5 13.917322
21 6 13.728900
21 7 14.228281
21 8 11.198072
21 9 11.282787
21 10 13.353728
21 11 13.350047
21 12 12.125781
21 13 12.402568
21 14 13.172477
21 15 11.701039
21 16 14.301645
21 17 11.681934
21 18 11.204476
21 19 14.669708
21 20 14.569616
21 22 11.628149
21 23 14.218240
21 24 14.564135
21 25 12.019188
21 26 13.704684
21 27 13.780720
21 28 11.025181
21 29 13.863977
21 30 14.477911
21 31 10.981534
21 32 14.570229
21 33 13.565254
21 34 12.002523
21 35 13.701888
21 36 12.265728
21 37 14.108595
21 38 12.411260
21 39 13.629372
21 40 13.535317
21 41 14.328114
21 42 11.488065
21 43 14.288920
21 44 12.916525
21 45 12.663786
21 46 11.711375
21 47 13.810266
21 48 12.919695
21 49 11.748877
21 50 12.056145
22 0 14.749886
22 1 11.017555
22 2 14.214492
22 3 11.567188
22 4 14.561519
22 5 12.747911
22 6 11.284710
22 7 12.452124
22 8 13.068767
22 9 13.216985
22 10 12.721140
22 11 13.089141
22 12 13.631953
22 13 12.176524
22 14 13.445672
22 15 10.925913
22 16 12.546514
22 17 12.329888
22 18 11.059544
22 19 13.164391
22 20 13.663588
22 21 11.628149
22 23 14.661971
22 24 11.763325
22 25 14.334522
22 26 11.590007
22 27 12.807286
22 28 11.618212
22 29 11.454529
22 30 12.211818
22 31 14.766723
22 32 13.721887
22 33 13.329919
22 34 13.737589
22 35 11.633934
22 36 10.967197
22 37 13.268741
22 38 11.607222
22 39 13.787486
22 40 13.531226
22 41 13.550428
22 42 14.275514
22 43 11.138481
22 44 12.180942
22 45 13.610172
22 46 14.272911
22 47 13.847996
22 48 14.380318
22 49 11.120680
22 50 14.727908
23 0 14.129244
23 1 14.619022
23 2 14.071026
23 3 14.167104
23 4 13.792584
23 5 12.586292
23 6 12.930625
23 7 13.099635
23 8 12.006885
23 9 13.790208
23 10 13.960530
23 11 12.645807
23 12 11.348625
23 13 14.631470
23 14 12.397952
23 15 11.660146
23 16 13.147496
23 17 14.779451
23 18 12.498341
23 19 12.968347
23 20 14.449892
23 21 14.218240
23 22 14.661971
23 24 13.607395
23 25 12.386687
23 26 11.121168
23 27 12.214187
23 28 11.625263
23 29 14.229368
23 30 11.592196
23 31 13.963883
23 32 12.318097
23 33 13.596156
23 34 13.144767
23 35 12.291590
23 36 12.006367
23 37 12.675395
23 38 11.096896
23 39 11.830860
23 40 13.722362
23 41 11.275901
23 42 13.416880
23 43 11.864699
23 44 11.830829
23 45 11.550834
23 46 11.653753
23 47 10.967421
23 48 11.291308
23 49 14.056549
23 50 14.682351
24 0 12.226307
24 1 14.078157
24 2 13.183244
24 3 14.668692
24 4 13.250875
24 5 12.890794
24 6 13.063476
24 7 13.923205
24 8 12.183105
24 9 14.693827
24 10 13.856486
24 11 11.332381
24 12 14.225382
24 13 14.791135
24 14 11.291679
24 15 13.030624
24 16 14.380688
24 17 12.737112
24 18 11.390287
24 19 12.869009
24 20 11.668414
24 21 14.564135
24 22 11.763325
24 23 13.607395
24 25 13.059986
24 26 12.141774
24 27 12.962913
24 28 13.935358
24 29 12.542023
24 30 12.657831
24 31 13.835983
24 32 11.601412
24 33 11.407584
24 34 11.901184
24 35 14.738384
24 36 11.446573
24 37 13.395126
24 38 12.204013
24 39 11.660206
24 40 12.616895
24 41 11.663699
24 42 13.542033
24 43 13.539405
24 44 13.349946
24 45 11.267804
24 46 12.098470
24 47 13.427597
24 48 14.173490
24 49 13.748416
24 50 14.209467
25 0 11.477779
25 1 11.640625
25 2 12.071327
25 3 13.926194
25 4 12.572753
25 5 11.627980
25 6 14.799854
25 7 12.081206
25 8 14.690765
25 9 12.574783
25 10 12.478471
25 11 11.479610
25 12 14.598402
25 13 11.887136
25 14 11.474154
25 15 13.694599
25 16 12.654528
25 17 12.993713
25 18 13.165695
25 19 14.618183
25 20 12.169338
25 21 12.019188
25 22 14.334522
25 23 12.386687
25 24 13.059986
25 26 13.885106
25 27 11.988165
25 28 12.810500
25 29 12.833603
25 30 11.296713
25 31 11.172195
25 32 14.606079
25 33 11.799644
25 34 13.772316
25 35 14.468398
25 36 14.187822
25 37 12.963301
25 38 13.821243
25 39 14.416001
25 40 11.331094
25 41 13.956410
25 42 14.373648
25 43 11.389091
25 44 11.382903
25 45 11.146557
25 46 11.853684
25 47 12.762400
25 48 11.441148
25 49 11.555609
25 50 11.151038
26 0 13.177296
26 1 14.735621
26 2 10.995555
26 3 11.946669
26 4 13.099124
26 5 11.804495
26 6 13.230079
26 7 14.258347
26 8 14.361917
26 9 13.038740
26 10 14.177359
26 11 12.165114
26 12 13.356301
26 13 11.650764
26 14 12.626371
26 15 14.804083
26 16 11.331757
26 17 11.262213
26 18 13.181390
26 19 11.927812
26 20 14.108632
26 21 13.704684
26 22 11.590007
26 23 11.121168
26 24 12.141774
26 25 13.885106
26 27 11.030598
26 28 11.173402
26 29 14.777709
26 30 14.041675
26 31 12.097286
26 32 11.936067
26 33 11.008318
26 34 11.898148
26 35 13.774700
26 36 12.729671
26 37 11.400263
26 38 12.138199
26 39 14.561181
26 40 13.635707
26 41 12.684593
26 42 14.039844
26 43 13.711358
26 44 14.089007
26 45 13.162492
26 46 14.604006
26 47 12.422767
26 48 13.802357
26 49 13.165374
26 50 14.129557
27 0 12.681538
27 1 12.054184
27 2 11.959636
27 3 10.940208
27 4 12.700165
27 5 12.452584
27 6 13.017262
27 7 11.378359
27 8 13.167056
27 9 11.867889
27 10 14.141333
27 11 10.984696
27 12 13.728466
27 13 14.279582
27 14 11.014716
27 15 10.937932
27 16 11.721902
27 17 12.814649
27 18 11.669094
27 19 12.048036
27 20 11.731922
27 21 13.780720
27 22 12.807286
27 23 12.214187
27 24 12.962913
27 25 11.988165
27 26 11.030598
27 28 12.437418
27 29 13.097714
27 30 11.466238
27 31 14.045334
27 32 13.346242
27 33 13.045807
27 34 14.262791
27 35 14.272482
27 36 11.751016
27 37 14.020282
27 38 12.412273
27 39 11.545092
27 40 11.921363
27 41 11.890037
27 42 10.988291
27 43 12.001235
27 44 12.348732
27 45 12.002627
27 46 12.260665
27 47 14.186364
27 48 11.075276
27 49 10.920236
27 50 14.480726
28 0 14.316426
28 1 12.734862
28 2 14.031050
28 3 11.818954
28 4 11.074114
28 5 13.664529
28 6 13.916798
28 7 13.374269
28 8 14.767874
28 9 13.996899
28 10 13.206606
28 11 13.211838
28 12 13.339950
28 13 11.321686
28 14 13.148118
28 15 11.989446
28 16 14.803520
28 17 12.918825
28 18 11.012207
28 19 11.159803
28 20 14.678123
28 21 11.025181
28 22 11.618212
28 23 11.625263
28 24 13.935358
28 25 12.810500
28 26 11.173402
28 27 12.437418
28 29 11.477135
28 30 12.381430
28 31 11.037738
28 32 12.296445
28 33 13.447990
28 34 11.928192
28 35 12.536271
28 36 14.421873
28 37 12.313884
28 38 14.521267
28 39 11.301655
28 40 13.573216
28 41 13.787507
28 42 12.092496
28 43 14.402983
28 44 10.946478
28 45 11.560223
28 46 14.326215
28 47 13.411546
28 48 11.954863
28 49 11.801286
28 50 12.443332
29 0 14.089745
29 1 11.583347
29 2 11.559113
29 3 12.320929
29 4 11.041196
29 5 12.766358
29 6 11.119510
29 7 11.853729
29 8 14.814664
29 9 13.814770
29 10 12.873421
29 11 12.368822
29 12 13.989147
29 13 12.042914
29 14 13.693032
29 15 11.465799
29 16 14.025606
29 17 14.115277
29 18 12.191018
29 19 13.511445
29 20 11.929274
29 21 13.863977
29 22 11.454529
29 23 14.229368
29 24 12.542023
29 25 12.833603
29 26 14.777709
29 27 13.097714
29 28 11.477135
29 30 11.330372
29 31 13.451880
29 32 12.648854
29 33 14.657447
29 34 14.342552
29 35 14.121736
29 36 14.590967
29 37 12.234463
29 38 12.712592
29 39 11.327810
29 40 14.156372
29 41 13.677534
29 42 12.122172
29 43 13.699468
29 44 13.719210
29 45 13.234526
29 46 13.725684
29 47 12.505048
29 48 13.782414
29 49 12.433655
29 50 14.322802
30 0 14.006865
30 1 14.034872
30 2 14.202248
30 3 14.585382
30 4 13.455426
30 5 11.299590
30 6 10.989906
30 7 12.022611
30 8 12.075851
30 9 13.248415
30 10 12.060430
30 11 13.496167
30 12 13.836288
30 13 14.478836
30 14 14.520939
30 15 11.996237
30 16 13.771370
30 17 12.778984
30 18 14.771972
30 19 13.322207
30 20 11.575528
30 21 14.477911
30 22 12.211818
30 23 11.592196
30 24 12.657831
30 25 11.296713
30 26 14.041675
30 27 11.466238
30 28 12.381430
30 29 11.330372
30 31 13.151624
30 32 13.656378
30 33 12.127507
30 34 12.010711
30 35 11.214975
30 36 14.308463
30 37 12.758593
30 38 12.138996
30 39 11.281472
30 40 14.345089
30 41 11.262927
30 42 12.681333
30 43 14.417552
30 44 11.960731
30 45 12.661634
30 46 12.759544
30 47 13.880496
30 48 12.132579
30 49 11.466882
30 50 11.357464
31 0 12.540408
31 1 14.766710
31 2 12.061953
31 3 11.145028
31 4 14.817939
31 5 14.573442
31 6 12.420388
31 7 11.939429
31 8 13.508898
31 9 14.081704
31 10 13.944595
31 11 13.723658
31 12 12.726335
31 13 12.642260
31 14 13.878327
31 15 10.949929
31 16 10.954453
31 17 12.528165
31 18 12.980665
31 19 13.852922
31 20 12.800843
31 21 10.981534
31 22 14.766723
31 23 13.963883
31 24 13.835983
31 25 11.172195
31 26 12.097286
31 27 14.045334
31 28 11.037738
31 29 13.451880
31 30 13.151624
31 32 11.678586
31 33 12.886799
31 34 12.662698
31 35 13.128406
31 36 13.185395
31 37 13.444739
31 38 13.289699
31 39 12.916936
31 40 13.044270
31 41 14.731809
31 42 13.417476
31 43 12.902402
31 44 13.703297
31 45 11.023362
31 46 13.517810
31 47 14.192210
31 48 14.021668
31 49 11.534262
31 50 12.768732
32 0 12.805053
32 1 11.429233
32 2 11.907646
32 3 14.396295
32 4 13.882612
32 5 14.493201
32 6 11.856527
32 7 14.084337
32 8 11.836148
32 9 12.310308
32 10 13.753585
32 11 11.474839
32 12 14.729389
32 13 14.374177
32 14 13.567603
32 15 11.960617
32 16 11.378535
32 17 14.314298
32 18 14.354568
32 19 13.116657
32 20 11.221340
32 21 14.570229
32 22 13.721887
32 23 12.318097
32 24 11.601412
32 25 14.606079
32 26 11.936067
32 27 13.346242
32 28 12.296445
32 29 12.648854
32 30 13.656378
32 31 11.678586
32 33 13.324826
32 34 13.723076
32 35 12.276644
32 36 11.399585
32 37 14.765775
32 38 12.233572
32 39 10.993958
32 40 12.381106
32 41 14.125016
32 42 11.009614
32 43 13.431365
32 44 13.552412
32 45 14.750387
32 46 12.708412
32 47 11.348604
32 48 13.929917
32 49 11.046286
32 50 12.324321
33 0 11.495098
33 1 14.622426
33 2 10.934936
33 3 12.798226
33 4 12.954211
33 5 13.664344
33 6 11.082604
33 7 14.385901
33 8 13.184287
33 9 13.442172
33 10 14.581926
33 11 14.640463
33 12 11.993157
33 13 14.365382
33 14 13.448335
33 15 12.254520
33 16 13.185446
33 17 14.671226
33 18 12.221805
33 19 11.455706
33 20 12.553537
33 21 13.565254
33 22 13.329919
33 23 13.596156
33 24 11.407584
33 25 11.799644
33 26 11.008318
33 27 13.045807
33 28 13.447990
33 29 14.657447
33 30 12.127507
33 31 12.886799
33 32 13.324826
33 34 11.490715
33 35 11.268893
33 36 12.102440
33 37 13.663618
33 38 14.802964
33 39 14.066308
33 40 11.910121
33 41 13.235507
33 42 11.376645
33 43 14.446601
33 44 13.567651
33 45 12.352360
33 46 13.169509
33 47 11.454901
33 48 14.074293
33 49 11.284074
33 50 11.773983
34 0 11.037946
34 1 12.831009
34 2 12.069851
34 3 13.114094
34 4 14.035527
34 5 11.452203
34 6 11.764421
34 7 11.351934
34 8 11.145491
34 9 14.432967
34 10 13.968379
34 11 13.650363
34 12 10.927812
34 13 14.376702
34 14 11.176985
34 15 14.462930
34 16 14.252146
34 17 13.167371
34 18 14.693022
34 19 14.388306
34 20 14.205360
34 21 12.002523
34 22 13.737589
34 23 13.144767
34 24 11.901184
34 25 13.772316
34 26 11.898148
34 27 14.262791
34 28 11.928192
34 29 14.342552
34 30 12.010711
34 31 12.662698
34 32 13.723076
34 33 11.490715
34 35 11.850889
34 36 13.985169
34 37 11.067957
34 38 11.945588
34 39 13.613138
34 40 13.567546
34 41 14.539510
34 42 11.419088
34 43 14.106482
34 44 14.195591
34 45 11.704123
34 46 12.829573
34 47 12.795746
34 48 12.276274
34 49 11.694707
34 50 14.328457
35 0 13.624220
35 1 14.030093
35 2 12.104772
35 3 13.203520
35 4 12.436206
35 5 11.203496
35 6 11.437010
35 7 13.791449
35 8 14.662655
35 9 12.688953
35 10 14.627190
35 11 13.557230
35 12 14.044906
35 13 13.884877
35 14 13.900557
35 15 10.933692
35 16 12.114760
35 17 11.237164
35 18 13.847654
35 19 12.502177
35 20 11.974446
35 21 13.701888
35 22 11.633934
35 23 12.291590
35 24 14.738384
35 25 14.468398
35 26 13.774700
35 27 14.272482
35 28 12.536271
35 29 14.121736
35 30 11.214975
35 31 13.128406
35 32 12.276644
35 33 11.268893
35 34 11.850889
35 36 11.357953
35 37 12.851178
35 38 14.715763
35 39 13.688816
35 40 12.381905
35 41 11.567985
35 42 12.007418
35 43 11.474331
35 44 14.812645
35 45 12.226460
35 46 14.387475
35 47 13.260071
35 48 11.281018
35 49 13.396259
35 50 12.802361
36 0 13.789136
36 1 11.686653
36 2 13.046087
36 3 12.984171
36 4 12.027961
36 5 14.725614
36 6 13.642584
36 7 14.686352
36 8 10.999184
36 9 14.655148
36 10 13.018205
36 11 12.631713
36 12 14.077996
36 13 13.746451
36 14 11.765762
36 15 14.507658
36 16 13.562856
36 17 13.396741
36 18 13.571894
36 19 12.621359
36 20 12.341036
36 21 12.265728
36 22 10.967197
36 23 12.006367
36 24 11.446573
36 25 14.187822
36 26 12.729671
36 27 11.751016
36 28 14.421873
36 29 14.590967
36 30 14.308463
36 31 13.185395
36 32 11.399585
36 33 12.102440
36 34 13.985169
36 35 11.357953
36 37 13.348389
36 38 11.035118
36 39 12.971229
36 40 11.168739
36 41 14.333723
36 42 14.543196
36 43 12.722740
36 44 13.438159
36 45 12.546392
36 46 11.672443
36 47 13.404145
36 48 11.968186
36 49 12.196465
36 50 14.337805
37 0 10.932399
37 1 10.984447
37 2 11.432241
37 3 13.054531
37 4 12.120591
37 5 12.051445
37 6 14.082840
37 7 11.683096
37 8 13.844419
37 9 11.645003
37 10 13.835266
37 11 13.438587
37 12 10.954821
37 13 14.014915
37 14 14.388636
37 15 11.087357
37 16 14.588304
37 17 14.396579
37 18 13.606351
37 19 13.970667
37 20 12.326075
37 21 14.108595
37 22 13.268741
37 23 12.675395
37 24 13.395126
37 25 12.963301
37 26 11.400263
37 27 14.020282
37 28 12.313884
37 29 12.234463
37 30 12.758593
37 31 13.444739
37 32 14.765775
37 33 13.663618
37 34 11.067957
37 35 12.851178
37 36 13.348389
37 38 12.731332
37 39 11.732153
37 40 12.375443
37 41 11.228792
37 42 13.834418
37 43 14.767557
37 44 14.427665
37 45 13.760560
37 46 12.749166
37 47 12.088347
37 48 14.238515
37 49 12.470650
37 50 13.657825
38 0 11.954104
38 1 12.829467
38 2 14.389700
38 3 14.579953
38 4 13.241767
38 5 14.790698
38 6 12.487738
38 7 13.580288
38 8 11.697692
38 9 12.899706
38 10 13.381725
38 11 13.300847
38 12 12.000604
38 13 13.607458
38 14 11.649669
38 15 13.276642
38 16 13.560633
38 17 11.257113
38 18 11.786194
38 19 10.992777
38 20 13.079161
38 21 12.411260
38 22 11.607222
38 23 11.096896
38 24 12.204013
38 25 13.821243
38 26 12.138199
38 27 12.412273
38 28 14.521267
38 29 12.712592
38 30 12.138996
38 31 13.289699
38 32 12.233572
38 33 14.802964
38 34 11.945588
38 35 14.715763
38 36 11.035118
38 37 12.731332
38 39 12.396514
38 40 13.594305
38 41 13.267853
38 42 11.177611
38 43 13.255150
38 44 12.208943
38 45 11.257657
38 46 11.647460
38 47 13.032854
38 48 12.889919
38 49 11.058086
38 50 13.347880
39 0 13.342318
39 1 11.362423
39 2 11.602585
39 3 11.173793
39 4 11.426019
39 5 13.775854
39 6 14.415472
39 7 11.502941
39 8 13.513445
39 9 11.735506
39 10 11.429586
39 11 14.382245
39 12 11.928243
39 13 13.012880
39 14 11.303389
39 15 12.615836
39 16 12.059535
39 17 13.813453
39 18 12.860621
39 19 12.506688
39 20 11.552221
39 21 13.629372
39 22 13.787486
39 23 11.830860
39 24 11.660206
39 25 14.416001
39 26 14.561181
39 27 11.545092
39 28 11.301655
39 29 11.327810
39 30 11.281472
39 31 12.916936
39 32 10.993958
39 33 14.066308
39 34 13.613138
39 35 13.688816
39 36 12.971229
39 37 11.732153
39 38 12.396514
39 40 13.742474
39 41 12.811810
39 42 11.029793
39 43 11.094370
39 44 12.958659
39 45 14.452601
39 46 11.350526
39 47 11.941679
39 48 13.230346
39 49 14.233810
39 50 13.638562
40 0 12.221534
40 1 12.394538
40 2 11.074579
40 3 14.343446
40 4 11.683005
40 5 14.257991
40 6 11.810964
40 7 14.263219
40 8 11.238480
40 9 14.503538
40 10 12.300452
40 11 13.164563
40 12 14.055350
40 13 11.290125
40 14 14.215263
40 15 13.142118
40 16 12.172343
40 17 14.716569
40 18 12.405857
40 19 12.748861
40 20 12.802881
40 21 13.535317
40 22 13.531226
40 23 13.722362
40 24 12.616895
40 25 11.331094
40 26 13.635707
40 27 11.921363
40 28 13.573216
40 29 14.156372
40 30 14.345089
40 31 13.044270
40 32 12.381106
40 33 11.910121
40 34 13.567546
40 35 12.381905
40 36 11.168739
40 37 12.375443
40 38 13.594305
40 39 13.742474
40 41 11.623406
40 42 13.991694
40 43 14.412281
40 44 13.350612
40 45 11.982620
40 46 14.366603
40 47 14.161462
40 48 11.980426
40 49 14.460272
40 50 11.561074
41 0 11.089980
41 1 12.471905
41 2 13.125602
41 3 13.821606
41 4 13.230242
41 5 11.215614
41 6 13.051720
41 7 12.540721
41 8 11.782764
41 9 14.730952
41 10 12.137769
41 11 14.765221
41 12 13.279916
41 13 14.353678
41 14 11.629859
41 15 12.464713
41 16 10.968142
41 17 13.105090
41 18 12.547714
41 19 11.881742
41 20 14.558117
41 21 14.328114
41 22 13.550428
41 23 11.275901
41 24 11.663699
41 25 13.956410
41 26 12.684593
41 27 11.890037
41 28 13.787507
41 29 13.677534
41 30 11.262927
41 31 14.731809
41 32 14.125016
41 33 13.235507
41 34 14.539510
41 35 11.567985
41 36 14.333723
41 37 11.228792
41 38 13.267853
41 39 12.811810
41 40 11.623406
41 42 10.937102
41 43 14.605304
41 44 14.017203
41 45 11.866535
41 46 13.719585
41 47 11.274496
41 48 13.338918
41 49 11.451955
41 50 12.761797
42 0 11.065678
42 1 11.681195
42 2 12.219329
42 3 12.598990
42 4 12.563285
42 5 11.868705
42 6 14.344632
42 7 13.287624
42 8 11.031506
42 9 13.458924
42 10 12.068645
42 11 13.305919
42 12 11.262044
42 13 12.671265
42 14 12.986561
42 15 12.208104
42 16 11.013150
42 17 11.730649
42 18 12.824955
42 19 12.923915
42 20 13.638535
42 21 11.488065
42 22 14.275514
42 23 13.416880
42 24 13.542033
42 25 14.373648
42 26 14.039844
42 27 10.988291
42 28 12.092496
42 29 12.122172
42 30 12.681333
42 31 13.417476
42 32 11.009614
42 33 11.376645
42 34 11.419088
42 35 12.007418
42 36 14.543196
42 37 13.834418
42 38 11.177611
42 39 11.029793
42 40 13.991694
42 41 10.937102
42 43 12.800651
42 44 13.144579
42 45 11.926545
42 46 11.559416
42 47 14.332093
42 48 13.671605
42 49 11.868207
42 50 12.958575
43 0 13.739681
43 1 13.626850
43 2 14.001156
43 3 14.561784
43 4 11.653324
43 5 11.411121
43 6 13.366810
43 7 13.906840
43 8 14.772790
43 9 13.987754
43 10 13.010103
43 11 12.051084
43 12 12.987965
43 13 13.931275
43 14 14.559045
43 15 13.623211
43 16 11.904102
43 17 12.266099
43 18 13.605544
43 19 11.156122
43 20 14.057938
43 21 14.288920
43 22 11.138481
43 23 11.864699
43 24 13.539405
43 25 11.389091
43 26 13.711358
43 27 12.001235
43 28 14.402983
43 29 13.699468
43 30 14.417552
43 31 12.902402
43 32 13.431365
43 33 14.446601
43 34 14.106482
43 35 11.474331
43 36 12.722740
43 37 14.767557
43 38 13.255150
43 39 11.094370
43 40 14.412281
43 41 14.605304
43 42 12.800651
43 44 14.587550
43 45 11.140073
43 46 12.860188
43 47 14.029194
43 48 11.061081
43 49 12.740780
43 50 13.017926
44 0 13.526428
44 1 13.896054
44 2 11.951796
44 3 14.207530
44 4 11.232057
44 5 13.488643
44 6 14.419993
44 7 14.344351
44 8 10.985265
44 9 11.434224
44 10 12.493420
44 11 14.366756
44 12 13.330540
44 13 14.597657
44 14 13.787247
44 15 11.786337
44 16 12.174613
44 17 14.174114
44 18 13.443984
44 19 11.729437
44 20 12.340152
44 21 12.916525
44 22 12.180942
44 23 11.830829
44 24 13.349946
44 25 11.382903
44 26 14.089007
44 27 12.348732
44 28 10.946478
44 29 13.719210
44 30 11.960731
44 31 13.703297
44 32 13.552412
44 33 13.567651
44 34 14.195591
44 35 14.812645
44 36 13.438159
44 37 14.427665
44 38 12.208943
44 39 12.958659
44 40 13.350612
44 41 14.017203
44 42 13.144579
44 43 14.587550
44 45 14.348859
44 46 11.887679
44 47 10.962911
44 48 13.400116
44 49 11.014219
44 50 11.289620
45 0 11.235154
45 1 12.250253
45 2 12.538972
45 3 12.722343
45 4 12.809462
45 5 13.786849
45 6 13.838849
45 7 12.766298
45 8 13.064645
45 9 14.779367
45 10 13.288694
45 11 13.709815
45 12 14.459908
45 13 12.636301
45 14 13.602950
45 15 13.227013
45 16 11.290691
45 17 13.696338
45 18 12.268691
45 19 11.365954
45 20 12.917929
45 21 12.663786
45 22 13.610172
45 23 11.550834
45 24 11.267804
45 25 11.146557
45 26 13.162492
45 27 12.002627
45 28 11.560223
45 29 13.234526
45 30 12.661634
45 31 11.023362
45 32 14.750387
45 33 12.352360
45 34 11.704123
45 35 12.226460
45 36 12.546392
45 37 13.760560
45 38 11.257657
45 39 14.452601
45 40 11.982620
45 41 11.866535
45 42 11.926545
45 43 11.140073
45 44 14.348859
45 46 13.985756
45 47 14.113419
45 48 12.907655
45 49 12.699980
45 50 14.369787
46 0 11.167512
46 1 12.304452
46 2 11.332371
46 3 13.959410
46 4 12.538365
46 5 13.570867
46 6 13.073857
46 7 12.751023
46 8 11.104818
46 9 11.612944
46 10 11.840803
46 11 11.403963
46 12 14.096866
46 13 11.484796
46 14 12.864861
46 15 11.291987
46 16 13.522796
46 17 13.655517
46 18 14.289990
46 19 11.665677
46 20 14.042645
46 21 11.711375
46 22 14.272911
46 23 11.653753
46 24 12.098470
46 25 11.853684
46 26 14.604006
46 27 12.260665
46 28 14.326215
46 29 13.725684
46 30 12.759544
46 31 13.517810
46 32 12.708412
46 33 13.169509
46 34 12.829573
46 35 14.387475
46 36 11.672443
46 37 12.749166
46 38 11.647460
46 39 11.350526
46 40 14.366603
46 41 13.719585
46 42 11.559416
46 43 12.860188
46 44 11.887679
46 45 13.985756
46 47 14.772015
46 48 11.540188
46 49 13.753558
46 50 12.613190
47 0 14.330187
47 1 13.698354
47 2 12.122247
47 3 12.161675
47 4 12.866133
47 5 13.796943
47 6 11.679041
47 7 11.851188
47 8 11.534444
47 9 13.927581
47 10 13.239029
47 11 12.120055
47 12 13.140212
47 13 12.946330
47 14 13.315795
47 15 12.258494
47 16 11.068656
47 17 14.530991
47 18 12.978375
47 19 14.004866
47 20 11.247566
47 21 13.810266
47 22 13.847996
47 23 10.967421
47 24 13.427597
47 25 12.762400
47 26 12.422767
47 27 14.186364
47 28 13.411546
47 29 12.505048
47 30 13.880496
47 31 14.192210
47 32 11.348604
47 33 11.454901
47 34 12.795746
47 35 13.260071
47 36 13.404145
47 37 12.088347
47 38 13.032854
47 39 11.941679
47 40 14.161462
47 41 11.274496
47 42 14.332093
47 43 14.029194
47 44 10.962911
47 45 14.113419
47 46 14.772015
47 48 12.237305
47 49 11.247346
47 50 11.641013
48 0 11.208990
48 1 11.302213
48 2 12.177171
48 3 13.984912
48 4 12.596694
48 5 14.611328
48 6 14.778450
48 7 12.410929
48 8 11.156885
48 9 13.394287
48 10 11.348336
48 11 13.015198
48 12 14.725374
48 13 13.495015
48 14 11.699240
48 15 14.404490
48 16 13.262728
48 17 11.579389
48 18 12.178738
48 19 12.536697
48 20 10.929342
48 21 12.919695
48 22 14.380318
48 23 11.291308
48 24 14.173490
48 25 11.441148
48 26 13.802357
48 27 11.075276
48 28 11.954863
48 29 13.782414
48 30 12.132579
48 31 14.021668
48 32 13.929917
48 33 14.074293
48 34 12.276274
48 35 11.281018
48 36 11.968186
48 37 14.238515
48 38 12.889919
48 39 13.230346
48 40 11.980426
48 41 13.338918
48 42 13.671605
48 43 11.061081
48 44 13.400116
48 45 12.907655
48 46 11.540188
48 47 12.237305
48 49 12.908221
48 50 13.737903
49 0 13.921527
49 1 13.071726
49 2 13.587068
49 3 12.024564
49 4 11.971074
49 5 12.871851
49 6 12.872705
49 7 13.370762
49 8 14.246563
49 9 12.814385
49 10 12.413910
49 11 12.338488
49 12 12.802410
49 13 12.962564
49 14 12.040126
49 15 14.229170
49 16 13.806522
49 17 12.160609
49 18 13.308617
49 19 11.915987
49 20 12.028411
49 21 11.748877
49 22 11.120680
49 23 14.056549
49 24 13.748416
49 25 11.555609
49 26 13.165374
49 27 10.920236
49 28 11.801286
49 29 12.433655
49 30 11.466882
49 31 11.534262
49 32 11.046286
49 33 11.284074
49 34 11.694707
49 35 13.396259
49 36 12.196465
49 37 12.470650
49 38 11.058086
49 39 14.233810
49 40 14.460272
49 41 11.451955
49 42 11.868207
49 43 12.740780
49 44 11.014219
49 45 12.699980
49 46 13.753558
49 47 11.247346
49 48 12.908221
49 50 12.527495
50 0 11.007924
50 1 13.651935
50 2 13.421440
50 3 11.011971
50 4 11.160750
50 5 12.670296
50 6 12.331881
50 7 13.122557
50 8 14.401088
50 9 13.365171
50 10 11.106632
50 11 11.233447
50 12 11.827791
50 13 11.708113
50 14 13.926377
50 15 14.589514
50 16 12.123094
50 17 11.704545
50 18 12.510749
50 19 12.928797
50 20 13.167360
50 21 12.056145
50 22 14.727908
50 23 14.682351
50 24 14.209467
50 25 11.151038
50 26 14.129557
50 27 14.480726
50 28 12.443332
50 29 14.322802
50 30 11.357464
50 31 12.768732
50 32 12.324321
50 33 11.773983
50 34 14.328457
50 35 12.802361
50 36 14.337805
50 37 13.657825
50 38 13.347880
50 39 13.638562
50 40 11.561074
50 41 12.761797
50 42 12.958575
50 43 13.017926
50 44 11.289620
50 45 14.369787
50 46 12.613190
50 47 11.641013
50 48 13.737903
50 49 12.527495
