# i j vmax_ij_m_per_s; symmetric values generated with Uniform(0.7,0.95)*15.6
0 1 11.669921
0 2 14.381880
0 3 13.672863
0 4 12.730288
0 5 14.506262
0 6 12.632807
0 7 14.227969
0 8 13.987962
0 9 11.023215
0 10 12.498605
0 11 12.627655
0 12 11.885418
0 13 14.018234
0 14 14.148177
0 15 14.596100
0 16 13.164644
0 17 11.825462
0 18 12.746209
0 19 12.523265
0 20 11.210159
0 21 13.718624
0 22 14.470860
0 23 13.385382
0 24 13.936456
0 25 14.491196
0 26 11.590888
0 27 11.786526
0 28 14.418285
0 29 12.577306
0 30 14.048665
0 31 12.408365
0 32 13.074116
0 33 14.517738
0 34 14.466902
0 35 11.287313
0 36 12.210136
0 37 11.269265
0 38 12.147542
0 39 11.635232
0 40 14.332228
0 41 14.134019
0 42 14.697678
0 43 11.981124
0 44 14.695196
0 45 11.359737
0 46 14.479438
0 47 13.217875
0 48 12.156166
0 49 12.834239
0 50 12.550794
1 0 11.669921
1 2 11.695437
1 3 12.516333
1 4 13.062118
1 5 12.260267
1 6 12.936480
1 7 12.784256
1 8 11.372215
1 9 11.990143
1 10 12.084287
1 11 12.802945
1 12 11.704519
1 13 12.071696
1 14 12.304961
1 15 14.276138
1 16 12.119462
1 17 13.871531
1 18 13.178806
1 19 13.573210
1 20 11.395374
1 21 12.263247
1 22 13.475207
1 23 11.563698
1 24 12.817576
1 25 11.228867
1 26 13.984405
1 27 14.604489
1 28 11.434176
1 29 12.678078
1 30 13.472328
1 31 13.183934
1 32 11.978587
1 33 11.347937
1 34 13.393758
1 35 14.097510
1 36 11.205787
1 37 12.434008
1 38 11.657374
1 39 12.852580
1 40 14.433055
1 41 13.388978
1 42 12.285426
1 43 13.345064
1 44 13.261359
1 45 14.498401
1 46 14.777534
1 47 13.857708
1 48 14.507488
1 49 11.760206
1 50 13.647622
2 0 14.381880
2 1 11.695437
2 3 14.477906
2 4 14.276921
2 5 11.987498
2 6 13.206231
2 7 14.743437
2 8 11.370294
2 9 11.174420
2 10 12.596905
2 11 14.012353
2 12 13.227320
2 13 13.372791
2 14 13.215426
2 15 11.796032
2 16 12.990626
2 17 13.396575
2 18 13.350505
2 19 11.584582
2 20 12.431758
2 21 11.804818
2 22 13.151000
2 23 14.640943
2 24 14.703315
2 25 14.488703
2 26 13.582996
2 27 14.012652
2 28 14.019143
2 29 12.114312
2 30 11.109584
2 31 12.999856
2 32 12.417323
2 33 13.666505
2 34 12.099757
2 35 11.650243
2 36 12.729058
2 37 12.460719
2 38 14.754072
2 39 13.277952
2 40 14.692775
2 41 11.006928
2 42 14.160966
2 43 12.921470
2 44 13.990694
2 45 11.530166
2 46 11.451654
2 47 14.242539
2 48 12.161942
2 49 12.971144
2 50 11.229563
3 0 13.672863
3 1 12.516333
3 2 14.477906
3 4 14.190605
3 5 12.403300
3 6 14.586555
3 7 11.760823
3 8 11.279203
3 9 11.023517
3 10 14.358814
3 11 13.397004
3 12 13.021338
3 13 10.924722
3 14 11.857908
3 15 13.286196
3 16 12.050539
3 17 13.588432
3 18 13.801110
3 19 13.523402
3 20 12.125447
3 21 14.818470
3 22 11.929935
3 23 11.456315
3 24 10.947080
3 25 13.498767
3 26 11.692191
3 27 11.614476
3 28 13.939379
3 29 11.638969
3 30 10.927648
3 31 12.416983
3 32 14.609679
3 33 14.790029
3 34 11.845594
3 35 12.791284
3 36 14.168645
3 37 14.214365
3 38 11.871952
3 39 11.503238
3 40 13.160317
3 41 13.181142
3 42 11.004904
3 43 14.686151
3 44 13.719858
3 45 13.246194
3 46 13.725359
3 47 11.754354
3 48 14.218503
3 49 13.334014
3 50 13.018739
4 0 12.730288
4 1 13.062118
4 2 14.276921
4 3 14.190605
4 5 13.191710
4 6 11.492754
4 7 12.760600
4 8 13.977593
4 9 11.245888
4 10 13.753198
4 11 11.775723
4 12 11.499487
4 13 13.279181
4 14 11.578705
4 15 14.647452
4 16 11.025428
4 17 13.167639
4 18 13.853195
4 19 11.644657
4 20 11.507763
4 21 13.175980
4 22 14.436227
4 23 13.154539
4 24 11.860169
4 25 13.804563
4 26 12.673630
4 27 12.902955
4 28 13.695534
4 29 13.925301
4 30 11.320731
4 31 14.176881
4 32 11.794865
4 33 13.810358
4 34 13.844056
4 35 13.975689
4 36 12.480202
4 37 14.679757
4 38 13.130089
4 39 12.124550
4 40 11.208361
4 41 11.657344
4 42 12.744355
4 43 11.502291
4 44 14.735663
4 45 14.297912
4 46 11.263300
4 47 14.134544
4 48 11.427046
4 49 11.783081
4 50 11.760335
5 0 14.506262
5 1 12.260267
5 2 11.987498
5 3 12.403300
5 4 13.191710
5 6 14.768014
5 7 14.785134
5 8 13.239713
5 9 11.249351
5 10 12.638853
5 11 14.712148
5 12 12.717061
5 13 11.387321
5 14 13.065788
5 15 13.850749
5 16 13.334897
5 17 11.033468
5 18 13.167929
5 19 14.553500
5 20 11.334034
5 21 11.118160
5 22 14.105016
5 23 12.899338
5 24 13.733940
5 25 13.881580
5 26 10.956682
5 27 13.809014
5 28 14.492215
5 29 12.070032
5 30 12.803042
5 31 14.221774
5 32 14.646912
5 33 11.260475
5 34 13.065862
5 35 12.778311
5 36 11.644414
5 37 12.158947
5 38 13.391876
5 39 11.895490
5 40 14.443711
5 41 12.812102
5 42 13.743743
5 43 13.139946
5 44 13.648756
5 45 12.836537
5 46 11.433020
5 47 11.050814
5 48 14.341915
5 49 11.651029
5 50 13.675893
6 0 12.632807
6 1 12.936480
6 2 13.206231
6 3 14.586555
6 4 11.492754
6 5 14.768014
6 7 14.485981
6 8 11.970794
6 9 12.672396
6 10 12.702483
6 11 13.674125
6 12 12.803980
6 13 14.592646
6 14 12.445165
6 15 11.031668
6 16 12.085575
6 17 14.556580
6 18 13.813964
6 19 12.661445
6 20 11.303245
6 21 11.639445
6 22 14.078500
6 23 12.581425
6 24 12.526944
6 25 12.234886
6 26 11.649178
6 27 14.732609
6 28 13.241278
6 29 13.476341
6 30 13.558047
6 31 13.889320
6 32 14.154687
6 33 13.800281
6 34 12.547791
6 35 12.567595
6 36 11.846319
6 37 13.142564
6 38 13.858544
6 39 11.783010
6 40 12.791482
6 41 13.035486
6 42 12.117711
6 43 13.492794
6 44 12.900901
6 45 11.012110
6 46 13.758185
6 47 11.257499
6 48 13.907210
6 49 12.097495
6 50 14.194488
7 0 14.227969
7 1 12.784256
7 2 14.743437
7 3 11.760823
7 4 12.760600
7 5 14.785134
7 6 14.485981
7 8 11.223320
7 9 12.498508
7 10 12.780403
7 11 12.235009
7 12 14.488722
7 13 11.143071
7 14 13.777723
7 15 12.167500
7 16 14.787252
7 17 11.374014
7 18 14.373285
7 19 11.687789
7 20 12.209863
7 21 14.240855
7 22 11.474327
7 23 12.210549
7 24 13.302138
7 25 14.729798
7 26 12.693667
7 27 11.989792
7 28 14.229778
7 29 13.674136
7 30 14.733775
7 31 11.065414
7 32 11.704707
7 33 14.723028
7 34 13.897503
7 35 10.927437
7 36 13.145171
7 37 10.947626
7 38 14.752432
7 39 12.759631
7 40 11.992691
7 41 14.422242
7 42 13.383391
7 43 13.782849
7 44 13.776779
7 45 12.267456
7 46 14.341484
7 47 11.138491
7 48 13.728043
7 49 11.486644
7 50 14.067852
8 0 13.987962
8 1 11.372215
8 2 11.370294
8 3 11.279203
8 4 13.977593
8 5 13.239713
8 6 11.970794
8 7 11.223320
8 9 12.273361
8 10 11.782014
8 11 12.967084
8 12 14.520857
8 13 12.807812
8 14 11.206142
8 15 13.795795
8 16 11.070725
8 17 10.941139
8 18 11.386801
8 19 11.445478
8 20 14.468706
8 21 14.196317
8 22 14.177580
8 23 14.456420
8 24 11.476181
8 25 12.336549
8 26 10.948911
8 27 12.105890
8 28 12.198717
8 29 12.579978
8 30 11.956145
8 31 11.138925
8 32 14.688354
8 33 12.519047
8 34 13.893757
8 35 11.741435
8 36 12.757927
8 37 13.163233
8 38 13.140108
8 39 13.711935
8 40 14.533491
8 41 14.225929
8 42 13.865856
8 43 11.893089
8 44 12.907975
8 45 14.011258
8 46 11.220757
8 47 11.929328
8 48 13.580529
8 49 10.975592
8 50 14.792242
9 0 11.023215
9 1 11.990143
9 2 11.174420
9 3 11.023517
9 4 11.245888
9 5 11.249351
9 6 12.672396
9 7 12.498508
9 8 12.273361
9 10 11.151294
9 11 11.119043
9 12 14.166933
9 13 11.100621
9 14 12.206407
9 15 12.267384
9 16 13.564862
9 17 12.717711
9 18 14.573545
9 19 12.831482
9 20 13.840931
9 21 13.254690
9 22 11.371210
9 23 11.909877
9 24 14.715123
9 25 13.094462
9 26 12.113208
9 27 11.265814
9 28 11.384244
9 29 14.309836
9 30 13.973419
9 31 13.617256
9 32 13.668947
9 33 12.268577
9 34 14.406906
9 35 11.389616
9 36 12.269931
9 37 11.520798
9 38 12.081961
9 39 13.835647
9 40 12.180638
9 41 11.047464
9 42 14.424829
9 43 14.417038
9 44 14.695949
9 45 12.832587
9 46 12.730351
9 47 13.454759
9 48 11.157797
9 49 14.576104
9 50 14.624992
10 0 12.498605
10 1 12.084287
10 2 12.596905
10 3 14.358814
10 4 13.753198
10 5 12.638853
10 6 12.702483
10 7 12.780403
10 8 11.782014
10 9 11.151294
10 11 13.159882
10 12 13.615699
10 13 12.394705
10 14 11.898880
10 15 14.437751
10 16 13.045140
10 17 12.166573
10 18 13.667186
10 19 12.096367
10 20 12.212609
10 21 13.490622
10 22 14.190379
10 23 13.720356
10 24 13.914998
10 25 12.599807
10 26 13.106482
10 27 13.098606
10 28 13.777608
10 29 13.856439
10 30 12.109034
10 31 13.888956
10 32 14.766997
10 33 14.400402
10 34 10.958603
10 35 13.517502
10 36 12.429790
10 37 13.247235
10 38 11.184771
10 39 14.476633
10 40 12.970730
10 41 14.800065
10 42 14.543578
10 43 14.081379
10 44 11.794911
10 45 14.421947
10 46 13.267189
10 47 14.788632
10 48 11.097322
10 49 13.114471
10 50 12.804841
11 0 12.627655
11 1 12.802945
11 2 14.012353
11 3 13.397004
11 4 11.775723
11 5 14.712148
11 6 13.674125
11 7 12.235009
11 8 12.967084
11 9 11.119043
11 10 13.159882
11 12 13.741435
11 13 11.272739
11 14 12.988030
11 15 12.186602
11 16 14.729731
11 17 13.257493
11 18 11.409319
11 19 11.856387
11 20 13.574957
11 21 12.066461
11 22 14.577727
11 23 12.067282
11 24 11.967870
11 25 12.256961
11 26 14.207129
11 27 13.493315
11 28 13.409607
11 29 12.013528
11 30 13.626155
11 31 13.765738
11 32 14.327451
11 33 14.463005
11 34 13.039385
11 35 14.716404
11 36 14.109585
11 37 11.150313
11 38 12.686166
11 39 11.027054
11 40 12.013124
11 41 14.094914
11 42 13.206131
11 43 13.533698
11 44 13.738829
11 45 14.680402
11 46 11.636907
11 47 13.678730
11 48 12.176076
11 49 11.380887
11 50 14.033584
12 0 11.885418
12 1 11.704519
12 2 13.227320
12 3 13.021338
12 4 11.499487
12 5 12.717061
12 6 12.803980
12 7 14.488722
12 8 14.520857
12 9 14.166933
12 10 13.615699
12 11 13.741435
12 13 10.975908
12 14 12.595223
12 15 12.285779
12 16 14.397326
12 17 13.879100
12 18 12.278272
12 19 13.035133
12 20 13.543050
12 21 12.679487
12 22 11.835182
12 23 13.815301
12 24 10.993403
12 25 13.474051
12 26 12.259208
12 27 13.080106
12 28 13.337954
12 29 12.385089
12 30 12.541081
12 31 11.693370
12 32 12.925517
12 33 14.461646
12 34 11.878068
12 35 13.253623
12 36 12.926678
12 37 13.488052
12 38 12.662154
12 39 12.313334
12 40 13.537298
12 41 13.728711
12 42 12.049799
12 43 12.169796
12 44 14.512815
12 45 12.677152
12 46 11.903328
12 47 14.740814
12 48 13.434325
12 49 14.123542
12 50 13.081538
13 0 14.018234
13 1 12.071696
13 2 13.372791
13 3 10.924722
13 4 13.279181
13 5 11.387321
13 6 14.592646
13 7 11.143071
13 8 12.807812
13 9 11.100621
13 10 12.394705
13 11 11.272739
13 12 10.975908
13 14 13.425198
13 15 14.451909
13 16 12.759764
13 17 14.317734
13 18 14.022920
13 19 13.719592
13 20 13.416410
13 21 11.916186
13 22 12.457422
13 23 13.676351
13 24 12.278810
13 25 12.423388
13 26 14.162931
13 27 13.334245
13 28 14.575939
13 29 11.069698
13 30 12.257097
13 31 13.241518
13 32 12.893627
13 33 12.646814
13 34 12.722385
13 35 12.934832
13 36 14.439845
13 37 12.584394
13 38 11.681391
13 39 14.022636
13 40 13.788158
13 41 14.453024
13 42 12.729701
13 43 11.774842
13 44 11.422958
13 45 13.749418
13 46 14.163818
13 47 11.197054
13 48 12.854946
13 49 13.479263
13 50 12.426778
14 0 14.148177
14 1 12.304961
14 2 13.215426
14 3 11.857908
14 4 11.578705
14 5 13.065788
14 6 12.445165
14 7 13.777723
14 8 11.206142
14 9 12.206407
14 10 11.898880
14 11 12.988030
14 12 12.595223
14 13 13.425198
14 15 12.034476
14 16 13.843632
14 17 14.260567
14 18 11.560367
14 19 14.205735
14 20 11.214198
14 21 11.137072
14 22 11.811368
14 23 14.147477
14 24 14.504242
14 25 13.513226
14 26 14.314420
14 27 12.552595
14 28 11.803865
14 29 11.671600
14 30 14.284845
14 31 13.680345
14 32 12.355063
14 33 12.502472
14 34 12.332619
14 35 14.598100
14 36 12.518752
14 37 13.905075
14 38 12.572695
14 39 13.450434
14 40 14.274941
14 41 13.227594
14 42 11.815187
14 43 11.701737
14 44 14.430768
14 45 12.763937
14 46 11.697162
14 47 11.663519
14 48 13.868283
14 49 10.932879
14 50 11.533803
15 0 14.596100
15 1 14.276138
15 2 11.796032
15 3 13.286196
15 4 14.647452
15 5 13.850749
15 6 11.031668
15 7 12.167500
15 8 13.795795
15 9 12.267384
15 10 14.437751
15 11 12.186602
15 12 12.285779
15 13 14.451909
15 14 12.034476
15 16 13.100163
15 17 12.560653
15 18 12.097383
15 19 11.224676
15 20 11.615556
15 21 13.493145
15 22 11.470147
15 23 11.770519
15 24 14.407835
15 25 13.780698
15 26 14.458217
15 27 13.221993
15 28 14.328408
15 29 12.880761
15 30 14.229390
15 31 11.765239
15 32 13.575859
15 33 13.938947
15 34 13.765848
15 35 14.707575
15 36 11.903476
15 37 13.800004
15 38 11.969499
15 39 14.127857
15 40 12.297079
15 41 13.579231
15 42 11.708449
15 43 12.145633
15 44 13.893852
15 45 12.683129
15 46 11.494162
15 47 14.572863
15 48 13.270259
15 49 14.648262
15 50 13.248276
16 0 13.164644
16 1 12.119462
16 2 12.990626
16 3 12.050539
16 4 11.025428
16 5 13.334897
16 6 12.085575
16 7 14.787252
16 8 11.070725
16 9 13.564862
16 10 13.045140
16 11 14.729731
16 12 14.397326
16 13 12.759764
16 14 13.843632
16 15 13.100163
16 17 12.948278
16 18 11.422427
16 19 11.486610
16 20 11.939601
16 21 11.098934
16 22 11.753006
16 23 13.906176
16 24 11.487989
16 25 14.627012
16 26 13.615992
16 27 12.155063
16 28 14.591417
16 29 14.486609
16 30 11.565681
16 31 14.627820
16 32 11.664726
16 33 12.355944
16 34 11.598056
16 35 13.611494
16 36 13.458191
16 37 12.740354
16 38 13.755047
16 39 14.647376
16 40 14.472242
16 41 13.340529
16 42 14.155196
16 43 13.319591
16 44 12.624475
16 45 12.484177
16 46 13.091818
16 47 11.063665
16 48 13.524947
16 49 13.795721
16 50 11.313871
17 0 11.825462
17 1 13.871531
17 2 13.396575
17 3 13.588432
17 4 13.167639
17 5 11.033468
17 6 14.556580
17 7 11.374014
17 8 10.941139
17 9 12.717711
17 10 12.166573
17 11 13.257493
17 12 13.879100
17 13 14.317734
17 14 14.260567
17 15 12.560653
17 16 12.948278
17 18 14.208178
17 19 11.458204
17 20 12.893530
17 21 11.654825
17 22 11.981091
17 23 12.458887
17 24 12.913363
17 25 11.525261
17 26 13.108762
17 27 12.041139
17 28 12.494036
17 29 12.672759
17 30 14.081913
17 31 11.250558
17 32 10.957808
17 33 13.208459
17 34 10.974562
17 35 11.972605
17 36 13.688903
17 37 12.491043
17 38 11.537852
17 39 14.292396
17 40 14.635086
17 41 13.028451
17 42 11.127886
17 43 11.865452
17 44 14.746097
17 45 13.909075
17 46 12.950201
17 47 13.691738
17 48 12.378812
17 49 14.045706
17 50 12.519663
18 0 12.746209
18 1 13.178806
18 2 13.350505
18 3 13.801110
18 4 13.853195
18 5 13.167929
18 6 13.813964
18 7 14.373285
18 8 11.386801
18 9 14.573545
18 10 13.667186
18 11 11.409319
18 12 12.278272
18 13 14.022920
18 14 11.560367
18 15 12.097383
18 16 11.422427
18 17 14.208178
18 19 14.407545
18 20 14.499912
18 21 12.636505
18 22 12.960012
18 23 11.022831
18 24 12.998683
18 25 14.706732
18 26 11.190730
18 27 12.966144
18 28 11.803487
18 29 13.207193
18 30 14.239449
18 31 12.335955
18 32 11.794125
18 33 11.359807
18 34 13.237041
18 35 13.549957
18 36 11.291512
18 37 14.146400
18 38 12.325376
18 39 11.981065
18 40 12.536844
18 41 11.917850
18 42 10.964736
18 43 14.297945
18 44 14.307364
18 45 12.335185
18 46 14.129148
18 47 14.806720
18 48 12.711910
18 49 14.396432
18 50 14.790152
19 0 12.523265
19 1 13.573210
19 2 11.584582
19 3 13.523402
19 4 11.644657
19 5 14.553500
19 6 12.661445
19 7 11.687789
19 8 11.445478
19 9 12.831482
19 10 12.096367
19 11 11.856387
19 12 13.035133
19 13 13.719592
19 14 14.205735
19 15 11.224676
19 16 11.486610
19 17 11.458204
19 18 14.407545
19 20 11.534855
19 21 12.291238
19 22 12.831017
19 23 14.235470
19 24 13.232180
19 25 11.892624
19 26 11.970673
19 27 11.174883
19 28 11.646264
19 29 12.717398
19 30 11.826857
19 31 12.045474
19 32 11.420223
19 33 12.241022
19 34 14.021456
19 35 11.247545
19 36 13.454896
19 37 10.947086
19 38 11.315088
19 39 14.379040
19 40 12.770053
19 41 12.023811
19 42 14.518778
19 43 13.151609
19 44 13.765090
19 45 11.145295
19 46 11.752558
19 47 14.700983
19 48 10.943040
19 49 12.425004
19 50 12.911777
20 0 11.210159
20 1 11.395374
20 2 12.431758
20 3 12.125447
20 4 11.507763
20 5 11.334034
20 6 11.303245
20 7 12.209863
20 8 14.468706
20 9 13.840931
20 10 12.212609
20 11 13.574957
20 12 13.543050
20 13 13.416410
20 14 11.214198
20 15 11.615556
20 16 11.939601
20 17 12.893530
20 18 14.499912
20 19 11.534855
20 21 13.487253
20 22 13.257222
20 23 12.982285
20 24 11.893428
20 25 12.793522
20 26 13.566051
20 27 11.416661
20 28 11.977652
20 29 11.926162
20 30 14.617414
20 31 13.581880
20 32 11.958242
20 33 11.415397
20 34 12.626745
20 35 12.128681
20 36 14.773220
20 37 13.966437
20 38 11.154731
20 39 14.237082
20 40 11.227255
20 41 13.395669
20 42 12.594328
20 43 11.603709
20 44 13.679051
20 45 12.007556
20 46 14.591495
20 47 14.541265
20 48 11.333018
20 49 13.524617
20 50 11.949907
21 0 13.718624
21 1 12.263247
21 2 11.804818
21 3 14.818470
21 4 13.175980
21 5 11.118160
21 6 11.639445
21 7 14.240855
21 8 14.196317
21 9 13.254690
21 10 13.490622
21 11 12.066461
21 12 12.679487
21 13 11.916186
21 14 11.137072
21 15 13.493145
21 16 11.098934
21 17 11.654825
21 18 12.636505
21 19 12.291238
21 20 13.487253
21 22 11.640403
21 23 14.634157
21 24 13.027744
21 25 11.152534
21 26 12.295972
21 27 11.574746
21 28 13.478651
21 29 13.383100
21 30 14.370712
21 31 14.102674
21 32 11.772788
21 33 12.447356
21 34 13.550557
21 35 11.955057
21 36 12.145665
21 37 12.535120
21 38 11.462273
21 39 12.610712
21 40 12.299646
21 41 12.517044
21 42 11.393233
21 43 12.890700
21 44 14.408776
21 45 13.283138
21 46 13.906747
21 47 12.888563
21 48 13.494998
21 49 14.542390
21 50 11.326300
22 0 14.470860
22 1 13.475207
22 2 13.151000
22 3 11.929935
22 4 14.436227
22 5 14.105016
22 6 14.078500
22 7 11.474327
22 8 14.177580
22 9 11.371210
22 10 14.190379
22 11 14.577727
22 12 11.835182
22 13 12.457422
22 14 11.811368
22 15 11.470147
22 16 11.753006
22 17 11.981091
22 18 12.960012
22 19 12.831017
22 20 13.257222
22 21 11.640403
22 23 13.891827
22 24 13.876702
22 25 14.627521
22 26 14.223823
22 27 10.943623
22 28 13.051325
22 29 12.034690
22 30 14.599738
22 31 12.895866
22 32 14.179929
22 33 13.920506
22 34 13.180178
22 35 14.691267
22 36 12.546449
22 37 13.423298
22 38 13.083766
22 39 12.643424
22 40 12.386497
22 41 11.042933
22 42 12.339787
22 43 11.266317
22 44 14.805063
22 45 12.353053
22 46 11.698467
22 47 14.329757
22 48 12.793541
22 49 12.984810
22 50 14.049427
23 0 13.385382
23 1 11.563698
23 2 14.640943
23 3 11.456315
23 4 13.154539
23 5 12.899338
23 6 12.581425
23 7 12.210549
23 8 14.456420
23 9 11.909877
23 10 13.720356
23 11 12.067282
23 12 13.815301
23 13 13.676351
23 14 14.147477
23 15 11.770519
23 16 13.906176
23 17 12.458887
23 18 11.022831
23 19 14.235470
23 20 12.982285
23 21 14.634157
23 22 13.891827
23 24 13.685846
23 25 11.972430
23 26 11.007979
23 27 11.012747
23 28 13.996980
23 29 13.317128
23 30 13.819810
23 31 13.001871
23 32 12.863838
23 33 11.826825
23 34 12.106901
23 35 13.269599
23 36 13.650469
23 37 11.226160
23 38 11.634922
23 39 14.744048
23 40 11.489241
23 41 14.688548
23 42 12.052699
23 43 14.233858
23 44 14.726756
23 45 14.203473
23 46 11.364269
23 47 13.702889
23 48 12.776163
23 49 14.364613
23 50 10.927172
24 0 13.936456
24 1 12.817576
24 2 14.703315
24 3 10.947080
24 4 11.860169
24 5 13.733940
24 6 12.526944
24 7 13.302138
24 8 11.476181
24 9 14.715123
24 10 13.914998
24 11 11.967870
24 12 10.993403
24 13 12.278810
24 14 14.504242
24 15 14.407835
24 16 11.487989
24 17 12.913363
24 18 12.998683
24 19 13.232180
24 20 11.893428
24 21 13.027744
24 22 13.876702
24 23 13.685846
24 25 13.516512
24 26 11.103562
24 27 13.134580
24 28 13.029581
24 29 12.063402
24 30 13.968427
24 31 14.584160
24 32 13.284428
24 33 13.268591
24 34 12.996100
24 35 11.340569
24 36 13.204250
24 37 11.631777
24 38 11.305776
24 39 14.511318
24 40 11.802384
24 41 12.095485
24 42 10.922498
24 43 14.590567
24 44 11.272581
24 45 14.198032
24 46 14.386420
24 47 12.612825
24 48 13.915964
24 49 14.419349
24 50 12.585239
25 0 14.491196
25 1 11.228867
25 2 14.488703
25 3 13.498767
25 4 13.804563
25 5 13.881580
25 6 12.234886
25 7 14.729798
25 8 12.336549
25 9 13.094462
25 10 12.599807
25 11 12.256961
25 12 13.474051
25 13 12.423388
25 14 13.513226
25 15 13.780698
25 16 14.627012
25 17 11.525261
25 18 14.706732
25 19 11.892624
25 20 12.793522
25 21 11.152534
25 22 14.627521
25 23 11.972430
25 24 13.516512
25 26 12.079048
25 27 13.474993
25 28 14.244553
25 29 13.388331
25 30 13.102103
25 31 14.475401
25 32 13.615276
25 33 12.452423
25 34 14.140506
25 35 13.105712
25 36 11.017390
25 37 12.855358
25 38 11.066868
25 39 11.046880
25 40 11.158304
25 41 14.211311
25 42 11.189250
25 43 11.604277
25 44 14.715355
25 45 13.322057
25 46 14.173145
25 47 13.359322
25 48 13.871459
25 49 12.073534
25 50 12.099605
26 0 11.590888
26 1 13.984405
26 2 13.582996
26 3 11.692191
26 4 12.673630
26 5 10.956682
26 6 11.649178
26 7 12.693667
26 8 10.948911
26 9 12.113208
26 10 13.106482
26 11 14.207129
26 12 12.259208
26 13 14.162931
26 14 14.314420
26 15 14.458217
26 16 13.615992
26 17 13.108762
26 18 11.190730
26 19 11.970673
26 20 13.566051
26 21 12.295972
26 22 14.223823
26 23 11.007979
26 24 11.103562
26 25 12.079048
26 27 13.574458
26 28 13.327295
26 29 13.017484
26 30 11.271816
26 31 12.443686
26 32 13.604024
26 33 13.830805
26 34 14.796043
26 35 13.366564
26 36 12.969695
26 37 13.432337
26 38 12.335518
26 39 11.939649
26 40 12.148063
26 41 12.729412
26 42 13.190570
26 43 11.437425
26 44 14.014602
26 45 10.957000
26 46 13.891446
26 47 12.168362
26 48 11.493871
26 49 11.991119
26 50 13.038384
27 0 11.786526
27 1 14.604489
27 2 14.012652
27 3 11.614476
27 4 12.902955
27 5 13.809014
27 6 14.732609
27 7 11.989792
27 8 12.105890
27 9 11.265814
27 10 13.098606
27 11 13.493315
27 12 13.080106
27 13 13.334245
27 14 12.552595
27 15 13.221993
27 16 12.155063
27 17 12.041139
27 18 12.966144
27 19 11.174883
27 20 11.416661
27 21 11.574746
27 22 10.943623
27 23 11.012747
27 24 13.134580
27 25 13.474993
27 26 13.574458
27 28 11.396586
27 29 12.856788
27 30 14.704450
27 31 13.172497
27 32 11.619721
27 33 12.991563
27 34 13.294253
27 35 12.274576
27 36 14.628747
27 37 13.459195
27 38 13.074742
27 39 14.774954
27 40 11.077175
27 41 14.460386
27 42 12.628139
27 43 12.395146
27 44 13.454859
27 45 11.347051
27 46 11.727124
27 47 13.857370
27 48 12.606844
27 49 13.400027
27 50 14.799198
28 0 14.418285
28 1 11.434176
28 2 14.019143
28 3 13.939379
28 4 13.695534
28 5 14.492215
28 6 13.241278
28 7 14.229778
28 8 12.198717
28 9 11.384244
28 10 13.777608
28 11 13.409607
28 12 13.337954
28 13 14.575939
28 14 11.803865
28 15 14.328408
28 16 14.591417
28 17 12.494036
28 18 11.803487
28 19 11.646264
28 20 11.977652
28 21 13.478651
28 22 13.051325
28 23 13.996980
28 24 13.029581
28 25 14.244553
28 26 13.327295
28 27 11.396586
28 29 14.003539
28 30 12.376255
28 31 11.850006
28 32 12.187717
28 33 11.738325
28 34 11.627763
28 35 14.299335
28 36 11.052764
28 37 11.223962
28 38 14.602388
28 39 14.571742
28 40 14.413295
28 41 12.675229
28 42 13.503285
28 43 12.719909
28 44 13.763403
28 45 12.876964
28 46 12.830697
28 47 11.577018
28 48 14.628264
28 49 11.310312
28 50 12.988318
29 0 12.577306
29 1 12.678078
29 2 12.114312
29 3 11.638969
29 4 13.925301
29 5 12.070032
29 6 13.476341
29 7 13.674136
29 8 12.579978
29 9 14.309836
29 10 13.856439
29 11 12.013528
29 12 12.385089
29 13 11.069698
29 14 11.671600
29 15 12.880761
29 16 14.486609
29 17 12.672759
29 18 13.207193
29 19 12.717398
29 20 11.926162
29 21 13.383100
29 22 12.034690
29 23 13.317128
29 24 12.063402
29 25 13.388331
29 26 13.017484
29 27 12.856788
29 28 14.003539
29 30 11.760841
29 31 11.214364
29 32 11.173727
29 33 10.982076
29 34 11.378427
29 35 13.687783
29 36 14.338279
29 37 11.715053
29 38 11.630956
29 39 11.055706
29 40 12.348772
29 41 14.754839
29 42 11.761875
29 43 12.199890
29 44 11.134379
29 45 11.585965
29 46 13.465820
29 47 13.946972
29 48 12.271402
29 49 13.316603
29 50 13.926227
30 0 14.048665
30 1 13.472328
30 2 11.109584
30 3 10.927648
30 4 11.320731
30 5 12.803042
30 6 13.558047
30 7 14.733775
30 8 11.956145
30 9 13.973419
30 10 12.109034
30 11 13.626155
30 12 12.541081
30 13 12.257097
30 14 14.284845
30 15 14.229390
30 16 11.565681
30 17 14.081913
30 18 14.239449
30 19 11.826857
30 20 14.617414
30 21 14.370712
30 22 14.599738
30 23 13.819810
30 24 13.968427
30 25 13.102103
30 26 11.271816
30 27 14.704450
30 28 12.376255
30 29 11.760841
30 31 12.232085
30 32 14.131269
30 33 14.001579
30 34 14.699576
30 35 11.195481
30 36 14.288065
30 37 13.666969
30 38 12.650318
30 39 14.752925
30 40 11.613345
30 41 12.493083
30 42 14.814825
30 43 11.441916
30 44 11.779868
30 45 11.021293
30 46 11.088812
30 47 13.737244
30 48 12.071834
30 49 12.782964
30 50 14.332121
31 0 12.408365
31 1 13.183934
31 2 12.999856
31 3 12.416983
31 4 14.176881
31 5 14.221774
31 6 13.889320
31 7 11.065414
31 8 11.138925
31 9 13.617256
31 10 13.888956
31 11 13.765738
31 12 11.693370
31 13 13.241518
31 14 13.680345
31 15 11.765239
31 16 14.627820
31 17 11.250558
31 18 12.335955
31 19 12.045474
31 20 13.581880
31 21 14.102674
31 22 12.895866
31 23 13.001871
31 24 14.584160
31 25 14.475401
31 26 12.443686
31 27 13.172497
31 28 11.850006
31 29 11.214364
31 30 12.232085
31 32 12.109594
31 33 14.501469
31 34 12.294235
31 35 13.728045
31 36 14.492443
31 37 13.212160
31 38 11.063996
31 39 13.992822
31 40 11.974719
31 41 12.187623
31 42 13.891379
31 43 11.477203
31 44 11.360198
31 45 12.989833
31 46 11.418430
31 47 14.266373
31 48 12.959258
31 49 11.221828
31 50 13.565516
32 0 13.074116
32 1 11.978587
32 2 12.417323
32 3 14.609679
32 4 11.794865
32 5 14.646912
32 6 14.154687
32 7 11.704707
32 8 14.688354
32 9 13.668947
32 10 14.766997
32 11 14.327451
32 12 12.925517
32 13 12.893627
32 14 12.355063
32 15 13.575859
32 16 11.664726
32 17 10.957808
32 18 11.794125
32 19 11.420223
32 20 11.958242
32 21 11.772788
32 22 14.179929
32 23 12.863838
32 24 13.284428
32 25 13.615276
32 26 13.604024
32 27 11.619721
32 28 12.187717
32 29 11.173727
32 30 14.131269
32 31 12.109594
32 33 12.498294
32 34 14.475974
32 35 11.766011
32 36 11.041763
32 37 13.168668
32 38 11.232660
32 39 12.350886
32 40 13.384602
32 41 13.637355
32 42 11.395846
32 43 13.399142
32 44 11.877211
32 45 13.166499
32 46 11.525735
32 47 11.698847
32 48 11.919526
32 49 11.376974
32 50 14.082448
33 0 14.517738
33 1 11.347937
33 2 13.666505
33 3 14.790029
33 4 13.810358
33 5 11.260475
33 6 13.800281
33 7 14.723028
33 8 12.519047
33 9 12.268577
33 10 14.400402
33 11 14.463005
33 12 14.461646
33 13 12.646814
33 14 12.502472
33 15 13.938947
33 16 12.355944
33 17 13.208459
33 18 11.359807
33 19 12.241022
33 20 11.415397
33 21 12.447356
33 22 13.920506
33 23 11.826825
33 24 13.268591
33 25 12.452423
33 26 13.830805
33 27 12.991563
33 28 11.738325
33 29 10.982076
33 30 14.001579
33 31 14.501469
33 32 12.498294
33 34 13.508435
33 35 14.115211
33 36 11.063390
33 37 13.802959
33 38 13.627080
33 39 11.891803
33 40 12.583402
33 41 13.228935
33 42 13.397688
33 43 14.333824
33 44 13.295985
33 45 14.703710
33 46 12.071933
33 47 12.457549
33 48 14.436236
33 49 11.206013
33 50 14.262931
34 0 14.466902
34 1 13.393758
34 2 12.099757
34 3 11.845594
34 4 13.844056
34 5 13.065862
34 6 12.547791
34 7 13.897503
34 8 13.893757
34 9 14.406906
34 10 10.958603
34 11 13.039385
34 12 11.878068
34 13 12.722385
34 14 12.332619
34 15 13.765848
34 16 11.598056
34 17 10.974562
34 18 13.237041
34 19 14.021456
34 20 12.626745
34 21 13.550557
34 22 13.180178
34 23 12.106901
34 24 12.996100
34 25 14.140506
34 26 14.796043
34 27 13.294253
34 28 11.627763
34 29 11.378427
34 30 14.699576
34 31 12.294235
34 32 14.475974
34 33 13.508435
34 35 12.848212
34 36 11.416875
34 37 11.565079
34 38 13.550938
34 39 10.972479
34 40 12.661307
34 41 11.031095
34 42 12.877545
34 43 13.781823
34 44 12.313359
34 45 14.050015
34 46 13.860969
34 47 12.118481
34 48 13.449269
34 49 14.079094
34 50 13.530749
35 0 11.287313
35 1 14.097510
35 2 11.650243
35 3 12.791284
35 4 13.975689
35 5 12.778311
35 6 12.567595
35 7 10.927437
35 8 11.741435
35 9 11.389616
35 10 13.517502
35 11 14.716404
35 12 13.253623
35 13 12.934832
35 14 14.598100
35 15 14.707575
35 16 13.611494
35 17 11.972605
35 18 13.549957
35 19 11.247545
35 20 12.128681
35 21 11.955057
35 22 14.691267
35 23 13.269599
35 24 11.340569
35 25 13.105712
35 26 13.366564
35 27 12.274576
35 28 14.299335
35 29 13.687783
35 30 11.195481
35 31 13.728045
35 32 11.766011
35 33 14.115211
35 34 12.848212
35 36 13.211912
35 37 14.021528
35 38 13.298316
35 39 11.589256
35 40 12.868537
35 41 14.116297
35 42 14.234978
35 43 11.373793
35 44 12.876355
35 45 14.581614
35 46 11.118128
35 47 14.669976
35 48 11.064180
35 49 11.657849
35 50 12.777702
36 0 12.210136
36 1 11.205787
36 2 12.729058
36 3 14.168645
36 4 12.480202
36 5 11.644414
36 6 11.846319
36 7 13.145171
36 8 12.757927
36 9 12.269931
36 10 12.429790
36 11 14.109585
36 12 12.926678
36 13 14.439845
36 14 12.518752
36 15 11.903476
36 16 13.458191
36 17 13.688903
36 18 11.291512
36 19 13.454896
36 20 14.773220
36 21 12.145665
36 22 12.546449
36 23 13.650469
36 24 13.204250
36 25 11.017390
36 26 12.969695
36 27 14.628747
36 28 11.052764
36 29 14.338279
36 30 14.288065
36 31 14.492443
36 32 11.041763
36 33 11.063390
36 34 11.416875
36 35 13.211912
36 37 14.376581
36 38 13.428546
36 39 13.509694
36 40 12.418316
36 41 12.959147
36 42 13.687438
36 43 14.060962
36 44 13.617480
36 45 12.236134
36 46 12.383205
36 47 11.976894
36 48 12.345101
36 49 13.651421
36 50 14.743627
37 0 11.269265
37 1 12.434008
37 2 12.460719
37 3 14.214365
37 4 14.679757
37 5 12.158947
37 6 13.142564
37 7 10.947626
37 8 13.163233
37 9 11.520798
37 10 13.247235
37 11 11.150313
37 12 13.488052
37 13 12.584394
37 14 13.905075
37 15 13.800004
37 16 12.740354
37 17 12.491043
37 18 14.146400
37 19 10.947086
37 20 13.966437
37 21 12.535120
37 22 13.423298
37 23 11.226160
37 24 11.631777
37 25 12.855358
37 26 13.432337
37 27 13.459195
37 28 11.223962
37 29 11.715053
37 30 13.666969
37 31 13.212160
37 32 13.168668
37 33 13.802959
37 34 11.565079
37 35 14.021528
37 36 14.376581
37 38 14.108627
37 39 11.980076
37 40 14.272838
37 41 12.483436
37 42 14.125442
37 43 13.202002
37 44 14.790964
37 45 11.411886
37 46 11.367009
37 47 11.298315
37 48 12.732316
37 49 12.439882
37 50 13.823508
38 0 12.147542
38 1 11.657374
38 2 14.754072
38 3 11.871952
38 4 13.130089
38 5 13.391876
38 6 13.858544
38 7 14.752432
38 8 13.140108
38 9 12.081961
38 10 11.184771
38 11 12.686166
38 12 12.662154
38 13 11.681391
38 14 12.572695
38 15 11.969499
38 16 13.755047
38 17 11.537852
38 18 12.325376
38 19 11.315088
38 20 11.154731
38 21 11.462273
38 22 13.083766
38 23 11.634922
38 24 11.305776
38 25 11.066868
38 26 12.335518
38 27 13.074742
38 28 14.602388
38 29 11.630956
38 30 12.650318
38 31 11.063996
38 32 11.232660
38 33 13.627080
38 34 13.550938
38 35 13.298316
38 36 13.428546
38 37 14.108627
38 39 14.135901
38 40 13.011363
38 41 12.788669
38 42 13.530812
38 43 12.620378
38 44 13.904720
38 45 14.290417
38 46 12.781720
38 47 12.242690
38 48 11.462409
38 49 11.325244
38 50 13.592911
39 0 11.635232
39 1 12.852580
39 2 13.277952
39 3 11.503238
39 4 12.124550
39 5 11.895490
39 6 11.783010
39 7 12.759631
39 8 13.711935
39 9 13.835647
39 10 14.476633
39 11 11.027054
39 12 12.313334
39 13 14.022636
39 14 13.450434
39 15 14.127857
39 16 14.647376
39 17 14.292396
39 18 11.981065
39 19 14.379040
39 20 14.237082
39 21 12.610712
39 22 12.643424
39 23 14.744048
39 24 14.511318
39 25 11.046880
39 26 11.939649
39 27 14.774954
39 28 14.571742
39 29 11.055706
39 30 14.752925
39 31 13.992822
39 32 12.350886
39 33 11.891803
39 34 10.972479
39 35 11.589256
39 36 13.509694
39 37 11.980076
39 38 14.135901
39 40 11.655978
39 41 14.642090
39 42 13.254216
39 43 14.100373
39 44 12.455837
39 45 11.552254
39 46 12.929234
39 47 13.949969
39 48 11.224165
39 49 13.802883
39 50 11.546097
40 0 14.332228
40 1 14.433055
40 2 14.692775
40 3 13.160317
40 4 11.208361
40 5 14.443711
40 6 12.791482
40 7 11.992691
40 8 14.533491
40 9 12.180638
40 10 12.970730
40 11 12.013124
40 12 13.537298
40 13 13.788158
40 14 14.274941
40 15 12.297079
40 16 14.472242
40 17 14.635086
40 18 12.536844
40 19 12.770053
40 20 11.227255
40 21 12.299646
40 22 12.386497
40 23 11.489241
40 24 11.802384
40 25 11.158304
40 26 12.148063
40 27 11.077175
40 28 14.413295
40 29 12.348772
40 30 11.613345
40 31 11.974719
40 32 13.384602
40 33 12.583402
40 34 12.661307
40 35 12.868537
40 36 12.418316
40 37 14.272838
40 38 13.011363
40 39 11.655978
40 41 12.242277
40 42 14.507911
40 43 13.252269
40 44 14.608184
40 45 14.395132
40 46 14.349814
40 47 13.054677
40 48 13.877062
40 49 14.733159
40 50 14.171348
41 0 14.134019
41 1 13.388978
41 2 11.006928
41 3 13.181142
41 4 11.657344
41 5 12.812102
41 6 13.035486
41 7 14.422242
41 8 14.225929
41 9 11.047464
41 10 14.800065
41 11 14.094914
41 12 13.728711
41 13 14.453024
41 14 13.227594
41 15 13.579231
41 16 13.340529
41 17 13.028451
41 18 11.917850
41 19 12.023811
41 20 13.395669
41 21 12.517044
41 22 11.042933
41 23 14.688548
41 24 12.095485
41 25 14.211311
41 26 12.729412
41 27 14.460386
41 28 12.675229
41 29 14.754839
41 30 12.493083
41 31 12.187623
41 32 13.637355
41 33 13.228935
41 34 11.031095
41 35 14.116297
41 36 12.959147
41 37 12.483436
41 38 12.788669
41 39 14.642090
41 40 12.242277
41 42 12.848824
41 43 12.497189
41 44 11.186869
41 45 12.986879
41 46 11.153222
41 47 12.308851
41 48 11.935816
41 49 11.185903
41 50 12.568604
42 0 14.697678
42 1 12.285426
42 2 14.160966
42 3 11.004904
42 4 12.744355
42 5 13.743743
42 6 12.117711
42 7 13.383391
42 8 13.865856
42 9 14.424829
42 10 14.543578
42 11 13.206131
42 12 12.049799
42 13 12.729701
42 14 11.815187
42 15 11.708449
42 16 14.155196
42 17 11.127886
42 18 10.964736
42 19 14.518778
42 20 12.594328
42 21 11.393233
42 22 12.339787
42 23 12.052699
42 24 10.922498
42 25 11.189250
42 26 13.190570
42 27 12.628139
42 28 13.503285
42 29 11.761875
42 30 14.814825
42 31 13.891379
42 32 11.395846
42 33 13.397688
42 34 12.877545
42 35 14.234978
42 36 13.687438
42 37 14.125442
42 38 13.530812
42 39 13.254216
42 40 14.507911
42 41 12.848824
42 43 14.311136
42 44 13.567457
42 45 12.779766
42 46 12.987569
42 47 14.734664
42 48 12.064300
42 49 12.701888
42 50 11.644027
43 0 11.981124
43 1 13.345064
43 2 12.921470
43 3 14.686151
43 4 11.502291
43 5 13.139946
43 6 13.492794
43 7 13.782849
43 8 11.893089
43 9 14.417038
43 10 14.081379
43 11 13.533698
43 12 12.169796
43 13 11.774842
43 14 11.701737
43 15 12.145633
43 16 13.319591
43 17 11.865452
43 18 14.297945
43 19 13.151609
43 20 11.603709
43 21 12.890700
43 22 11.266317
43 23 14.233858
43 24 14.590567
43 25 11.604277
43 26 11.437425
43 27 12.395146
43 28 12.719909
43 29 12.199890
43 30 11.441916
43 31 11.477203
43 32 13.399142
43 33 14.333824
43 34 13.781823
43 35 11.373793
43 36 14.060962
43 37 13.202002
43 38 12.620378
43 39 14.100373
43 40 13.252269
43 41 12.497189
43 42 14.311136
43 44 13.025331
43 45 11.298005
43 46 13.929769
43 47 14.022335
43 48 14.465871
43 49 12.681838
43 50 11.750442
44 0 14.695196
44 1 13.261359
44 2 13.990694
44 3 13.719858
44 4 14.735663
44 5 13.648756
44 6 12.900901
44 7 13.776779
44 8 12.907975
44 9 14.695949
44 10 11.794911
44 11 13.738829
44 12 14.512815
44 13 11.422958
44 14 14.430768
44 15 13.893852
44 16 12.624475
44 17 14.746097
44 18 14.307364
44 19 13.765090
44 20 13.679051
44 21 14.408776
44 22 14.805063
44 23 14.726756
44 24 11.272581
44 25 14.715355
44 26 14.014602
44 27 13.454859
44 28 13.763403
44 29 11.134379
44 30 11.779868
44 31 11.360198
44 32 11.877211
44 33 13.295985
44 34 12.313359
44 35 12.876355
44 36 13.617480
44 37 14.790964
44 38 13.904720
44 39 12.455837
44 40 14.608184
44 41 11.186869
44 42 13.567457
44 43 13.025331
44 45 12.602751
44 46 12.299395
44 47 12.784447
44 48 14.136017
44 49 12.862833
44 50 11.412543
45 0 11.359737
45 1 14.498401
45 2 11.530166
45 3 13.246194
45 4 14.297912
45 5 12.836537
45 6 11.012110
45 7 12.267456
45 8 14.011258
45 9 12.832587
45 10 14.421947
45 11 14.680402
45 12 12.677152
45 13 13.749418
45 14 12.763937
45 15 12.683129
45 16 12.484177
45 17 13.909075
45 18 12.335185
45 19 11.145295
45 20 12.007556
45 21 13.283138
45 22 12.353053
45 23 14.203473
45 24 14.198032
45 25 13.322057
45 26 10.957000
45 27 11.347051
45 28 12.876964
45 29 11.585965
45 30 11.021293
45 31 12.989833
45 32 13.166499
45 33 14.703710
45 34 14.050015
45 35 14.581614
45 36 12.236134
45 37 11.411886
45 38 14.290417
45 39 11.552254
45 40 14.395132
45 41 12.986879
45 42 12.779766
45 43 11.298005
45 44 12.602751
45 46 11.781578
45 47 12.459168
45 48 14.013003
45 49 14.262268
45 50 11.481986
46 0 14.479438
46 1 14.777534
46 2 11.451654
46 3 13.725359
46 4 11.263300
46 5 11.433020
46 6 13.758185
46 7 14.341484
46 8 11.220757
46 9 12.730351
46 10 13.267189
46 11 11.636907
46 12 11.903328
46 13 14.163818
46 14 11.697162
46 15 11.494162
46 16 13.091818
46 17 12.950201
46 18 14.129148
46 19 11.752558
46 20 14.591495
46 21 13.906747
46 22 11.698467
46 23 11.364269
46 24 14.386420
46 25 14.173145
46 26 13.891446
46 27 11.727124
46 28 12.830697
46 29 13.465820
46 30 11.088812
46 31 11.418430
46 32 11.525735
46 33 12.071933
46 34 13.860969
46 35 11.118128
46 36 12.383205
46 37 11.367009
46 38 12.781720
46 39 12.929234
46 40 14.349814
46 41 11.153222
46 42 12.987569
46 43 13.929769
46 44 12.299395
46 45 11.781578
46 47 12.548661
46 48 11.806229
46 49 13.589433
46 50 13.407785
47 0 13.217875
47 1 13.857708
47 2 14.242539
47 3 11.754354
47 4 14.134544
47 5 11.050814
47 6 11.257499
47 7 11.138491
47 8 11.929328
47 9 13.454759
47 10 14.788632
47 11 13.678730
47 12 14.740814
47 13 11.197054
47 14 11.663519
47 15 14.572863
47 16 11.063665
47 17 13.691738
47 18 14.806720
47 19 14.700983
47 20 14.541265
47 21 12.888563
47 22 14.329757
47 23 13.702889
47 24 12.612825
47 25 13.359322
47 26 12.168362
47 27 13.857370
47 28 11.577018
47 29 13.946972
47 30 13.737244
47 31 14.266373
47 32 11.698847
47 33 12.457549
47 34 12.118481
47 35 14.669976
47 36 11.976894
47 37 11.298315
47 38 12.242690
47 39 13.949969
47 40 13.054677
47 41 12.308851
47 42 14.734664
47 43 14.022335
47 44 12.784447
47 45 12.459168
47 46 12.548661
47 48 12.671025
47 49 13.466571
47 50 12.627822
48 0 12.156166
48 1 14.507488
48 2 12.161942
48 3 14.218503
48 4 11.427046
48 5 14.341915
48 6 13.907210
48 7 13.728043
48 8 13.580529
48 9 11.157797
48 10 11.097322
48 11 12.176076
48 12 13.434325
48 13 12.854946
48 14 13.868283
48 15 13.270259
48 16 13.524947
48 17 12.378812
48 18 12.711910
48 19 10.943040
48 20 11.333018
48 21 13.494998
48 22 12.793541
48 23 12.776163
48 24 13.915964
48 25 13.871459
48 26 11.493871
48 27 12.606844
48 28 14.628264
48 29 12.271402
48 30 12.071834
48 31 12.959258
48 32 11.919526
48 33 14.436236
48 34 13.449269
48 35 11.064180
48 36 12.345101
48 37 12.732316
48 38 11.462409
48 39 11.224165
48 40 13.877062
48 41 11.935816
48 42 12.064300
48 43 14.465871
48 44 14.136017
48 45 14.013003
48 46 11.806229
48 47 12.671025
48 49 12.515241
48 50 14.231621
49 0 12.834239
49 1 11.760206
49 2 12.971144
49 3 13.334014
49 4 11.783081
49 5 11.651029
49 6 12.097495
49 7 11.486644
49 8 10.975592
49 9 14.576104
49 10 13.114471
49 11 11.380887
49 12 14.123542
49 13 13.479263
49 14 10.932879
49 15 14.648262
49 16 13.795721
49 17 14.045706
49 18 14.396432
49 19 12.425004
49 20 13.524617
49 21 14.542390
49 22 12.984810
49 23 14.364613
49 24 14.419349
49 25 12.073534
49 26 11.991119
49 27 13.400027
49 28 11.310312
49 29 13.316603
49 30 12.782964
49 31 11.221828
49 32 11.376974
49 33 11.206013
49 34 14.079094
49 35 11.657849
49 36 13.651421
49 37 12.439882
49 38 11.325244
49 39 13.802883
49 40 14.733159
49 41 11.185903
49 42 12.701888
49 43 12.681838
49 44 12.862833
49 45 14.262268
49 46 13.589433
49 47 13.466571
49 48 12.515241
49 50 12.646014
50 0 12.550794
50 1 13.647622
50 2 11.229563
50 3 13.018739
50 4 11.760335
50 5 13.675893
50 6 14.194488
50 7 14.067852
50 8 14.792242
50 9 14.624992
50 10 12.804841
50 11 14.033584
50 12 13.081538
50 13 12.426778
50 14 11.533803
50 15 13.248276
50 16 11.313871
50 17 12.519663
50 18 14.790152
50 19 12.911777
50 20 11.949907
50 21 11.326300
50 22 14.049427
50 23 10.927172
50 24 12.585239
50 25 12.099605
50 26 13.038384
50 27 14.799198
50 28 12.988318
50 29 13.926227
50 30 14.332121
50 31 13.565516
50 32 14.082448
50 33 14.262931
50 34 13.530749
50 35 12.777702
50 36 14.743627
50 37 13.823508
50 38 13.592911
50 39 11.546097
50 40 14.171348
50 41 12.568604
50 42 11.644027
50 43 11.750442
50 44 11.412543
50 45 11.481986
50 46 13.407785
50 47 12.627822
50 48 14.231621
50 49 12.646014
