# i j vmax_ij_m_per_s; symmetric values generated with Uniform(0.7,0.95)*15.6
0 1 10.993474
0 2 11.244884
0 3 11.303997
0 4 11.469923
0 5 13.078706
0 6 13.685519
0 7 11.033131
0 8 13.680172
0 9 11.742485
0 10 13.506288
0 11 11.378771
0 12 13.527337
0 13 12.698210
0 14 13.849827
0 15 11.748405
0 16 11.220392
0 17 14.687584
0 18 12.076009
0 19 14.082624
0 20 12.112364
0 21 14.270502
0 22 14.454182
0 23 13.135077
0 24 12.064111
0 25 12.793478
0 26 14.645948
0 27 14.130432
0 28 11.574946
0 29 10.921928
0 30 13.856632
0 31 11.884310
0 32 12.582881
0 33 11.982630
0 34 12.844936
0 35 11.359723
0 36 11.200318
0 37 13.398152
0 38 10.993411
0 39 14.240206
0 40 13.695882
0 41 14.424013
0 42 14.314639
0 43 11.303369
0 44 14.253566
0 45 12.744902
0 46 11.343729
0 47 13.444165
0 48 11.815933
0 49 13.892369
0 50 13.436961
1 0 10.993474
1 2 13.054182
1 3 11.947708
1 4 11.923862
1 5 11.444121
1 6 11.469690
1 7 14.229086
1 8 12.075780
1 9 12.768354
1 10 12.996793
1 11 11.906988
1 12 12.996702
1 13 14.424104
1 14 11.297858
1 15 11.019525
1 16 14.512127
1 17 14.035741
1 18 12.127394
1 19 13.231456
1 20 11.154615
1 21 12.455826
1 22 12.873564
1 23 11.678062
1 24 11.237814
1 25 11.636030
1 26 14.618525
1 27 10.932465
1 28 14.140642
1 29 12.483474
1 30 11.979583
1 31 14.175353
1 32 12.315465
1 33 14.151523
1 34 13.250677
1 35 11.232679
1 36 13.756840
1 37 13.395970
1 38 12.456091
1 39 12.561453
1 40 14.142714
1 41 14.071434
1 42 14.473966
1 43 13.249408
1 44 12.881922
1 45 11.545266
1 46 13.373221
1 47 12.617002
1 48 14.654727
1 49 14.705650
1 50 11.535136
2 0 11.244884
2 1 13.054182
2 3 13.526482
2 4 11.883183
2 5 13.489323
2 6 11.768976
2 7 11.594346
2 8 13.837068
2 9 12.859634
2 10 11.107795
2 11 11.498286
2 12 12.279366
2 13 14.539480
2 14 14.427446
2 15 11.273413
2 16 13.451468
2 17 11.560716
2 18 12.813574
2 19 13.976939
2 20 13.889352
2 21 14.331968
2 22 14.123576
2 23 11.178631
2 24 12.067304
2 25 12.851783
2 26 12.345926
2 27 12.785402
2 28 11.372413
2 29 13.848309
2 30 14.225150
2 31 13.750876
2 32 13.578636
2 33 12.656185
2 34 13.798406
2 35 12.787642
2 36 13.862476
2 37 14.140110
2 38 12.364012
2 39 12.538470
2 40 11.709311
2 41 12.380305
2 42 14.330453
2 43 14.272039
2 44 12.229932
2 45 11.587098
2 46 14.724248
2 47 11.895219
2 48 12.111439
2 49 11.600154
2 50 11.484737
3 0 11.303997
3 1 11.947708
3 2 13.526482
3 4 13.791466
3 5 12.114422
3 6 13.803209
3 7 13.175706
3 8 12.813820
3 9 13.659017
3 10 11.011358
3 11 12.134653
3 12 12.416874
3 13 13.227986
3 14 13.780889
3 15 13.404927
3 16 11.185386
3 17 11.915777
3 18 13.421905
3 19 13.743825
3 20 13.408008
3 21 13.527267
3 22 11.723828
3 23 13.184717
3 24 14.551644
3 25 12.126392
3 26 14.603701
3 27 11.489176
3 28 11.718395
3 29 13.509577
3 30 12.747109
3 31 13.655421
3 32 13.776556
3 33 13.859465
3 34 11.864373
3 35 13.951329
3 36 13.521206
3 37 11.269549
3 38 11.077928
3 39 13.498824
3 40 12.115290
3 41 12.488622
3 42 13.606737
3 43 11.981404
3 44 14.049844
3 45 13.026297
3 46 14.710972
3 47 14.398009
3 48 11.938625
3 49 14.648823
3 50 12.085475
4 0 11.469923
4 1 11.923862
4 2 11.883183
4 3 13.791466
4 5 12.214464
4 6 11.699993
4 7 11.618297
4 8 13.991158
4 9 12.180825
4 10 11.236153
4 11 11.298768
4 12 13.761984
4 13 11.065824
4 14 14.475623
4 15 12.565667
4 16 13.909414
4 17 13.004577
4 18 11.738845
4 19 11.688706
4 20 11.965179
4 21 14.287911
4 22 14.731937
4 23 12.198645
4 24 14.262216
4 25 13.374384
4 26 11.996356
4 27 11.835387
4 28 13.697057
4 29 11.815982
4 30 12.661541
4 31 11.444780
4 32 11.540989
4 33 13.742238
4 34 13.096129
4 35 13.127712
4 36 14.656235
4 37 14.214903
4 38 10.987170
4 39 13.160882
4 40 13.749555
4 41 11.393953
4 42 14.779822
4 43 12.502655
4 44 12.934920
4 45 13.830981
4 46 11.584010
4 47 14.326557
4 48 11.256471
4 49 11.847400
4 50 11.165124
5 0 13.078706
5 1 11.444121
5 2 13.489323
5 3 12.114422
5 4 12.214464
5 6 14.729524
5 7 14.673612
5 8 14.480834
5 9 11.972059
5 10 13.176949
5 11 11.852986
5 12 12.808434
5 13 14.160762
5 14 14.138949
5 15 11.491025
5 16 12.832101
5 17 12.200917
5 18 13.788156
5 19 13.694865
5 20 11.309463
5 21 14.000356
5 22 13.996017
5 23 11.427318
5 24 13.931709
5 25 12.901372
5 26 12.479427
5 27 13.751340
5 28 12.783404
5 29 13.801863
5 30 14.439749
5 31 11.885957
5 32 11.752465
5 33 14.589388
5 34 11.111991
5 35 11.589782
5 36 11.187042
5 37 12.327438
5 38 10.925892
5 39 14.356278
5 40 14.281795
5 41 12.705791
5 42 11.605890
5 43 11.881118
5 44 14.232534
5 45 13.986136
5 46 13.721989
5 47 12.358396
5 48 13.892173
5 49 14.418954
5 50 11.733777
6 0 13.685519
6 1 11.469690
6 2 11.768976
6 3 13.803209
6 4 11.699993
6 5 14.729524
6 7 12.030427
6 8 12.562220
6 9 14.108210
6 10 13.810553
6 11 12.897434
6 12 12.680794
6 13 12.378418
6 14 11.817462
6 15 12.338517
6 16 13.993370
6 17 13.618095
6 18 12.494693
6 19 12.130673
6 20 12.112913
6 21 13.238537
6 22 12.938448
6 23 14.162855
6 24 14.286722
6 25 13.152043
6 26 14.781548
6 27 11.728993
6 28 10.967809
6 29 12.684618
6 30 11.249500
6 31 12.163694
6 32 13.269165
6 33 11.692133
6 34 13.169129
6 35 13.201774
6 36 11.852224
6 37 11.983741
6 38 13.712580
6 39 11.438772
6 40 14.254528
6 41 10.974633
6 42 11.115859
6 43 12.334037
6 44 13.897556
6 45 12.754053
6 46 11.124355
6 47 13.550455
6 48 13.034698
6 49 13.041635
6 50 14.596513
7 0 11.033131
7 1 14.229086
7 2 11.594346
7 3 13.175706
7 4 11.618297
7 5 14.673612
7 6 12.030427
7 8 12.343677
7 9 12.059722
7 10 14.124114
7 11 14.790223
7 12 13.768432
7 13 10.954739
7 14 13.210141
7 15 14.352253
7 16 11.362394
7 17 14.552625
7 18 11.300962
7 19 10.998957
7 20 11.286183
7 21 11.305518
7 22 11.446911
7 23 11.096696
7 24 13.867574
7 25 13.564623
7 26 14.757365
7 27 13.157955
7 28 11.889878
7 29 12.216577
7 30 14.692545
7 31 14.159411
7 32 11.019792
7 33 14.119268
7 34 11.750159
7 35 11.641455
7 36 13.718816
7 37 11.253451
7 38 13.974401
7 39 11.941928
7 40 13.023370
7 41 14.255547
7 42 13.441599
7 43 13.502211
7 44 11.319856
7 45 11.956573
7 46 13.390721
7 47 13.181760
7 48 12.072832
7 49 14.508177
7 50 12.646071
8 0 13.680172
8 1 12.075780
8 2 13.837068
8 3 12.813820
8 4 13.991158
8 5 14.480834
8 6 12.562220
8 7 12.343677
8 9 12.218509
8 10 11.740967
8 11 11.231046
8 12 13.652401
8 13 12.082238
8 14 12.572517
8 15 12.895478
8 16 11.227481
8 17 13.938527
8 18 12.662667
8 19 13.686739
8 20 11.140297
8 21 12.263880
8 22 12.650317
8 23 14.395773
8 24 10.936299
8 25 12.984659
8 26 14.657992
8 27 12.939236
8 28 12.981394
8 29 13.163554
8 30 11.412049
8 31 11.838814
8 32 11.252138
8 33 11.597158
8 34 13.622536
8 35 11.691455
8 36 12.634829
8 37 11.718826
8 38 11.018118
8 39 13.338045
8 40 11.505346
8 41 13.719384
8 42 13.149762
8 43 13.395556
8 44 14.744972
8 45 13.813594
8 46 14.606474
8 47 11.398986
8 48 12.539992
8 49 12.214463
8 50 11.625045
9 0 11.742485
9 1 12.768354
9 2 12.859634
9 3 13.659017
9 4 12.180825
9 5 11.972059
9 6 14.108210
9 7 12.059722
9 8 12.218509
9 10 14.807684
9 11 14.782657
9 12 12.911338
9 13 11.370659
9 14 13.963597
9 15 11.875289
9 16 12.759205
9 17 12.025546
9 18 13.282903
9 19 12.008846
9 20 13.963146
9 21 11.961073
9 22 11.325069
9 23 11.462044
9 24 11.389498
9 25 12.931026
9 26 12.172875
9 27 11.010175
9 28 11.999727
9 29 13.989632
9 30 12.107274
9 31 11.682675
9 32 12.972085
9 33 11.813190
9 34 13.101919
9 35 12.603783
9 36 11.464465
9 37 11.945602
9 38 14.484828
9 39 12.575361
9 40 11.309215
9 41 13.792339
9 42 12.416787
9 43 13.262566
9 44 14.377953
9 45 12.892010
9 46 11.433842
9 47 12.750567
9 48 13.224022
9 49 12.195130
9 50 14.583508
10 0 13.506288
10 1 12.996793
10 2 11.107795
10 3 11.011358
10 4 11.236153
10 5 13.176949
10 6 13.810553
10 7 14.124114
10 8 11.740967
10 9 14.807684
10 11 14.229086
10 12 13.663644
10 13 13.583075
10 14 12.444612
10 15 11.380613
10 16 12.483799
10 17 13.378039
10 18 12.794628
10 19 14.419359
10 20 10.969263
10 21 11.608694
10 22 11.397581
10 23 10.973289
10 24 13.245721
10 25 13.247830
10 26 12.974653
10 27 13.951590
10 28 13.567110
10 29 13.938827
10 30 13.257670
10 31 13.151695
10 32 11.009973
10 33 13.497238
10 34 13.364995
10 35 14.099789
10 36 13.205674
10 37 13.627359
10 38 11.338635
10 39 11.075821
10 40 13.918255
10 41 14.597009
10 42 13.123748
10 43 13.107649
10 44 11.210399
10 45 12.796282
10 46 14.635546
10 47 13.389918
10 48 13.556292
10 49 13.112172
10 50 11.249780
11 0 11.378771
11 1 11.906988
11 2 11.498286
11 3 12.134653
11 4 11.298768
11 5 11.852986
11 6 12.897434
11 7 14.790223
11 8 11.231046
11 9 14.782657
11 10 14.229086
11 12 11.118209
11 13 14.662314
11 14 11.553282
11 15 13.187947
11 16 11.900378
11 17 14.590533
11 18 12.755400
11 19 13.364497
11 20 11.640185
11 21 14.098214
11 22 12.490179
11 23 11.641769
11 24 12.859236
11 25 14.338630
11 26 12.419920
11 27 11.130477
11 28 11.610961
11 29 13.463144
11 30 12.253013
11 31 12.219551
11 32 14.503137
11 33 13.265116
11 34 14.788144
11 35 14.087389
11 36 13.795637
11 37 13.617767
11 38 14.392796
11 39 12.105174
11 40 13.283804
11 41 11.316443
11 42 11.528709
11 43 11.685516
11 44 14.772607
11 45 12.464703
11 46 13.072626
11 47 14.771060
11 48 13.848047
11 49 13.388653
11 50 12.983466
12 0 13.527337
12 1 12.996702
12 2 12.279366
12 3 12.416874
12 4 13.761984
12 5 12.808434
12 6 12.680794
12 7 13.768432
12 8 13.652401
12 9 12.911338
12 10 13.663644
12 11 11.118209
12 13 13.414376
12 14 12.565355
12 15 11.380830
12 16 12.177405
12 17 11.854431
12 18 14.657782
12 19 10.963634
12 20 12.185677
12 21 13.372158
12 22 12.331194
12 23 11.408042
12 24 12.690511
12 25 13.391187
12 26 12.022442
12 27 13.342750
12 28 12.713058
12 29 12.304294
12 30 11.487841
12 31 14.587811
12 32 14.142011
12 33 12.194730
12 34 14.396830
12 35 12.740594
12 36 13.040943
12 37 11.721389
12 38 11.066800
12 39 12.341652
12 40 11.739934
12 41 13.073085
12 42 11.974290
12 43 11.000471
12 44 11.887457
12 45 14.573696
12 46 12.644887
12 47 11.329334
12 48 13.414513
12 49 14.462208
12 50 13.569643
13 0 12.698210
13 1 14.424104
13 2 14.539480
13 3 13.227986
13 4 11.065824
13 5 14.160762
13 6 12.378418
13 7 10.954739
13 8 12.082238
13 9 11.370659
13 10 13.583075
13 11 14.662314
13 12 13.414376
13 14 14.145113
13 15 13.278557
13 16 13.489639
13 17 11.443693
13 18 13.247356
13 19 13.827775
13 20 12.931073
13 21 13.996764
13 22 14.437503
13 23 11.241464
13 24 13.283834
13 25 11.041120
13 26 14.116033
13 27 14.243579
13 28 12.352424
13 29 11.894428
13 30 13.436697
13 31 11.809102
13 32 12.477253
13 33 14.809606
13 34 14.469116
13 35 11.542249
13 36 14.607216
13 37 13.746047
13 38 12.859758
13 39 11.899771
13 40 10.970091
13 41 11.484617
13 42 11.224812
13 43 13.865787
13 44 11.835304
13 45 10.961783
13 46 10.978773
13 47 13.105987
13 48 12.197906
13 49 11.743548
13 50 13.483261
14 0 13.849827
14 1 11.297858
14 2 14.427446
14 3 13.780889
14 4 14.475623
14 5 14.138949
14 6 11.817462
14 7 13.210141
14 8 12.572517
14 9 13.963597
14 10 12.444612
14 11 11.553282
14 12 12.565355
14 13 14.145113
14 15 12.505414
14 16 13.052000
14 17 12.516016
14 18 11.590198
14 19 12.104534
14 20 13.242989
14 21 14.079949
14 22 12.372963
14 23 12.245767
14 24 13.186312
14 25 11.872676
14 26 11.025914
14 27 11.940674
14 28 14.411947
14 29 11.278719
14 30 11.124821
14 31 13.992986
14 32 13.113927
14 33 11.697566
14 34 12.276893
14 35 11.547552
14 36 14.710089
14 37 14.029903
14 38 11.839108
14 39 11.347200
14 40 11.861168
14 41 13.030361
14 42 13.415997
14 43 13.780901
14 44 11.359444
14 45 12.952591
14 46 14.530824
14 47 14.743234
14 48 11.404384
14 49 14.782711
14 50 11.719051
15 0 11.748405
15 1 11.019525
15 2 11.273413
15 3 13.404927
15 4 12.565667
15 5 11.491025
15 6 12.338517
15 7 14.352253
15 8 12.895478
15 9 11.875289
15 10 11.380613
15 11 13.187947
15 12 11.380830
15 13 13.278557
15 14 12.505414
15 16 11.672959
15 17 11.690002
15 18 13.610712
15 19 13.195253
15 20 11.249563
15 21 13.458836
15 22 11.474679
15 23 11.369626
15 24 14.782300
15 25 11.956533
15 26 11.752195
15 27 11.513200
15 28 12.803955
15 29 12.024202
15 30 12.606753
15 31 12.459341
15 32 11.067540
15 33 13.240847
15 34 12.878480
15 35 11.270366
15 36 12.776513
15 37 13.114859
15 38 11.996520
15 39 11.036064
15 40 12.347157
15 41 13.620586
15 42 12.285621
15 43 13.428396
15 44 14.278932
15 45 14.470148
15 46 11.481385
15 47 12.311811
15 48 13.887690
15 49 13.659731
15 50 12.976473
16 0 11.220392
16 1 14.512127
16 2 13.451468
16 3 11.185386
16 4 13.909414
16 5 12.832101
16 6 13.993370
16 7 11.362394
16 8 11.227481
16 9 12.759205
16 10 12.483799
16 11 11.900378
16 12 12.177405
16 13 13.489639
16 14 13.052000
16 15 11.672959
16 17 11.068077
16 18 11.049983
16 19 11.812390
16 20 11.734420
16 21 11.157093
16 22 14.321798
16 23 13.489957
16 24 13.344951
16 25 12.750110
16 26 12.681382
16 27 14.661879
16 28 11.697939
16 29 10.931393
16 30 14.484627
16 31 12.862132
16 32 13.941706
16 33 12.860340
16 34 12.977003
16 35 14.677022
16 36 12.631757
16 37 13.137556
16 38 12.409435
16 39 11.108737
16 40 12.534193
16 41 12.074879
16 42 12.452376
16 43 11.982340
16 44 13.521944
16 45 14.230645
16 46 12.909842
16 47 12.211017
16 48 14.533973
16 49 12.172962
16 50 14.715641
17 0 14.687584
17 1 14.035741
17 2 11.560716
17 3 11.915777
17 4 13.004577
17 5 12.200917
17 6 13.618095
17 7 14.552625
17 8 13.938527
17 9 12.025546
17 10 13.378039
17 11 14.590533
17 12 11.854431
17 13 11.443693
17 14 12.516016
17 15 11.690002
17 16 11.068077
17 18 11.933200
17 19 11.990956
17 20 13.480912
17 21 12.905331
17 22 11.428305
17 23 11.904776
17 24 11.061916
17 25 13.364683
17 26 11.136350
17 27 11.150558
17 28 14.075629
17 29 10.920859
17 30 14.546825
17 31 12.319182
17 32 13.189784
17 33 11.059509
17 34 14.528376
17 35 14.309899
17 36 12.230675
17 37 12.332660
17 38 12.592681
17 39 12.577521
17 40 12.301621
17 41 13.335374
17 42 14.606905
17 43 11.695488
17 44 13.322536
17 45 11.161744
17 46 14.253974
17 47 12.261289
17 48 12.480257
17 49 11.923328
17 50 13.780086
18 0 12.076009
18 1 12.127394
18 2 12.813574
18 3 13.421905
18 4 11.738845
18 5 13.788156
18 6 12.494693
18 7 11.300962
18 8 12.662667
18 9 13.282903
18 10 12.794628
18 11 12.755400
18 12 14.657782
18 13 13.247356
18 14 11.590198
18 15 13.610712
18 16 11.049983
18 17 11.933200
18 19 11.273837
18 20 11.556358
18 21 11.225957
18 22 11.465442
18 23 11.705117
18 24 14.036555
18 25 12.583767
18 26 12.088893
18 27 12.840956
18 28 11.970569
18 29 11.066912
18 30 13.341509
18 31 14.746299
18 32 11.080187
18 33 13.467321
18 34 14.655890
18 35 14.165007
18 36 11.579669
18 37 11.755896
18 38 12.797847
18 39 11.571356
18 40 11.748777
18 41 11.069805
18 42 11.491339
18 43 10.956749
18 44 11.674636
18 45 11.210993
18 46 12.010592
18 47 14.257983
18 48 12.611383
18 49 11.776357
18 50 13.471609
19 0 14.082624
19 1 13.231456
19 2 13.976939
19 3 13.743825
19 4 11.688706
19 5 13.694865
19 6 12.130673
19 7 10.998957
19 8 13.686739
19 9 12.008846
19 10 14.419359
19 11 13.364497
19 12 10.963634
19 13 13.827775
19 14 12.104534
19 15 13.195253
19 16 11.812390
19 17 11.990956
19 18 11.273837
19 20 13.714537
19 21 13.929697
19 22 13.233492
19 23 12.239099
19 24 11.532702
19 25 12.222018
19 26 12.427086
19 27 12.623968
19 28 12.017122
19 29 10.972362
19 30 14.052228
19 31 11.890540
19 32 12.220851
19 33 12.152493
19 34 12.195577
19 35 11.326741
19 36 12.622536
19 37 12.933166
19 38 12.770300
19 39 11.903179
19 40 12.197731
19 41 12.195346
19 42 12.308732
19 43 12.627337
19 44 11.173002
19 45 13.639484
19 46 12.314157
19 47 12.622088
19 48 13.631131
19 49 14.670024
19 50 14.001878
20 0 12.112364
20 1 11.154615
20 2 13.889352
20 3 13.408008
20 4 11.965179
20 5 11.309463
20 6 12.112913
20 7 11.286183
20 8 11.140297
20 9 13.963146
20 10 10.969263
20 11 11.640185
20 12 12.185677
20 13 12.931073
20 14 13.242989
20 15 11.249563
20 16 11.734420
20 17 13.480912
20 18 11.556358
20 19 13.714537
20 21 13.415937
20 22 11.261286
20 23 13.989711
20 24 10.971547
20 25 12.347432
20 26 13.379362
20 27 11.524373
20 28 13.214129
20 29 11.976271
20 30 11.991559
20 31 11.629562
20 32 12.638461
20 33 14.368629
20 34 12.404104
20 35 11.888678
20 36 13.190000
20 37 13.427112
20 38 11.755986
20 39 11.953402
20 40 11.183350
20 41 11.646510
20 42 13.125630
20 43 12.812423
20 44 11.510447
20 45 11.990095
20 46 11.041708
20 47 11.021508
20 48 12.037989
20 49 12.316539
20 50 13.238078
21 0 14.270502
21 1 12.455826
21 2 14.331968
21 3 13.527267
21 4 14.287911
21 5 14.000356
21 6 13.238537
21 7 11.305518
21 8 12.263880
21 9 11.961073
21 10 11.608694
21 11 14.098214
21 12 13.372158
21 13 13.996764
21 14 14.079949
21 15 13.458836
21 16 11.157093
21 17 12.905331
21 18 11.225957
21 19 13.929697
21 20 13.415937
21 22 12.840731
21 23 11.036020
21 24 12.394724
21 25 13.852007
21 26 12.853166
21 27 11.218447
21 28 13.026456
21 29 11.763586
21 30 11.348172
21 31 14.398447
21 32 11.764143
21 33 12.874101
21 34 11.101636
21 35 13.505924
21 36 12.363706
21 37 13.009782
21 38 13.951921
21 39 11.283927
21 40 13.330388
21 41 13.996580
21 42 11.001640
21 43 12.113413
21 44 12.221948
21 45 13.159847
21 46 11.727712
21 47 14.449729
21 48 13.365888
21 49 13.723222
21 50 12.765313
22 0 14.454182
22 1 12.873564
22 2 14.123576
22 3 11.723828
22 4 14.731937
22 5 13.996017
22 6 12.938448
22 7 11.446911
22 8 12.650317
22 9 11.325069
22 10 11.397581
22 11 12.490179
22 12 12.331194
22 13 14.437503
22 14 12.372963
22 15 11.474679
22 16 14.321798
22 17 11.428305
22 18 11.465442
22 19 13.233492
22 20 11.261286
22 21 12.840731
22 23 12.737020
22 24 13.496555
22 25 11.834389
22 26 12.176267
22 27 12.001205
22 28 11.039129
22 29 12.311358
22 30 11.184090
22 31 14.114379
22 32 11.426830
22 33 14.458794
22 34 12.213023
22 35 14.239188
22 36 11.225435
22 37 12.045396
22 38 13.925013
22 39 13.053751
22 40 13.461381
22 41 13.295585
22 42 12.935579
22 43 13.210162
22 44 13.065127
22 45 12.594476
22 46 13.272370
22 47 14.005727
22 48 11.130786
22 49 11.216923
22 50 11.922399
23 0 13.135077
23 1 11.678062
23 2 11.178631
23 3 13.184717
23 4 12.198645
23 5 11.427318
23 6 14.162855
23 7 11.096696
23 8 14.395773
23 9 11.462044
23 10 10.973289
23 11 11.641769
23 12 11.408042
23 13 11.241464
23 14 12.245767
23 15 11.369626
23 16 13.489957
23 17 11.904776
23 18 11.705117
23 19 12.239099
23 20 13.989711
23 21 11.036020
23 22 12.737020
23 24 14.784875
23 25 11.207933
23 26 12.782900
23 27 13.170670
23 28 11.494249
23 29 12.414381
23 30 13.790632
23 31 12.353063
23 32 12.925169
23 33 14.627832
23 34 13.210501
23 35 12.293852
23 36 12.057446
23 37 11.214246
23 38 13.521870
23 39 14.690011
23 40 13.316451
23 41 13.180331
23 42 12.143294
23 43 13.187779
23 44 11.371439
23 45 12.092859
23 46 12.334535
23 47 14.422943
23 48 12.738671
23 49 11.891803
23 50 12.503386
24 0 12.064111
24 1 11.237814
24 2 12.067304
24 3 14.551644
24 4 14.262216
24 5 13.931709
24 6 14.286722
24 7 13.867574
24 8 10.936299
24 9 11.389498
24 10 13.245721
24 11 12.859236
24 12 12.690511
24 13 13.283834
24 14 13.186312
24 15 14.782300
24 16 13.344951
24 17 11.061916
24 18 14.036555
24 19 11.532702
24 20 10.971547
24 21 12.394724
24 22 13.496555
24 23 14.784875
24 25 13.474188
24 26 12.129745
24 27 14.477538
24 28 12.000622
24 29 11.199293
24 30 14.704443
24 31 14.434402
24 32 11.363898
24 33 13.320342
24 34 14.402108
24 35 12.705008
24 36 11.727431
24 37 13.001965
24 38 12.020485
24 39 14.547150
24 40 13.488061
24 41 11.657426
24 42 12.563384
24 43 13.889693
24 44 13.337564
24 45 11.213034
24 46 12.031028
24 47 14.009172
24 48 11.897707
24 49 13.500171
24 50 10.958753
25 0 12.793478
25 1 11.636030
25 2 12.851783
25 3 12.126392
25 4 13.374384
25 5 12.901372
25 6 13.152043
25 7 13.564623
25 8 12.984659
25 9 12.931026
25 10 13.247830
25 11 14.338630
25 12 13.391187
25 13 11.041120
25 14 11.872676
25 15 11.956533
25 16 12.750110
25 17 13.364683
25 18 12.583767
25 19 12.222018
25 20 12.347432
25 21 13.852007
25 22 11.834389
25 23 11.207933
25 24 13.474188
25 26 12.498312
25 27 14.495492
25 28 12.160471
25 29 14.350040
25 30 14.570269
25 31 11.522204
25 32 14.556724
25 33 12.600801
25 34 14.460832
25 35 13.296616
25 36 13.906418
25 37 12.999252
25 38 14.554256
25 39 13.534507
25 40 13.400967
25 41 12.449532
25 42 11.128083
25 43 14.213645
25 44 13.324691
25 45 13.955217
25 46 14.651396
25 47 13.376793
25 48 12.626780
25 49 11.899001
25 50 12.203865
26 0 14.645948
26 1 14.618525
26 2 12.345926
26 3 14.603701
26 4 11.996356
26 5 12.479427
26 6 14.781548
26 7 14.757365
26 8 14.657992
26 9 12.172875
26 10 12.974653
26 11 12.419920
26 12 12.022442
26 13 14.116033
26 14 11.025914
26 15 11.752195
26 16 12.681382
26 17 11.136350
26 18 12.088893
26 19 12.427086
26 20 13.379362
26 21 12.853166
26 22 12.176267
26 23 12.782900
26 24 12.129745
26 25 12.498312
26 27 12.556326
26 28 13.047687
26 29 12.374038
26 30 10.940932
26 31 11.237706
26 32 14.485292
26 33 12.842531
26 34 14.685546
26 35 14.742833
26 36 14.698114
26 37 12.812054
26 38 11.424876
26 39 11.614647
26 40 11.171032
26 41 11.571631
26 42 11.216360
26 43 13.786913
26 44 12.914950
26 45 13.116472
26 46 11.837574
26 47 11.432779
26 48 14.194634
26 49 12.944329
26 50 12.533860
27 0 14.130432
27 1 10.932465
27 2 12.785402
27 3 11.489176
27 4 11.835387
27 5 13.751340
27 6 11.728993
27 7 13.157955
27 8 12.939236
27 9 11.010175
27 10 13.951590
27 11 11.130477
27 12 13.342750
27 13 14.243579
27 14 11.940674
27 15 11.513200
27 16 14.661879
27 17 11.150558
27 18 12.840956
27 19 12.623968
27 20 11.524373
27 21 11.218447
27 22 12.001205
27 23 13.170670
27 24 14.477538
27 25 14.495492
27 26 12.556326
27 28 14.396073
27 29 14.733599
27 30 13.767242
27 31 11.780431
27 32 13.525503
27 33 11.433993
27 34 13.419252
27 35 11.021665
27 36 14.203887
27 37 13.501329
27 38 13.804084
27 39 12.394303
27 40 13.339135
27 41 11.816941
27 42 12.400174
27 43 14.439060
27 44 13.847392
27 45 12.416162
27 46 13.915119
27 47 11.184785
27 48 13.843587
27 49 13.442106
27 50 12.416214
28 0 11.574946
28 1 14.140642
28 2 11.372413
28 3 11.718395
28 4 13.697057
28 5 12.783404
28 6 10.967809
28 7 11.889878
28 8 12.981394
28 9 11.999727
28 10 13.567110
28 11 11.610961
28 12 12.713058
28 13 12.352424
28 14 14.411947
28 15 12.803955
28 16 11.697939
28 17 14.075629
28 18 11.970569
28 19 12.017122
28 20 13.214129
28 21 13.026456
28 22 11.039129
28 23 11.494249
28 24 12.000622
28 25 12.160471
28 26 13.047687
28 27 14.396073
28 29 12.092322
28 30 12.013048
28 31 14.790852
28 32 13.940515
28 33 13.313548
28 34 12.665035
28 35 13.567555
28 36 14.491602
28 37 11.754260
28 38 11.475449
28 39 14.050413
28 40 12.027358
28 41 11.795167
28 42 13.883519
28 43 14.014068
28 44 13.881849
28 45 11.661903
28 46 11.261801
28 47 12.695253
28 48 10.988680
28 49 11.041513
28 50 14.179847
29 0 10.921928
29 1 12.483474
29 2 13.848309
29 3 13.509577
29 4 11.815982
29 5 13.801863
29 6 12.684618
29 7 12.216577
29 8 13.163554
29 9 13.989632
29 10 13.938827
29 11 13.463144
29 12 12.304294
29 13 11.894428
29 14 11.278719
29 15 12.024202
29 16 10.931393
29 17 10.920859
29 18 11.066912
29 19 10.972362
29 20 11.976271
29 21 11.763586
29 22 12.311358
29 23 12.414381
29 24 11.199293
29 25 14.350040
29 26 12.374038
29 27 14.733599
29 28 12.092322
29 30 14.506217
29 31 14.077714
29 32 12.871409
29 33 14.099039
29 34 11.155308
29 35 13.893909
29 36 14.328905
29 37 14.211961
29 38 13.409042
29 39 13.933642
29 40 13.164949
29 41 11.854016
29 42 12.111543
29 43 14.800078
29 44 11.923045
29 45 12.945003
29 46 14.053422
29 47 11.500224
29 48 12.147061
29 49 14.101782
29 50 12.801611
30 0 13.856632
30 1 11.979583
30 2 14.225150
30 3 12.747109
30 4 12.661541
30 5 14.439749
30 6 11.249500
30 7 14.692545
30 8 11.412049
30 9 12.107274
30 10 13.257670
30 11 12.253013
30 12 11.487841
30 13 13.436697
30 14 11.124821
30 15 12.606753
30 16 14.484627
30 17 14.546825
30 18 13.341509
30 19 14.052228
30 20 11.991559
30 21 11.348172
30 22 11.184090
30 23 13.790632
30 24 14.704443
30 25 14.570269
30 26 10.940932
30 27 13.767242
30 28 12.013048
30 29 14.506217
30 31 11.487554
30 32 12.526937
30 33 12.867738
30 34 11.085467
30 35 12.471615
30 36 12.418447
30 37 13.432026
30 38 13.675173
30 39 13.636387
30 40 14.452712
30 41 13.528647
30 42 14.016440
30 43 12.503481
30 44 14.609345
30 45 12.173918
30 46 12.148132
30 47 13.209419
30 48 11.449217
30 49 14.479219
30 50 12.851813
31 0 11.884310
31 1 14.175353
31 2 13.750876
31 3 13.655421
31 4 11.444780
31 5 11.885957
31 6 12.163694
31 7 14.159411
31 8 11.838814
31 9 11.682675
31 10 13.151695
31 11 12.219551
31 12 14.587811
31 13 11.809102
31 14 13.992986
31 15 12.459341
31 16 12.862132
31 17 12.319182
31 18 14.746299
31 19 11.890540
31 20 11.629562
31 21 14.398447
31 22 14.114379
31 23 12.353063
31 24 14.434402
31 25 11.522204
31 26 11.237706
31 27 11.780431
31 28 14.790852
31 29 14.077714
31 30 11.487554
31 32 13.544683
31 33 14.717843
31 34 12.333617
31 35 13.861585
31 36 14.667222
31 37 14.562076
31 38 11.849039
31 39 11.059639
31 40 14.764093
31 41 10.996099
31 42 13.298385
31 43 11.751156
31 44 14.011592
31 45 10.921413
31 46 13.110655
31 47 14.499336
31 48 13.987264
31 49 13.146530
31 50 14.813187
32 0 12.582881
32 1 12.315465
32 2 13.578636
32 3 13.776556
32 4 11.540989
32 5 11.752465
32 6 13.269165
32 7 11.019792
32 8 11.252138
32 9 12.972085
32 10 11.009973
32 11 14.503137
32 12 14.142011
32 13 12.477253
32 14 13.113927
32 15 11.067540
32 16 13.941706
32 17 13.189784
32 18 11.080187
32 19 12.220851
32 20 12.638461
32 21 11.764143
32 22 11.426830
32 23 12.925169
32 24 11.363898
32 25 14.556724
32 26 14.485292
32 27 13.525503
32 28 13.940515
32 29 12.871409
32 30 12.526937
32 31 13.544683
32 33 13.538992
32 34 14.040905
32 35 11.510287
32 36 13.165633
32 37 14.275999
32 38 10.990921
32 39 12.521172
32 40 12.640494
32 41 11.155238
32 42 14.513378
32 43 13.403812
32 44 12.728305
32 45 12.859014
32 46 11.290172
32 47 14.479282
32 48 12.623502
32 49 11.975301
32 50 13.475706
33 0 11.982630
33 1 14.151523
33 2 12.656185
33 3 13.859465
33 4 13.742238
33 5 14.589388
33 6 11.692133
33 7 14.119268
33 8 11.597158
33 9 11.813190
33 10 13.497238
33 11 13.265116
33 12 12.194730
33 13 14.809606
33 14 11.697566
33 15 13.240847
33 16 12.860340
33 17 11.059509
33 18 13.467321
33 19 12.152493
33 20 14.368629
33 21 12.874101
33 22 14.458794
33 23 14.627832
33 24 13.320342
33 25 12.600801
33 26 12.842531
33 27 11.433993
33 28 13.313548
33 29 14.099039
33 30 12.867738
33 31 14.717843
33 32 13.538992
33 34 12.928269
33 35 11.893640
33 36 11.917161
33 37 12.012120
33 38 13.883480
33 39 12.100963
33 40 13.207541
33 41 12.113179
33 42 11.369117
33 43 13.621553
33 44 13.951798
33 45 12.710582
33 46 10.976091
33 47 14.068897
33 48 13.224033
33 49 14.705925
33 50 12.728097
34 0 12.844936
34 1 13.250677
34 2 13.798406
34 3 11.864373
34 4 13.096129
34 5 11.111991
34 6 13.169129
34 7 11.750159
34 8 13.622536
34 9 13.101919
34 10 13.364995
34 11 14.788144
34 12 14.396830
34 13 14.469116
34 14 12.276893
34 15 12.878480
34 16 12.977003
34 17 14.528376
34 18 14.655890
34 19 12.195577
34 20 12.404104
34 21 11.101636
34 22 12.213023
34 23 13.210501
34 24 14.402108
34 25 14.460832
34 26 14.685546
34 27 13.419252
34 28 12.665035
34 29 11.155308
34 30 11.085467
34 31 12.333617
34 32 14.040905
34 33 12.928269
34 35 12.310671
34 36 13.936904
34 37 12.262616
34 38 12.898441
34 39 12.642043
34 40 12.792940
34 41 14.507123
34 42 14.541583
34 43 12.878028
34 44 11.560666
34 45 11.787656
34 46 12.941882
34 47 12.759625
34 48 12.562151
34 49 11.272784
34 50 13.435897
35 0 11.359723
35 1 11.232679
35 2 12.787642
35 3 13.951329
35 4 13.127712
35 5 11.589782
35 6 13.201774
35 7 11.641455
35 8 11.691455
35 9 12.603783
35 10 14.099789
35 11 14.087389
35 12 12.740594
35 13 11.542249
35 14 11.547552
35 15 11.270366
35 16 14.677022
35 17 14.309899
35 18 14.165007
35 19 11.326741
35 20 11.888678
35 21 13.505924
35 22 14.239188
35 23 12.293852
35 24 12.705008
35 25 13.296616
35 26 14.742833
35 27 11.021665
35 28 13.567555
35 29 13.893909
35 30 12.471615
35 31 13.861585
35 32 11.510287
35 33 11.893640
35 34 12.310671
35 36 12.553207
35 37 12.845941
35 38 14.743156
35 39 12.119612
35 40 11.350865
35 41 11.468255
35 42 13.994028
35 43 13.301297
35 44 12.788294
35 45 12.480141
35 46 11.028525
35 47 14.332158
35 48 11.126502
35 49 14.249099
35 50 11.313148
36 0 11.200318
36 1 13.756840
36 2 13.862476
36 3 13.521206
36 4 14.656235
36 5 11.187042
36 6 11.852224
36 7 13.718816
36 8 12.634829
36 9 11.464465
36 10 13.205674
36 11 13.795637
36 12 13.040943
36 13 14.607216
36 14 14.710089
36 15 12.776513
36 16 12.631757
36 17 12.230675
36 18 11.579669
36 19 12.622536
36 20 13.190000
36 21 12.363706
36 22 11.225435
36 23 12.057446
36 24 11.727431
36 25 13.906418
36 26 14.698114
36 27 14.203887
36 28 14.491602
36 29 14.328905
36 30 12.418447
36 31 14.667222
36 32 13.165633
36 33 11.917161
36 34 13.936904
36 35 12.553207
36 37 13.637965
36 38 12.664321
36 39 14.592204
36 40 12.205244
36 41 13.346582
36 42 11.477473
36 43 11.300353
36 44 14.218319
36 45 12.354194
36 46 14.690463
36 47 12.729388
36 48 11.836217
36 49 11.050733
36 50 14.596026
37 0 13.398152
37 1 13.395970
37 2 14.140110
37 3 11.269549
37 4 14.214903
37 5 12.327438
37 6 11.983741
37 7 11.253451
37 8 11.718826
37 9 11.945602
37 10 13.627359
37 11 13.617767
37 12 11.721389
37 13 13.746047
37 14 14.029903
37 15 13.114859
37 16 13.137556
37 17 12.332660
37 18 11.755896
37 19 12.933166
37 20 13.427112
37 21 13.009782
37 22 12.045396
37 23 11.214246
37 24 13.001965
37 25 12.999252
37 26 12.812054
37 27 13.501329
37 28 11.754260
37 29 14.211961
37 30 13.432026
37 31 14.562076
37 32 14.275999
37 33 12.012120
37 34 12.262616
37 35 12.845941
37 36 13.637965
37 38 13.230923
37 39 12.830368
37 40 13.078322
37 41 11.088731
37 42 13.828307
37 43 11.115881
37 44 11.029795
37 45 11.076755
37 46 13.191637
37 47 13.772258
37 48 12.603486
37 49 11.115539
37 50 11.615881
38 0 10.993411
38 1 12.456091
38 2 12.364012
38 3 11.077928
38 4 10.987170
38 5 10.925892
38 6 13.712580
38 7 13.974401
38 8 11.018118
38 9 14.484828
38 10 11.338635
38 11 14.392796
38 12 11.066800
38 13 12.859758
38 14 11.839108
38 15 11.996520
38 16 12.409435
38 17 12.592681
38 18 12.797847
38 19 12.770300
38 20 11.755986
38 21 13.951921
38 22 13.925013
38 23 13.521870
38 24 12.020485
38 25 14.554256
38 26 11.424876
38 27 13.804084
38 28 11.475449
38 29 13.409042
38 30 13.675173
38 31 11.849039
38 32 10.990921
38 33 13.883480
38 34 12.898441
38 35 14.743156
38 36 12.664321
38 37 13.230923
38 39 14.729206
38 40 13.779254
38 41 13.429897
38 42 12.310843
38 43 12.937133
38 44 14.759603
38 45 14.165164
38 46 13.397572
38 47 12.490921
38 48 13.320316
38 49 11.710160
38 50 13.851186
39 0 14.240206
39 1 12.561453
39 2 12.538470
39 3 13.498824
39 4 13.160882
39 5 14.356278
39 6 11.438772
39 7 11.941928
39 8 13.338045
39 9 12.575361
39 10 11.075821
39 11 12.105174
39 12 12.341652
39 13 11.899771
39 14 11.347200
39 15 11.036064
39 16 11.108737
39 17 12.577521
39 18 11.571356
39 19 11.903179
39 20 11.953402
39 21 11.283927
39 22 13.053751
39 23 14.690011
39 24 14.547150
39 25 13.534507
39 26 11.614647
39 27 12.394303
39 28 14.050413
39 29 13.933642
39 30 13.636387
39 31 11.059639
39 32 12.521172
39 33 12.100963
39 34 12.642043
39 35 12.119612
39 36 14.592204
39 37 12.830368
39 38 14.729206
39 40 14.656537
39 41 11.357208
39 42 12.795316
39 43 14.398963
39 44 11.888092
39 45 13.353873
39 46 11.816565
39 47 13.315020
39 48 13.345714
39 49 12.098600
39 50 13.388349
40 0 13.695882
40 1 14.142714
40 2 11.709311
40 3 12.115290
40 4 13.749555
40 5 14.281795
40 6 14.254528
40 7 13.023370
40 8 11.505346
40 9 11.309215
40 10 13.918255
40 11 13.283804
40 12 11.739934
40 13 10.970091
40 14 11.861168
40 15 12.347157
40 16 12.534193
40 17 12.301621
40 18 11.748777
40 19 12.197731
40 20 11.183350
40 21 13.330388
40 22 13.461381
40 23 13.316451
40 24 13.488061
40 25 13.400967
40 26 11.171032
40 27 13.339135
40 28 12.027358
40 29 13.164949
40 30 14.452712
40 31 14.764093
40 32 12.640494
40 33 13.207541
40 34 12.792940
40 35 11.350865
40 36 12.205244
40 37 13.078322
40 38 13.779254
40 39 14.656537
40 41 14.065430
40 42 13.605708
40 43 11.247160
40 44 14.532709
40 45 14.225686
40 46 11.865678
40 47 11.727584
40 48 14.552697
40 49 14.585710
40 50 13.941044
41 0 14.424013
41 1 14.071434
41 2 12.380305
41 3 12.488622
41 4 11.393953
41 5 12.705791
41 6 10.974633
41 7 14.255547
41 8 13.719384
41 9 13.792339
41 10 14.597009
41 11 11.316443
41 12 13.073085
41 13 11.484617
41 14 13.030361
41 15 13.620586
41 16 12.074879
41 17 13.335374
41 18 11.069805
41 19 12.195346
41 20 11.646510
41 21 13.996580
41 22 13.295585
41 23 13.180331
41 24 11.657426
41 25 12.449532
41 26 11.571631
41 27 11.816941
41 28 11.795167
41 29 11.854016
41 30 13.528647
41 31 10.996099
41 32 11.155238
41 33 12.113179
41 34 14.507123
41 35 11.468255
41 36 13.346582
41 37 11.088731
41 38 13.429897
41 39 11.357208
41 40 14.065430
41 42 14.046233
41 43 13.119959
41 44 13.368668
41 45 11.347944
41 46 14.229994
41 47 14.425658
41 48 11.121652
41 49 14.591533
41 50 14.442348
42 0 14.314639
42 1 14.473966
42 2 14.330453
42 3 13.606737
42 4 14.779822
42 5 11.605890
42 6 11.115859
42 7 13.441599
42 8 13.149762
42 9 12.416787
42 10 13.123748
42 11 11.528709
42 12 11.974290
42 13 11.224812
42 14 13.415997
42 15 12.285621
42 16 12.452376
42 17 14.606905
42 18 11.491339
42 19 12.308732
42 20 13.125630
42 21 11.001640
42 22 12.935579
42 23 12.143294
42 24 12.563384
42 25 11.128083
42 26 11.216360
42 27 12.400174
42 28 13.883519
42 29 12.111543
42 30 14.016440
42 31 13.298385
42 32 14.513378
42 33 11.369117
42 34 14.541583
42 35 13.994028
42 36 11.477473
42 37 13.828307
42 38 12.310843
42 39 12.795316
42 40 13.605708
42 41 14.046233
42 43 11.530130
42 44 13.541748
42 45 13.594193
42 46 14.390733
42 47 12.930145
42 48 12.696397
42 49 14.502002
42 50 12.008951
43 0 11.303369
43 1 13.249408
43 2 14.272039
43 3 11.981404
43 4 12.502655
43 5 11.881118
43 6 12.334037
43 7 13.502211
43 8 13.395556
43 9 13.262566
43 10 13.107649
43 11 11.685516
43 12 11.000471
43 13 13.865787
43 14 13.780901
43 15 13.428396
43 16 11.982340
43 17 11.695488
43 18 10.956749
43 19 12.627337
43 20 12.812423
43 21 12.113413
43 22 13.210162
43 23 13.187779
43 24 13.889693
43 25 14.213645
43 26 13.786913
43 27 14.439060
43 28 14.014068
43 29 14.800078
43 30 12.503481
43 31 11.751156
43 32 13.403812
43 33 13.621553
43 34 12.878028
43 35 13.301297
43 36 11.300353
43 37 11.115881
43 38 12.937133
43 39 14.398963
43 40 11.247160
43 41 13.119959
43 42 11.530130
43 44 13.480806
43 45 11.906006
43 46 14.102125
43 47 12.440146
43 48 12.885913
43 49 11.460638
43 50 14.364123
44 0 14.253566
44 1 12.881922
44 2 12.229932
44 3 14.049844
44 4 12.934920
44 5 14.232534
44 6 13.897556
44 7 11.319856
44 8 14.744972
44 9 14.377953
44 10 11.210399
44 11 14.772607
44 12 11.887457
44 13 11.835304
44 14 11.359444
44 15 14.278932
44 16 13.521944
44 17 13.322536
44 18 11.674636
44 19 11.173002
44 20 11.510447
44 21 12.221948
44 22 13.065127
44 23 11.371439
44 24 13.337564
44 25 13.324691
44 26 12.914950
44 27 13.847392
44 28 13.881849
44 29 11.923045
44 30 14.609345
44 31 14.011592
44 32 12.728305
44 33 13.951798
44 34 11.560666
44 35 12.788294
44 36 14.218319
44 37 11.029795
44 38 14.759603
44 39 11.888092
44 40 14.532709
44 41 13.368668
44 42 13.541748
44 43 13.480806
44 45 11.026658
44 46 11.092415
44 47 11.052364
44 48 11.807683
44 49 12.638952
44 50 12.999993
45 0 12.744902
45 1 11.545266
45 2 11.587098
45 3 13.026297
45 4 13.830981
45 5 13.986136
45 6 12.754053
45 7 11.956573
45 8 13.813594
45 9 12.892010
45 10 12.796282
45 11 12.464703
45 12 14.573696
45 13 10.961783
45 14 12.952591
45 15 14.470148
45 16 14.230645
45 17 11.161744
45 18 11.210993
45 19 13.639484
45 20 11.990095
45 21 13.159847
45 22 12.594476
45 23 12.092859
45 24 11.213034
45 25 13.955217
45 26 13.116472
45 27 12.416162
45 28 11.661903
45 29 12.945003
45 30 12.173918
45 31 10.921413
45 32 12.859014
45 33 12.710582
45 34 11.787656
45 35 12.480141
45 36 12.354194
45 37 11.076755
45 38 14.165164
45 39 13.353873
45 40 14.225686
45 41 11.347944
45 42 13.594193
45 43 11.906006
45 44 11.026658
45 46 13.351961
45 47 11.357985
45 48 11.582061
45 49 14.345719
45 50 12.011034
46 0 11.343729
46 1 13.373221
46 2 14.724248
46 3 14.710972
46 4 11.584010
46 5 13.721989
46 6 11.124355
46 7 13.390721
46 8 14.606474
46 9 11.433842
46 10 14.635546
46 11 13.072626
46 12 12.644887
46 13 10.978773
46 14 14.530824
46 15 11.481385
46 16 12.909842
46 17 14.253974
46 18 12.010592
46 19 12.314157
46 20 11.041708
46 21 11.727712
46 22 13.272370
46 23 12.334535
46 24 12.031028
46 25 14.651396
46 26 11.837574
46 27 13.915119
46 28 11.261801
46 29 14.053422
46 30 12.148132
46 31 13.110655
46 32 11.290172
46 33 10.976091
46 34 12.941882
46 35 11.028525
46 36 14.690463
46 37 13.191637
46 38 13.397572
46 39 11.816565
46 40 11.865678
46 41 14.229994
46 42 14.390733
46 43 14.102125
46 44 11.092415
46 45 13.351961
46 47 13.966402
46 48 11.039670
46 49 12.270166
46 50 14.632859
47 0 13.444165
47 1 12.617002
47 2 11.895219
47 3 14.398009
47 4 14.326557
47 5 12.358396
47 6 13.550455
47 7 13.181760
47 8 11.398986
47 9 12.750567
47 10 13.389918
47 11 14.771060
47 12 11.329334
47 13 13.105987
47 14 14.743234
47 15 12.311811
47 16 12.211017
47 17 12.261289
47 18 14.257983
47 19 12.622088
47 20 11.021508
47 21 14.449729
47 22 14.005727
47 23 14.422943
47 24 14.009172
47 25 13.376793
47 26 11.432779
47 27 11.184785
47 28 12.695253
47 29 11.500224
47 30 13.209419
47 31 14.499336
47 32 14.479282
47 33 14.068897
47 34 12.759625
47 35 14.332158
47 36 12.729388
47 37 13.772258
47 38 12.490921
47 39 13.315020
47 40 11.727584
47 41 14.425658
47 42 12.930145
47 43 12.440146
47 44 11.052364
47 45 11.357985
47 46 13.966402
47 48 11.797507
47 49 12.681620
47 50 14.039869
48 0 11.815933
48 1 14.654727
48 2 12.111439
48 3 11.938625
48 4 11.256471
48 5 13.892173
48 6 13.034698
48 7 12.072832
48 8 12.539992
48 9 13.224022
48 10 13.556292
48 11 13.848047
48 12 13.414513
48 13 12.197906
48 14 11.404384
48 15 13.887690
48 16 14.533973
48 17 12.480257
48 18 12.611383
48 19 13.631131
48 20 12.037989
48 21 13.365888
48 22 11.130786
48 23 12.738671
48 24 11.897707
48 25 12.626780
48 26 14.194634
48 27 13.843587
48 28 10.988680
48 29 12.147061
48 30 11.449217
48 31 13.987264
48 32 12.623502
48 33 13.224033
48 34 12.562151
48 35 11.126502
48 36 11.836217
48 37 12.603486
48 38 13.320316
48 39 13.345714
48 40 14.552697
48 41 11.121652
48 42 12.696397
48 43 12.885913
48 44 11.807683
48 45 11.582061
48 46 11.039670
48 47 11.797507
48 49 13.312290
48 50 12.344383
49 0 13.892369
49 1 14.705650
49 2 11.600154
49 3 14.648823
49 4 11.847400
49 5 14.418954
49 6 13.041635
49 7 14.508177
49 8 12.214463
49 9 12.195130
49 10 13.112172
49 11 13.388653
49 12 14.462208
49 13 11.743548
49 14 14.782711
49 15 13.659731
49 16 12.172962
49 17 11.923328
49 18 11.776357
49 19 14.670024
49 20 12.316539
49 21 13.723222
49 22 11.216923
49 23 11.891803
49 24 13.500171
49 25 11.899001
49 26 12.944329
49 27 13.442106
49 28 11.041513
49 29 14.101782
49 30 14.479219
49 31 13.146530
49 32 11.975301
49 33 14.705925
49 34 11.272784
49 35 14.249099
49 36 11.050733
49 37 11.115539
49 38 11.710160
49 39 12.098600
49 40 14.585710
49 41 14.591533
49 42 14.502002
49 43 11.460638
49 44 12.638952
49 45 14.345719
49 46 12.270166
49 47 12.681620
49 48 13.312290
49 50 13.333509
50 0 13.436961
50 1 11.535136
50 2 11.484737
50 3 12.085475
50 4 11.165124
50 5 11.733777
50 6 14.596513
50 7 12.646071
50 8 11.625045
50 9 14.583508
50 10 11.249780
50 11 12.983466
50 12 13.569643
50 13 13.483261
50 14 11.719051
50 15 12.976473
50 16 14.715641
50 17 13.780086
50 18 13.471609
50 19 14.001878
50 20 13.238078
50 21 12.765313
50 22 11.922399
50 23 12.503386
50 24 10.958753
50 25 12.203865
50 26 12.533860
50 27 12.416214
50 28 14.179847
50 29 12.801611
50 30 12.851813
50 31 14.813187
50 32 13.475706
50 33 12.728097
50 34 13.435897
50 35 11.313148
50 36 14.596026
50 37 11.615881
50 38 13.851186
50 39 13.388349
50 40 13.941044
50 41 14.442348
50 42 12.008951
50 43 14.364123
50 44 12.999993
50 45 12.011034
50 46 14.632859
50 47 14.039869
50 48 12.344383
50 49 13.333509
