# i j vmax_ij_m_per_s; symmetric values generated with Uniform(0.7,0.95)*15.6
0 1 12.346155
0 2 13.902334
0 3 13.716632
0 4 13.665464
0 5 12.957837
0 6 11.427617
0 7 11.332136
0 8 11.181579
0 9 13.002433
0 10 14.402277
0 11 13.756842
0 12 14.256402
0 13 13.302866
0 14 13.179896
0 15 13.253240
0 16 11.394575
0 17 12.163030
0 18 12.558107
0 19 14.320348
0 20 11.584799
0 21 14.652015
0 22 14.450143
0 23 12.271962
0 24 14.021836
0 25 13.635419
0 26 11.150099
0 27 12.141042
0 28 14.234890
0 29 12.368467
0 30 11.754036
0 31 14.754015
0 32 12.416172
0 33 12.065271
0 34 14.210241
0 35 13.405113
0 36 13.263877
0 37 11.505842
0 38 12.048265
0 39 12.927021
0 40 13.192507
0 41 14.222036
0 42 12.585923
0 43 14.786699
0 44 12.066928
0 45 14.517694
0 46 12.965284
0 47 13.252369
0 48 11.105808
0 49 14.169090
0 50 13.835479
1 0 12.346155
1 2 13.499624
1 3 11.421373
1 4 11.285777
1 5 11.879991
1 6 12.871204
1 7 12.402323
1 8 14.765281
1 9 14.137372
1 10 14.193005
1 11 11.984595
1 12 12.023342
1 13 14.469796
1 14 13.032653
1 15 13.360194
1 16 11.023724
1 17 11.768880
1 18 12.294124
1 19 12.299704
1 20 11.516563
1 21 12.267987
1 22 13.022527
1 23 12.789158
1 24 12.931099
1 25 11.830719
1 26 12.156801
1 27 13.778464
1 28 12.772279
1 29 14.523601
1 30 14.379926
1 31 12.223075
1 32 14.521502
1 33 12.989875
1 34 11.479754
1 35 12.898943
1 36 12.665933
1 37 13.847728
1 38 12.497960
1 39 14.318272
1 40 13.208188
1 41 14.429899
1 42 13.222020
1 43 13.038852
1 44 12.225207
1 45 11.324926
1 46 13.948786
1 47 11.897767
1 48 13.963154
1 49 12.072880
1 50 13.909465
2 0 13.902334
2 1 13.499624
2 3 11.627404
2 4 11.591985
2 5 11.965285
2 6 12.418412
2 7 14.491249
2 8 12.934822
2 9 14.031644
2 10 14.636945
2 11 11.882226
2 12 14.550900
2 13 13.700612
2 14 11.560032
2 15 14.317694
2 16 11.381959
2 17 11.819577
2 18 13.367097
2 19 11.980952
2 20 11.536272
2 21 14.588809
2 22 11.884818
2 23 13.148839
2 24 13.125893
2 25 11.904567
2 26 14.660720
2 27 13.722827
2 28 11.947399
2 29 11.879756
2 30 14.011787
2 31 11.345245
2 32 11.895246
2 33 12.791128
2 34 13.281066
2 35 13.066353
2 36 13.227544
2 37 11.997481
2 38 13.816732
2 39 10.941754
2 40 14.148526
2 41 13.012416
2 42 13.599990
2 43 13.909173
2 44 14.364597
2 45 14.179494
2 46 11.568124
2 47 14.064881
2 48 14.500220
2 49 12.184586
2 50 12.059962
3 0 13.716632
3 1 11.421373
3 2 11.627404
3 4 12.890026
3 5 12.099993
3 6 11.136187
3 7 12.295594
3 8 14.674557
3 9 12.959776
3 10 11.078646
3 11 12.184839
3 12 14.137825
3 13 13.097423
3 14 11.514957
3 15 14.485957
3 16 11.507933
3 17 13.997642
3 18 12.197505
3 19 12.708061
3 20 13.294668
3 21 12.848286
3 22 13.838265
3 23 14.575479
3 24 14.738905
3 25 11.339235
3 26 11.035118
3 27 12.616097
3 28 11.929461
3 29 11.828702
3 30 12.880460
3 31 11.749291
3 32 12.254140
3 33 12.843601
3 34 13.263661
3 35 13.922398
3 36 11.260155
3 37 12.542193
3 38 12.097360
3 39 12.986873
3 40 14.490745
3 41 12.595005
3 42 14.233037
3 43 12.733512
3 44 11.168966
3 45 13.165777
3 46 14.753412
3 47 12.806736
3 48 14.546643
3 49 14.689258
3 50 12.632281
4 0 13.665464
4 1 11.285777
4 2 11.591985
4 3 12.890026
4 5 11.241068
4 6 14.689470
4 7 13.926064
4 8 12.699369
4 9 13.108541
4 10 11.824017
4 11 14.477001
4 12 10.960678
4 13 11.439926
4 14 12.458992
4 15 12.847906
4 16 12.811893
4 17 13.594511
4 18 11.154172
4 19 12.501468
4 20 11.000393
4 21 14.540795
4 22 11.547699
4 23 11.395563
4 24 13.619558
4 25 12.758291
4 26 10.965314
4 27 13.031121
4 28 11.852452
4 29 13.027546
4 30 10.988960
4 31 13.905645
4 32 12.565936
4 33 13.689789
4 34 11.038491
4 35 10.936270
4 36 12.912006
4 37 11.742388
4 38 11.660774
4 39 12.631421
4 40 14.735210
4 41 12.826492
4 42 11.550981
4 43 12.423730
4 44 11.769113
4 45 11.436125
4 46 14.073010
4 47 12.757191
4 48 11.217496
4 49 13.780795
4 50 13.667425
5 0 12.957837
5 1 11.879991
5 2 11.965285
5 3 12.099993
5 4 11.241068
5 6 11.367507
5 7 12.743506
5 8 12.661159
5 9 13.414303
5 10 11.746270
5 11 14.234400
5 12 13.736633
5 13 12.313579
5 14 12.583997
5 15 12.874286
5 16 11.505242
5 17 13.497720
5 18 13.464465
5 19 14.396366
5 20 14.368584
5 21 11.412961
5 22 12.119708
5 23 14.562948
5 24 14.711317
5 25 14.039393
5 26 11.090090
5 27 14.420836
5 28 12.937726
5 29 14.278067
5 30 14.418066
5 31 10.924337
5 32 13.518811
5 33 11.110824
5 34 12.131499
5 35 13.720900
5 36 14.242417
5 37 11.591734
5 38 13.420269
5 39 11.291207
5 40 12.644799
5 41 11.874202
5 42 12.960770
5 43 14.000536
5 44 11.305885
5 45 11.110154
5 46 11.171048
5 47 11.331754
5 48 14.786938
5 49 11.669397
5 50 13.474510
6 0 11.427617
6 1 12.871204
6 2 12.418412
6 3 11.136187
6 4 14.689470
6 5 11.367507
6 7 10.965893
6 8 13.666692
6 9 14.130759
6 10 14.021122
6 11 11.564032
6 12 12.827010
6 13 12.808009
6 14 13.082332
6 15 12.990558
6 16 11.541441
6 17 12.771421
6 18 11.926711
6 19 13.885059
6 20 12.392409
6 21 13.910176
6 22 13.890557
6 23 12.500353
6 24 11.541258
6 25 14.117449
6 26 13.964623
6 27 12.218295
6 28 12.151138
6 29 11.429881
6 30 11.514987
6 31 12.196871
6 32 11.452226
6 33 14.563014
6 34 13.402958
6 35 12.778455
6 36 13.575123
6 37 13.180372
6 38 11.205096
6 39 11.401828
6 40 11.689513
6 41 13.762732
6 42 12.156033
6 43 11.811043
6 44 13.828024
6 45 12.760598
6 46 12.337207
6 47 13.451475
6 48 14.009525
6 49 12.714242
6 50 13.102189
7 0 11.332136
7 1 12.402323
7 2 14.491249
7 3 12.295594
7 4 13.926064
7 5 12.743506
7 6 10.965893
7 8 14.516706
7 9 12.373158
7 10 14.331838
7 11 12.991654
7 12 13.554126
7 13 14.047367
7 14 12.144701
7 15 11.346410
7 16 12.253082
7 17 12.654248
7 18 12.111985
7 19 13.421071
7 20 11.946088
7 21 13.539450
7 22 13.994518
7 23 14.010954
7 24 11.988738
7 25 11.203483
7 26 14.437383
7 27 14.601926
7 28 11.252722
7 29 12.346007
7 30 11.715936
7 31 12.165704
7 32 11.954095
7 33 13.916387
7 34 12.217789
7 35 11.839045
7 36 12.648377
7 37 13.891184
7 38 11.505116
7 39 12.299211
7 40 10.955907
7 41 12.769429
7 42 12.198059
7 43 11.006614
7 44 14.445484
7 45 11.452507
7 46 12.731535
7 47 14.774656
7 48 11.176332
7 49 14.544405
7 50 12.718891
8 0 11.181579
8 1 14.765281
8 2 12.934822
8 3 14.674557
8 4 12.699369
8 5 12.661159
8 6 13.666692
8 7 14.516706
8 9 11.551590
8 10 12.891130
8 11 12.119180
8 12 14.421056
8 13 11.383506
8 14 11.092385
8 15 13.324097
8 16 11.537955
8 17 11.805191
8 18 12.549581
8 19 12.229902
8 20 10.930487
8 21 11.673674
8 22 12.519091
8 23 12.235427
8 24 14.079205
8 25 13.661838
8 26 11.830524
8 27 10.965715
8 28 12.788817
8 29 14.209448
8 30 13.031278
8 31 13.918818
8 32 13.508157
8 33 14.565809
8 34 13.195709
8 35 13.851911
8 36 12.473378
8 37 11.936090
8 38 14.128517
8 39 13.470911
8 40 14.229974
8 41 12.916187
8 42 13.523271
8 43 11.592259
8 44 11.606067
8 45 11.891020
8 46 14.518161
8 47 13.278843
8 48 11.451089
8 49 14.071169
8 50 14.572838
9 0 13.002433
9 1 14.137372
9 2 14.031644
9 3 12.959776
9 4 13.108541
9 5 13.414303
9 6 14.130759
9 7 12.373158
9 8 11.551590
9 10 11.108142
9 11 12.949167
9 12 13.210611
9 13 12.822603
9 14 13.056964
9 15 11.745128
9 16 13.475954
9 17 11.135293
9 18 14.303031
9 19 14.621901
9 20 12.530046
9 21 11.356556
9 22 13.270695
9 23 11.353684
9 24 11.612736
9 25 14.116579
9 26 11.977944
9 27 12.118461
9 28 12.248535
9 29 11.712363
9 30 11.938879
9 31 14.171923
9 32 13.028958
9 33 12.955689
9 34 12.685792
9 35 13.391042
9 36 13.822599
9 37 11.794602
9 38 12.950769
9 39 13.046117
9 40 11.855226
9 41 11.286489
9 42 13.481253
9 43 11.994560
9 44 11.852368
9 45 11.576813
9 46 11.614149
9 47 14.194285
9 48 11.361899
9 49 14.490454
9 50 11.569805
10 0 14.402277
10 1 14.193005
10 2 14.636945
10 3 11.078646
10 4 11.824017
10 5 11.746270
10 6 14.021122
10 7 14.331838
10 8 12.891130
10 9 11.108142
10 11 14.231340
10 12 14.299856
10 13 12.201354
10 14 13.618764
10 15 11.676591
10 16 11.570004
10 17 11.415942
10 18 14.455667
10 19 11.185773
10 20 14.591469
10 21 11.325896
10 22 11.732585
10 23 13.378157
10 24 13.573089
10 25 11.101137
10 26 12.634105
10 27 11.643724
10 28 14.587946
10 29 13.910323
10 30 14.494884
10 31 12.428470
10 32 13.810656
10 33 12.474774
10 34 13.507745
10 35 12.394358
10 36 11.856135
10 37 13.126762
10 38 14.118920
10 39 13.732938
10 40 14.601227
10 41 11.389555
10 42 13.874903
10 43 14.586322
10 44 11.069614
10 45 13.908903
10 46 13.655741
10 47 13.646777
10 48 12.245342
10 49 11.507842
10 50 14.602914
11 0 13.756842
11 1 11.984595
11 2 11.882226
11 3 12.184839
11 4 14.477001
11 5 14.234400
11 6 11.564032
11 7 12.991654
11 8 12.119180
11 9 12.949167
11 10 14.231340
11 12 11.966178
11 13 13.473437
11 14 14.499127
11 15 11.433068
11 16 12.412460
11 17 14.358617
11 18 12.431544
11 19 13.384418
11 20 13.013560
11 21 11.629408
11 22 13.384020
11 23 11.029658
11 24 14.651200
11 25 12.031849
11 26 11.154347
11 27 10.970701
11 28 14.495751
11 29 13.243447
11 30 14.034334
11 31 13.565253
11 32 14.717018
11 33 14.010298
11 34 11.117823
11 35 12.847250
11 36 10.965281
11 37 13.121174
11 38 11.077815
11 39 13.460982
11 40 11.589844
11 41 14.677138
11 42 14.636916
11 43 11.283672
11 44 13.772170
11 45 14.245812
11 46 13.924330
11 47 13.117818
11 48 12.197616
11 49 14.218705
11 50 13.925566
12 0 14.256402
12 1 12.023342
12 2 14.550900
12 3 14.137825
12 4 10.960678
12 5 13.736633
12 6 12.827010
12 7 13.554126
12 8 14.421056
12 9 13.210611
12 10 14.299856
12 11 11.966178
12 13 12.502534
12 14 13.643257
12 15 12.668004
12 16 13.691923
12 17 14.017919
12 18 14.071538
12 19 13.706474
12 20 13.382883
12 21 11.667854
12 22 11.110549
12 23 13.840649
12 24 14.595685
12 25 13.490663
12 26 13.845751
12 27 13.950651
12 28 10.952063
12 29 12.328055
12 30 13.068093
12 31 14.089239
12 32 14.725870
12 33 13.005106
12 34 14.099490
12 35 11.018482
12 36 11.618272
12 37 12.810127
12 38 11.923430
12 39 13.903605
12 40 13.458821
12 41 14.248059
12 42 14.333807
12 43 14.145106
12 44 12.133778
12 45 14.812547
12 46 13.055139
12 47 11.836041
12 48 12.382422
12 49 14.610292
12 50 12.087404
13 0 13.302866
13 1 14.469796
13 2 13.700612
13 3 13.097423
13 4 11.439926
13 5 12.313579
13 6 12.808009
13 7 14.047367
13 8 11.383506
13 9 12.822603
13 10 12.201354
13 11 13.473437
13 12 12.502534
13 14 11.311000
13 15 11.918352
13 16 13.992051
13 17 12.091141
13 18 12.292718
13 19 14.180770
13 20 14.148963
13 21 14.172373
13 22 14.784206
13 23 14.418508
13 24 11.503192
13 25 12.696304
13 26 12.000441
13 27 11.760077
13 28 10.924127
13 29 12.884379
13 30 14.462002
13 31 11.821110
13 32 13.225484
13 33 11.035906
13 34 11.101406
13 35 11.788131
13 36 14.002224
13 37 13.643831
13 38 13.305548
13 39 11.594758
13 40 13.817379
13 41 13.540160
13 42 11.522708
13 43 11.384656
13 44 14.769171
13 45 14.309373
13 46 12.442317
13 47 13.484282
13 48 14.146234
13 49 14.017198
13 50 13.598926
14 0 13.179896
14 1 13.032653
14 2 11.560032
14 3 11.514957
14 4 12.458992
14 5 12.583997
14 6 13.082332
14 7 12.144701
14 8 11.092385
14 9 13.056964
14 10 13.618764
14 11 14.499127
14 12 13.643257
14 13 11.311000
14 15 13.675270
14 16 14.052653
14 17 14.565334
14 18 10.969830
14 19 12.900984
14 20 11.895276
14 21 13.634110
14 22 14.564652
14 23 11.204544
14 24 12.368746
14 25 12.435483
14 26 13.142892
14 27 11.351336
14 28 13.365897
14 29 14.664237
14 30 12.478197
14 31 14.180532
14 32 14.104650
14 33 12.830897
14 34 14.246200
14 35 11.953709
14 36 11.247222
14 37 11.384518
14 38 13.747432
14 39 14.420955
14 40 12.006558
14 41 12.555630
14 42 14.101958
14 43 13.581644
14 44 12.965151
14 45 13.484810
14 46 14.686909
14 47 13.182473
14 48 13.358290
14 49 11.250163
14 50 11.901481
15 0 13.253240
15 1 13.360194
15 2 14.317694
15 3 14.485957
15 4 12.847906
15 5 12.874286
15 6 12.990558
15 7 11.346410
15 8 13.324097
15 9 11.745128
15 10 11.676591
15 11 11.433068
15 12 12.668004
15 13 11.918352
15 14 13.675270
15 16 11.508279
15 17 14.042649
15 18 13.678454
15 19 12.809635
15 20 12.861868
15 21 11.347495
15 22 13.761287
15 23 12.309343
15 24 11.349430
15 25 11.350391
15 26 12.351902
15 27 11.158507
15 28 11.925831
15 29 14.387003
15 30 11.986668
15 31 10.986764
15 32 13.892651
15 33 14.156779
15 34 12.009031
15 35 12.524764
15 36 12.966777
15 37 12.486657
15 38 11.899709
15 39 13.876706
15 40 11.378160
15 41 14.252855
15 42 12.899993
15 43 13.012733
15 44 11.172565
15 45 10.959577
15 46 13.219039
15 47 11.295599
15 48 13.071704
15 49 11.275732
15 50 12.901035
16 0 11.394575
16 1 11.023724
16 2 11.381959
16 3 11.507933
16 4 12.811893
16 5 11.505242
16 6 11.541441
16 7 12.253082
16 8 11.537955
16 9 13.475954
16 10 11.570004
16 11 12.412460
16 12 13.691923
16 13 13.992051
16 14 14.052653
16 15 11.508279
16 17 12.693536
16 18 12.455965
16 19 14.040963
16 20 11.595354
16 21 12.829162
16 22 13.495657
16 23 12.260491
16 24 12.577072
16 25 12.885134
16 26 11.888940
16 27 14.731394
16 28 11.540541
16 29 12.581446
16 30 13.070068
16 31 12.683781
16 32 12.739681
16 33 13.808135
16 34 12.423124
16 35 14.317044
16 36 13.429564
16 37 13.866927
16 38 12.917778
16 39 12.358828
16 40 14.117182
16 41 13.622374
16 42 12.490465
16 43 14.180314
16 44 14.794113
16 45 12.864995
16 46 12.872643
16 47 14.419391
16 48 13.098418
16 49 14.440864
16 50 12.297434
17 0 12.163030
17 1 11.768880
17 2 11.819577
17 3 13.997642
17 4 13.594511
17 5 13.497720
17 6 12.771421
17 7 12.654248
17 8 11.805191
17 9 11.135293
17 10 11.415942
17 11 14.358617
17 12 14.017919
17 13 12.091141
17 14 14.565334
17 15 14.042649
17 16 12.693536
17 18 11.887251
17 19 12.749083
17 20 13.225676
17 21 13.285180
17 22 14.407998
17 23 11.781438
17 24 11.245530
17 25 13.645407
17 26 11.041089
17 27 13.965920
17 28 11.914294
17 29 12.465806
17 30 11.666727
17 31 13.310139
17 32 12.269038
17 33 12.155700
17 34 14.673663
17 35 11.640549
17 36 11.434354
17 37 12.215752
17 38 11.549490
17 39 13.250362
17 40 11.108427
17 41 11.066612
17 42 13.689419
17 43 13.399875
17 44 14.508649
17 45 12.011775
17 46 11.210269
17 47 14.282614
17 48 13.326345
17 49 13.974196
17 50 12.954250
18 0 12.558107
18 1 12.294124
18 2 13.367097
18 3 12.197505
18 4 11.154172
18 5 13.464465
18 6 11.926711
18 7 12.111985
18 8 12.549581
18 9 14.303031
18 10 14.455667
18 11 12.431544
18 12 14.071538
18 13 12.292718
18 14 10.969830
18 15 13.678454
18 16 12.455965
18 17 11.887251
18 19 12.654505
18 20 14.691549
18 21 11.098617
18 22 12.154537
18 23 13.630783
18 24 11.530578
18 25 13.160926
18 26 11.967780
18 27 11.740273
18 28 14.375502
18 29 14.271707
18 30 14.283293
18 31 14.527622
18 32 12.452001
18 33 13.134610
18 34 12.568784
18 35 12.332689
18 36 14.617417
18 37 11.509782
18 38 12.169308
18 39 13.540862
18 40 11.257886
18 41 11.982435
18 42 13.467801
18 43 14.056279
18 44 14.044084
18 45 11.333097
18 46 13.690394
18 47 12.115707
18 48 13.623871
18 49 13.859395
18 50 11.265707
19 0 14.320348
19 1 12.299704
19 2 11.980952
19 3 12.708061
19 4 12.501468
19 5 14.396366
19 6 13.885059
19 7 13.421071
19 8 12.229902
19 9 14.621901
19 10 11.185773
19 11 13.384418
19 12 13.706474
19 13 14.180770
19 14 12.900984
19 15 12.809635
19 16 14.040963
19 17 12.749083
19 18 12.654505
19 20 12.456973
19 21 11.488847
19 22 14.778430
19 23 14.518990
19 24 14.818513
19 25 12.863977
19 26 12.318148
19 27 13.567675
19 28 14.455835
19 29 12.085510
19 30 11.239281
19 31 13.785858
19 32 14.331110
19 33 11.775455
19 34 12.460871
19 35 12.348680
19 36 13.478067
19 37 11.023523
19 38 13.078744
19 39 11.204910
19 40 13.902716
19 41 11.769850
19 42 13.663985
19 43 13.407175
19 44 14.262572
19 45 13.611296
19 46 14.293085
19 47 12.610140
19 48 12.499587
19 49 14.599140
19 50 12.814798
20 0 11.584799
20 1 11.516563
20 2 11.536272
20 3 13.294668
20 4 11.000393
20 5 14.368584
20 6 12.392409
20 7 11.946088
20 8 10.930487
20 9 12.530046
20 10 14.591469
20 11 13.013560
20 12 13.382883
20 13 14.148963
20 14 11.895276
20 15 12.861868
20 16 11.595354
20 17 13.225676
20 18 14.691549
20 19 12.456973
20 21 12.427407
20 22 11.432500
20 23 14.417838
20 24 12.184184
20 25 13.861116
20 26 12.929975
20 27 11.727578
20 28 11.947958
20 29 13.039198
20 30 13.045252
20 31 12.206656
20 32 13.708716
20 33 12.648609
20 34 12.686847
20 35 13.619829
20 36 11.287367
20 37 12.333070
20 38 11.815722
20 39 12.201597
20 40 14.074554
20 41 14.354049
20 42 13.890021
20 43 11.581885
20 44 14.349206
20 45 12.159813
20 46 12.714432
20 47 12.689096
20 48 11.703483
20 49 10.974787
20 50 13.241213
21 0 14.652015
21 1 12.267987
21 2 14.588809
21 3 12.848286
21 4 14.540795
21 5 11.412961
21 6 13.910176
21 7 13.539450
21 8 11.673674
21 9 11.356556
21 10 11.325896
21 11 11.629408
21 12 11.667854
21 13 14.172373
21 14 13.634110
21 15 11.347495
21 16 12.829162
21 17 13.285180
21 18 11.098617
21 19 11.488847
21 20 12.427407
21 22 12.095701
21 23 13.753018
21 24 13.216615
21 25 12.304420
21 26 12.065078
21 27 11.135679
21 28 11.044647
21 29 12.899510
21 30 13.858951
21 31 13.049425
21 32 11.765354
21 33 11.593089
21 34 14.464686
21 35 11.350590
21 36 13.252249
21 37 11.275985
21 38 14.282249
21 39 12.626190
21 40 12.955964
21 41 11.872599
21 42 11.571142
21 43 14.713247
21 44 13.674754
21 45 12.007352
21 46 11.088393
21 47 11.530398
21 48 14.249552
21 49 13.556394
21 50 13.610994
22 0 14.450143
22 1 13.022527
22 2 11.884818
22 3 13.838265
22 4 11.547699
22 5 12.119708
22 6 13.890557
22 7 13.994518
22 8 12.519091
22 9 13.270695
22 10 11.732585
22 11 13.384020
22 12 11.110549
22 13 14.784206
22 14 14.564652
22 15 13.761287
22 16 13.495657
22 17 14.407998
22 18 12.154537
22 19 14.778430
22 20 11.432500
22 21 12.095701
22 23 14.413995
22 24 14.632310
22 25 12.728687
22 26 11.610219
22 27 13.512349
22 28 12.796887
22 29 11.013727
22 30 13.758175
22 31 13.961199
22 32 13.097711
22 33 12.780106
22 34 14.591281
22 35 11.365484
22 36 14.092815
22 37 12.316246
22 38 12.690228
22 39 14.465879
22 40 11.958683
22 41 12.256550
22 42 11.131123
22 43 14.013894
22 44 12.346370
22 45 13.946283
22 46 12.749505
22 47 12.352554
22 48 11.621216
22 49 12.024260
22 50 11.511244
23 0 12.271962
23 1 12.789158
23 2 13.148839
23 3 14.575479
23 4 11.395563
23 5 14.562948
23 6 12.500353
23 7 14.010954
23 8 12.235427
23 9 11.353684
23 10 13.378157
23 11 11.029658
23 12 13.840649
23 13 14.418508
23 14 11.204544
23 15 12.309343
23 16 12.260491
23 17 11.781438
23 18 13.630783
23 19 14.518990
23 20 14.417838
23 21 13.753018
23 22 14.413995
23 24 10.990795
23 25 11.202483
23 26 11.085353
23 27 13.479048
23 28 13.926880
23 29 13.025906
23 30 12.981643
23 31 14.389772
23 32 13.411771
23 33 11.216955
23 34 13.495480
23 35 12.930937
23 36 14.158317
23 37 12.374290
23 38 14.771715
23 39 13.090990
23 40 11.011429
23 41 13.099642
23 42 11.666123
23 43 13.362121
23 44 13.991581
23 45 14.381717
23 46 11.777121
23 47 12.285849
23 48 13.820479
23 49 11.794297
23 50 14.685196
24 0 14.021836
24 1 12.931099
24 2 13.125893
24 3 14.738905
24 4 13.619558
24 5 14.711317
24 6 11.541258
24 7 11.988738
24 8 14.079205
24 9 11.612736
24 10 13.573089
24 11 14.651200
24 12 14.595685
24 13 11.503192
24 14 12.368746
24 15 11.349430
24 16 12.577072
24 17 11.245530
24 18 11.530578
24 19 14.818513
24 20 12.184184
24 21 13.216615
24 22 14.632310
24 23 10.990795
24 25 12.129788
24 26 14.018409
24 27 14.008796
24 28 13.400579
24 29 13.909863
24 30 14.493413
24 31 11.021521
24 32 13.214285
24 33 13.941794
24 34 13.947402
24 35 11.904990
24 36 13.114388
24 37 14.689770
24 38 14.655256
24 39 12.132505
24 40 11.778908
24 41 11.379078
24 42 11.439168
24 43 12.480881
24 44 13.201125
24 45 11.623892
24 46 12.321318
24 47 13.630019
24 48 14.164216
24 49 13.936262
24 50 13.890009
25 0 13.635419
25 1 11.830719
25 2 11.904567
25 3 11.339235
25 4 12.758291
25 5 14.039393
25 6 14.117449
25 7 11.203483
25 8 13.661838
25 9 14.116579
25 10 11.101137
25 11 12.031849
25 12 13.490663
25 13 12.696304
25 14 12.435483
25 15 11.350391
25 16 12.885134
25 17 13.645407
25 18 13.160926
25 19 12.863977
25 20 13.861116
25 21 12.304420
25 22 12.728687
25 23 11.202483
25 24 12.129788
25 26 13.335051
25 27 13.305518
25 28 11.883498
25 29 14.767777
25 30 13.996086
25 31 12.214858
25 32 12.468750
25 33 13.940603
25 34 11.586531
25 35 13.601965
25 36 14.480207
25 37 12.256719
25 38 13.131333
25 39 12.816835
25 40 11.922578
25 41 14.776721
25 42 11.459379
25 43 12.616670
25 44 14.694892
25 45 12.878131
25 46 12.736587
25 47 11.652996
25 48 12.491592
25 49 14.754873
25 50 14.467429
26 0 11.150099
26 1 12.156801
26 2 14.660720
26 3 11.035118
26 4 10.965314
26 5 11.090090
26 6 13.964623
26 7 14.437383
26 8 11.830524
26 9 11.977944
26 10 12.634105
26 11 11.154347
26 12 13.845751
26 13 12.000441
26 14 13.142892
26 15 12.351902
26 16 11.888940
26 17 11.041089
26 18 11.967780
26 19 12.318148
26 20 12.929975
26 21 12.065078
26 22 11.610219
26 23 11.085353
26 24 14.018409
26 25 13.335051
26 27 12.335487
26 28 12.530644
26 29 11.472588
26 30 11.708093
26 31 14.425151
26 32 12.353677
26 33 13.680208
26 34 11.894432
26 35 11.059444
26 36 11.525215
26 37 11.678210
26 38 13.259247
26 39 11.440700
26 40 14.781208
26 41 12.203057
26 42 13.905435
26 43 11.230975
26 44 14.801908
26 45 11.176287
26 46 12.636659
26 47 13.182187
26 48 14.759939
26 49 13.748601
26 50 13.223552
27 0 12.141042
27 1 13.778464
27 2 13.722827
27 3 12.616097
27 4 13.031121
27 5 14.420836
27 6 12.218295
27 7 14.601926
27 8 10.965715
27 9 12.118461
27 10 11.643724
27 11 10.970701
27 12 13.950651
27 13 11.760077
27 14 11.351336
27 15 11.158507
27 16 14.731394
27 17 13.965920
27 18 11.740273
27 19 13.567675
27 20 11.727578
27 21 11.135679
27 22 13.512349
27 23 13.479048
27 24 14.008796
27 25 13.305518
27 26 12.335487
27 28 12.891067
27 29 14.632381
27 30 11.405861
27 31 13.763659
27 32 11.570987
27 33 13.086483
27 34 13.243629
27 35 13.339648
27 36 12.704819
27 37 12.279004
27 38 12.135959
27 39 14.398524
27 40 13.274365
27 41 11.863960
27 42 12.598244
27 43 14.432767
27 44 12.981996
27 45 12.112443
27 46 11.372486
27 47 11.038585
27 48 13.798429
27 49 11.253665
27 50 11.348688
28 0 14.234890
28 1 12.772279
28 2 11.947399
28 3 11.929461
28 4 11.852452
28 5 12.937726
28 6 12.151138
28 7 11.252722
28 8 12.788817
28 9 12.248535
28 10 14.587946
28 11 14.495751
28 12 10.952063
28 13 10.924127
28 14 13.365897
28 15 11.925831
28 16 11.540541
28 17 11.914294
28 18 14.375502
28 19 14.455835
28 20 11.947958
28 21 11.044647
28 22 12.796887
28 23 13.926880
28 24 13.400579
28 25 11.883498
28 26 12.530644
28 27 12.891067
28 29 14.351206
28 30 14.522736
28 31 11.021145
28 32 11.376786
28 33 12.614192
28 34 14.566377
28 35 12.426577
28 36 14.253249
28 37 14.474389
28 38 14.585119
28 39 13.146144
28 40 13.762577
28 41 14.632614
28 42 14.424642
28 43 14.393948
28 44 14.466457
28 45 14.514745
28 46 13.900012
28 47 14.342853
28 48 11.353455
28 49 14.037850
28 50 14.700209
29 0 12.368467
29 1 14.523601
29 2 11.879756
29 3 11.828702
29 4 13.027546
29 5 14.278067
29 6 11.429881
29 7 12.346007
29 8 14.209448
29 9 11.712363
29 10 13.910323
29 11 13.243447
29 12 12.328055
29 13 12.884379
29 14 14.664237
29 15 14.387003
29 16 12.581446
29 17 12.465806
29 18 14.271707
29 19 12.085510
29 20 13.039198
29 21 12.899510
29 22 11.013727
29 23 13.025906
29 24 13.909863
29 25 14.767777
29 26 11.472588
29 27 14.632381
29 28 14.351206
29 30 11.295525
29 31 14.394260
29 32 11.119763
29 33 10.962404
29 34 11.639545
29 35 14.158406
29 36 12.563661
29 37 11.506595
29 38 12.370818
29 39 14.476100
29 40 11.235718
29 41 11.947278
29 42 12.951531
29 43 13.726429
29 44 12.482894
29 45 14.244208
29 46 13.326040
29 47 13.805497
29 48 12.660418
29 49 14.222170
29 50 14.654263
30 0 11.754036
30 1 14.379926
30 2 14.011787
30 3 12.880460
30 4 10.988960
30 5 14.418066
30 6 11.514987
30 7 11.715936
30 8 13.031278
30 9 11.938879
30 10 14.494884
30 11 14.034334
30 12 13.068093
30 13 14.462002
30 14 12.478197
30 15 11.986668
30 16 13.070068
30 17 11.666727
30 18 14.283293
30 19 11.239281
30 20 13.045252
30 21 13.858951
30 22 13.758175
30 23 12.981643
30 24 14.493413
30 25 13.996086
30 26 11.708093
30 27 11.405861
30 28 14.522736
30 29 11.295525
30 31 11.087839
30 32 14.269508
30 33 14.121662
30 34 12.453854
30 35 11.028090
30 36 11.108122
30 37 10.981779
30 38 14.229161
30 39 14.599895
30 40 11.576138
30 41 12.522941
30 42 13.398011
30 43 13.581560
30 44 14.703992
30 45 13.264387
30 46 14.608045
30 47 12.592294
30 48 11.981091
30 49 13.913180
30 50 12.875498
31 0 14.754015
31 1 12.223075
31 2 11.345245
31 3 11.749291
31 4 13.905645
31 5 10.924337
31 6 12.196871
31 7 12.165704
31 8 13.918818
31 9 14.171923
31 10 12.428470
31 11 13.565253
31 12 14.089239
31 13 11.821110
31 14 14.180532
31 15 10.986764
31 16 12.683781
31 17 13.310139
31 18 14.527622
31 19 13.785858
31 20 12.206656
31 21 13.049425
31 22 13.961199
31 23 14.389772
31 24 11.021521
31 25 12.214858
31 26 14.425151
31 27 13.763659
31 28 11.021145
31 29 14.394260
31 30 11.087839
31 32 14.706512
31 33 12.487078
31 34 14.429248
31 35 14.683528
31 36 11.115517
31 37 12.368244
31 38 13.494275
31 39 12.234382
31 40 14.306881
31 41 12.188394
31 42 11.529477
31 43 11.944345
31 44 12.385481
31 45 13.881920
31 46 13.386546
31 47 13.103375
31 48 14.024314
31 49 10.948073
31 50 12.151049
32 0 12.416172
32 1 14.521502
32 2 11.895246
32 3 12.254140
32 4 12.565936
32 5 13.518811
32 6 11.452226
32 7 11.954095
32 8 13.508157
32 9 13.028958
32 10 13.810656
32 11 14.717018
32 12 14.725870
32 13 13.225484
32 14 14.104650
32 15 13.892651
32 16 12.739681
32 17 12.269038
32 18 12.452001
32 19 14.331110
32 20 13.708716
32 21 11.765354
32 22 13.097711
32 23 13.411771
32 24 13.214285
32 25 12.468750
32 26 12.353677
32 27 11.570987
32 28 11.376786
32 29 11.119763
32 30 14.269508
32 31 14.706512
32 33 11.708964
32 34 14.116220
32 35 12.337097
32 36 13.675605
32 37 12.040796
32 38 11.742671
32 39 11.731685
32 40 12.248669
32 41 12.112810
32 42 10.975034
32 43 14.382292
32 44 11.879109
32 45 14.183898
32 46 11.977052
32 47 14.075404
32 48 13.462193
32 49 11.126682
32 50 14.087918
33 0 12.065271
33 1 12.989875
33 2 12.791128
33 3 12.843601
33 4 13.689789
33 5 11.110824
33 6 14.563014
33 7 13.916387
33 8 14.565809
33 9 12.955689
33 10 12.474774
33 11 14.010298
33 12 13.005106
33 13 11.035906
33 14 12.830897
33 15 14.156779
33 16 13.808135
33 17 12.155700
33 18 13.134610
33 19 11.775455
33 20 12.648609
33 21 11.593089
33 22 12.780106
33 23 11.216955
33 24 13.941794
33 25 13.940603
33 26 13.680208
33 27 13.086483
33 28 12.614192
33 29 10.962404
33 30 14.121662
33 31 12.487078
33 32 11.708964
33 34 12.790585
33 35 13.028182
33 36 12.594540
33 37 12.362270
33 38 14.140699
33 39 13.717755
33 40 13.002723
33 41 13.367938
33 42 11.136176
33 43 14.471223
33 44 14.720906
33 45 13.334992
33 46 12.869642
33 47 12.926757
33 48 14.258911
33 49 11.605682
33 50 13.337327
34 0 14.210241
34 1 11.479754
34 2 13.281066
34 3 13.263661
34 4 11.038491
34 5 12.131499
34 6 13.402958
34 7 12.217789
34 8 13.195709
34 9 12.685792
34 10 13.507745
34 11 11.117823
34 12 14.099490
34 13 11.101406
34 14 14.246200
34 15 12.009031
34 16 12.423124
34 17 14.673663
34 18 12.568784
34 19 12.460871
34 20 12.686847
34 21 14.464686
34 22 14.591281
34 23 13.495480
34 24 13.947402
34 25 11.586531
34 26 11.894432
34 27 13.243629
34 28 14.566377
34 29 11.639545
34 30 12.453854
34 31 14.429248
34 32 14.116220
34 33 12.790585
34 35 13.293256
34 36 14.175133
34 37 13.815009
34 38 14.776852
34 39 12.897211
34 40 12.937400
34 41 13.288521
34 42 14.764515
34 43 13.831425
34 44 14.391750
34 45 12.807173
34 46 11.707921
34 47 14.549978
34 48 14.475708
34 49 12.217973
34 50 11.526550
35 0 13.405113
35 1 12.898943
35 2 13.066353
35 3 13.922398
35 4 10.936270
35 5 13.720900
35 6 12.778455
35 7 11.839045
35 8 13.851911
35 9 13.391042
35 10 12.394358
35 11 12.847250
35 12 11.018482
35 13 11.788131
35 14 11.953709
35 15 12.524764
35 16 14.317044
35 17 11.640549
35 18 12.332689
35 19 12.348680
35 20 13.619829
35 21 11.350590
35 22 11.365484
35 23 12.930937
35 24 11.904990
35 25 13.601965
35 26 11.059444
35 27 13.339648
35 28 12.426577
35 29 14.158406
35 30 11.028090
35 31 14.683528
35 32 12.337097
35 33 13.028182
35 34 13.293256
35 36 14.463412
35 37 13.330348
35 38 12.633302
35 39 11.966407
35 40 12.813930
35 41 11.797172
35 42 13.938472
35 43 13.442233
35 44 12.517019
35 45 12.664172
35 46 12.443175
35 47 14.567519
35 48 14.340132
35 49 11.536551
35 50 14.330192
36 0 13.263877
36 1 12.665933
36 2 13.227544
36 3 11.260155
36 4 12.912006
36 5 14.242417
36 6 13.575123
36 7 12.648377
36 8 12.473378
36 9 13.822599
36 10 11.856135
36 11 10.965281
36 12 11.618272
36 13 14.002224
36 14 11.247222
36 15 12.966777
36 16 13.429564
36 17 11.434354
36 18 14.617417
36 19 13.478067
36 20 11.287367
36 21 13.252249
36 22 14.092815
36 23 14.158317
36 24 13.114388
36 25 14.480207
36 26 11.525215
36 27 12.704819
36 28 14.253249
36 29 12.563661
36 30 11.108122
36 31 11.115517
36 32 13.675605
36 33 12.594540
36 34 14.175133
36 35 14.463412
36 37 11.373271
36 38 14.125629
36 39 14.205738
36 40 13.146405
36 41 12.364156
36 42 11.561806
36 43 11.045204
36 44 13.009851
36 45 11.083669
36 46 11.495652
36 47 11.485098
36 48 12.865924
36 49 12.456700
36 50 12.068065
37 0 11.505842
37 1 13.847728
37 2 11.997481
37 3 12.542193
37 4 11.742388
37 5 11.591734
37 6 13.180372
37 7 13.891184
37 8 11.936090
37 9 11.794602
37 10 13.126762
37 11 13.121174
37 12 12.810127
37 13 13.643831
37 14 11.384518
37 15 12.486657
37 16 13.866927
37 17 12.215752
37 18 11.509782
37 19 11.023523
37 20 12.333070
37 21 11.275985
37 22 12.316246
37 23 12.374290
37 24 14.689770
37 25 12.256719
37 26 11.678210
37 27 12.279004
37 28 14.474389
37 29 11.506595
37 30 10.981779
37 31 12.368244
37 32 12.040796
37 33 12.362270
37 34 13.815009
37 35 13.330348
37 36 11.373271
37 38 12.516103
37 39 13.473178
37 40 14.514344
37 41 11.110009
37 42 13.790320
37 43 12.001292
37 44 11.191651
37 45 11.420277
37 46 12.756407
37 47 13.910933
37 48 12.290202
37 49 13.772008
37 50 11.253997
38 0 12.048265
38 1 12.497960
38 2 13.816732
38 3 12.097360
38 4 11.660774
38 5 13.420269
38 6 11.205096
38 7 11.505116
38 8 14.128517
38 9 12.950769
38 10 14.118920
38 11 11.077815
38 12 11.923430
38 13 13.305548
38 14 13.747432
38 15 11.899709
38 16 12.917778
38 17 11.549490
38 18 12.169308
38 19 13.078744
38 20 11.815722
38 21 14.282249
38 22 12.690228
38 23 14.771715
38 24 14.655256
38 25 13.131333
38 26 13.259247
38 27 12.135959
38 28 14.585119
38 29 12.370818
38 30 14.229161
38 31 13.494275
38 32 11.742671
38 33 14.140699
38 34 14.776852
38 35 12.633302
38 36 14.125629
38 37 12.516103
38 39 11.491058
38 40 10.963690
38 41 13.613040
38 42 13.493826
38 43 11.077448
38 44 13.149178
38 45 13.843657
38 46 12.556186
38 47 12.461108
38 48 11.741115
38 49 12.825965
38 50 11.155068
39 0 12.927021
39 1 14.318272
39 2 10.941754
39 3 12.986873
39 4 12.631421
39 5 11.291207
39 6 11.401828
39 7 12.299211
39 8 13.470911
39 9 13.046117
39 10 13.732938
39 11 13.460982
39 12 13.903605
39 13 11.594758
39 14 14.420955
39 15 13.876706
39 16 12.358828
39 17 13.250362
39 18 13.540862
39 19 11.204910
39 20 12.201597
39 21 12.626190
39 22 14.465879
39 23 13.090990
39 24 12.132505
39 25 12.816835
39 26 11.440700
39 27 14.398524
39 28 13.146144
39 29 14.476100
39 30 14.599895
39 31 12.234382
39 32 11.731685
39 33 13.717755
39 34 12.897211
39 35 11.966407
39 36 14.205738
39 37 13.473178
39 38 11.491058
39 40 11.424723
39 41 12.170411
39 42 11.655508
39 43 13.565423
39 44 14.070113
39 45 12.134339
39 46 13.146149
39 47 13.430230
39 48 14.453471
39 49 14.806965
39 50 14.648599
40 0 13.192507
40 1 13.208188
40 2 14.148526
40 3 14.490745
40 4 14.735210
40 5 12.644799
40 6 11.689513
40 7 10.955907
40 8 14.229974
40 9 11.855226
40 10 14.601227
40 11 11.589844
40 12 13.458821
40 13 13.817379
40 14 12.006558
40 15 11.378160
40 16 14.117182
40 17 11.108427
40 18 11.257886
40 19 13.902716
40 20 14.074554
40 21 12.955964
40 22 11.958683
40 23 11.011429
40 24 11.778908
40 25 11.922578
40 26 14.781208
40 27 13.274365
40 28 13.762577
40 29 11.235718
40 30 11.576138
40 31 14.306881
40 32 12.248669
40 33 13.002723
40 34 12.937400
40 35 12.813930
40 36 13.146405
40 37 14.514344
40 38 10.963690
40 39 11.424723
40 41 14.061519
40 42 11.420625
40 43 11.788278
40 44 13.139355
40 45 13.554298
40 46 14.530352
40 47 13.892981
40 48 12.091948
40 49 13.284944
40 50 13.988449
41 0 14.222036
41 1 14.429899
41 2 13.012416
41 3 12.595005
41 4 12.826492
41 5 11.874202
41 6 13.762732
41 7 12.769429
41 8 12.916187
41 9 11.286489
41 10 11.389555
41 11 14.677138
41 12 14.248059
41 13 13.540160
41 14 12.555630
41 15 14.252855
41 16 13.622374
41 17 11.066612
41 18 11.982435
41 19 11.769850
41 20 14.354049
41 21 11.872599
41 22 12.256550
41 23 13.099642
41 24 11.379078
41 25 14.776721
41 26 12.203057
41 27 11.863960
41 28 14.632614
41 29 11.947278
41 30 12.522941
41 31 12.188394
41 32 12.112810
41 33 13.367938
41 34 13.288521
41 35 11.797172
41 36 12.364156
41 37 11.110009
41 38 13.613040
41 39 12.170411
41 40 14.061519
41 42 11.842853
41 43 14.661508
41 44 13.568395
41 45 13.486449
41 46 11.490865
41 47 11.741616
41 48 11.100801
41 49 13.266830
41 50 11.104422
42 0 12.585923
42 1 13.222020
42 2 13.599990
42 3 14.233037
42 4 11.550981
42 5 12.960770
42 6 12.156033
42 7 12.198059
42 8 13.523271
42 9 13.481253
42 10 13.874903
42 11 14.636916
42 12 14.333807
42 13 11.522708
42 14 14.101958
42 15 12.899993
42 16 12.490465
42 17 13.689419
42 18 13.467801
42 19 13.663985
42 20 13.890021
42 21 11.571142
42 22 11.131123
42 23 11.666123
42 24 11.439168
42 25 11.459379
42 26 13.905435
42 27 12.598244
42 28 14.424642
42 29 12.951531
42 30 13.398011
42 31 11.529477
42 32 10.975034
42 33 11.136176
42 34 14.764515
42 35 13.938472
42 36 11.561806
42 37 13.790320
42 38 13.493826
42 39 11.655508
42 40 11.420625
42 41 11.842853
42 43 12.669463
42 44 12.512503
42 45 14.753907
42 46 14.119648
42 47 14.508328
42 48 12.428323
42 49 11.715799
42 50 11.977934
43 0 14.786699
43 1 13.038852
43 2 13.909173
43 3 12.733512
43 4 12.423730
43 5 14.000536
43 6 11.811043
43 7 11.006614
43 8 11.592259
43 9 11.994560
43 10 14.586322
43 11 11.283672
43 12 14.145106
43 13 11.384656
43 14 13.581644
43 15 13.012733
43 16 14.180314
43 17 13.399875
43 18 14.056279
43 19 13.407175
43 20 11.581885
43 21 14.713247
43 22 14.013894
43 23 13.362121
43 24 12.480881
43 25 12.616670
43 26 11.230975
43 27 14.432767
43 28 14.393948
43 29 13.726429
43 30 13.581560
43 31 11.944345
43 32 14.382292
43 33 14.471223
43 34 13.831425
43 35 13.442233
43 36 11.045204
43 37 12.001292
43 38 11.077448
43 39 13.565423
43 40 11.788278
43 41 14.661508
43 42 12.669463
43 44 13.325578
43 45 10.957424
43 46 13.385118
43 47 12.210904
43 48 11.457671
43 49 11.564632
43 50 11.085666
44 0 12.066928
44 1 12.225207
44 2 14.364597
44 3 11.168966
44 4 11.769113
44 5 11.305885
44 6 13.828024
44 7 14.445484
44 8 11.606067
44 9 11.852368
44 10 11.069614
44 11 13.772170
44 12 12.133778
44 13 14.769171
44 14 12.965151
44 15 11.172565
44 16 14.794113
44 17 14.508649
44 18 14.044084
44 19 14.262572
44 20 14.349206
44 21 13.674754
44 22 12.346370
44 23 13.991581
44 24 13.201125
44 25 14.694892
44 26 14.801908
44 27 12.981996
44 28 14.466457
44 29 12.482894
44 30 14.703992
44 31 12.385481
44 32 11.879109
44 33 14.720906
44 34 14.391750
44 35 12.517019
44 36 13.009851
44 37 11.191651
44 38 13.149178
44 39 14.070113
44 40 13.139355
44 41 13.568395
44 42 12.512503
44 43 13.325578
44 45 13.641416
44 46 13.130177
44 47 13.538262
44 48 13.000736
44 49 12.324935
44 50 12.043066
45 0 14.517694
45 1 11.324926
45 2 14.179494
45 3 13.165777
45 4 11.436125
45 5 11.110154
45 6 12.760598
45 7 11.452507
45 8 11.891020
45 9 11.576813
45 10 13.908903
45 11 14.245812
45 12 14.812547
45 13 14.309373
45 14 13.484810
45 15 10.959577
45 16 12.864995
45 17 12.011775
45 18 11.333097
45 19 13.611296
45 20 12.159813
45 21 12.007352
45 22 13.946283
45 23 14.381717
45 24 11.623892
45 25 12.878131
45 26 11.176287
45 27 12.112443
45 28 14.514745
45 29 14.244208
45 30 13.264387
45 31 13.881920
45 32 14.183898
45 33 13.334992
45 34 12.807173
45 35 12.664172
45 36 11.083669
45 37 11.420277
45 38 13.843657
45 39 12.134339
45 40 13.554298
45 41 13.486449
45 42 14.753907
45 43 10.957424
45 44 13.641416
45 46 14.770539
45 47 13.003811
45 48 13.312382
45 49 13.208055
45 50 13.554083
46 0 12.965284
46 1 13.948786
46 2 11.568124
46 3 14.753412
46 4 14.073010
46 5 11.171048
46 6 12.337207
46 7 12.731535
46 8 14.518161
46 9 11.614149
46 10 13.655741
46 11 13.924330
46 12 13.055139
46 13 12.442317
46 14 14.686909
46 15 13.219039
46 16 12.872643
46 17 11.210269
46 18 13.690394
46 19 14.293085
46 20 12.714432
46 21 11.088393
46 22 12.749505
46 23 11.777121
46 24 12.321318
46 25 12.736587
46 26 12.636659
46 27 11.372486
46 28 13.900012
46 29 13.326040
46 30 14.608045
46 31 13.386546
46 32 11.977052
46 33 12.869642
46 34 11.707921
46 35 12.443175
46 36 11.495652
46 37 12.756407
46 38 12.556186
46 39 13.146149
46 40 14.530352
46 41 11.490865
46 42 14.119648
46 43 13.385118
46 44 13.130177
46 45 14.770539
46 47 13.680826
46 48 13.839761
46 49 14.408899
46 50 11.189576
47 0 13.252369
47 1 11.897767
47 2 14.064881
47 3 12.806736
47 4 12.757191
47 5 11.331754
47 6 13.451475
47 7 14.774656
47 8 13.278843
47 9 14.194285
47 10 13.646777
47 11 13.117818
47 12 11.836041
47 13 13.484282
47 14 13.182473
47 15 11.295599
47 16 14.419391
47 17 14.282614
47 18 12.115707
47 19 12.610140
47 20 12.689096
47 21 11.530398
47 22 12.352554
47 23 12.285849
47 24 13.630019
47 25 11.652996
47 26 13.182187
47 27 11.038585
47 28 14.342853
47 29 13.805497
47 30 12.592294
47 31 13.103375
47 32 14.075404
47 33 12.926757
47 34 14.549978
47 35 14.567519
47 36 11.485098
47 37 13.910933
47 38 12.461108
47 39 13.430230
47 40 13.892981
47 41 11.741616
47 42 14.508328
47 43 12.210904
47 44 13.538262
47 45 13.003811
47 46 13.680826
47 48 11.468364
47 49 11.512857
47 50 14.499456
48 0 11.105808
48 1 13.963154
48 2 14.500220
48 3 14.546643
48 4 11.217496
48 5 14.786938
48 6 14.009525
48 7 11.176332
48 8 11.451089
48 9 11.361899
48 10 12.245342
48 11 12.197616
48 12 12.382422
48 13 14.146234
48 14 13.358290
48 15 13.071704
48 16 13.098418
48 17 13.326345
48 18 13.623871
48 19 12.499587
48 20 11.703483
48 21 14.249552
48 22 11.621216
48 23 13.820479
48 24 14.164216
48 25 12.491592
48 26 14.759939
48 27 13.798429
48 28 11.353455
48 29 12.660418
48 30 11.981091
48 31 14.024314
48 32 13.462193
48 33 14.258911
48 34 14.475708
48 35 14.340132
48 36 12.865924
48 37 12.290202
48 38 11.741115
48 39 14.453471
48 40 12.091948
48 41 11.100801
48 42 12.428323
48 43 11.457671
48 44 13.000736
48 45 13.312382
48 46 13.839761
48 47 11.468364
48 49 11.964993
48 50 11.803340
49 0 14.169090
49 1 12.072880
49 2 12.184586
49 3 14.689258
49 4 13.780795
49 5 11.669397
49 6 12.714242
49 7 14.544405
49 8 14.071169
49 9 14.490454
49 10 11.507842
49 11 14.218705
49 12 14.610292
49 13 14.017198
49 14 11.250163
49 15 11.275732
49 16 14.440864
49 17 13.974196
49 18 13.859395
49 19 14.599140
49 20 10.974787
49 21 13.556394
49 22 12.024260
49 23 11.794297
49 24 13.936262
49 25 14.754873
49 26 13.748601
49 27 11.253665
49 28 14.037850
49 29 14.222170
49 30 13.913180
49 31 10.948073
49 32 11.126682
49 33 11.605682
49 34 12.217973
49 35 11.536551
49 36 12.456700
49 37 13.772008
49 38 12.825965
49 39 14.806965
49 40 13.284944
49 41 13.266830
49 42 11.715799
49 43 11.564632
49 44 12.324935
49 45 13.208055
49 46 14.408899
49 47 11.512857
49 48 11.964993
49 50 14.341853
50 0 13.835479
50 1 13.909465
50 2 12.059962
50 3 12.632281
50 4 13.667425
50 5 13.474510
50 6 13.102189
50 7 12.718891
50 8 14.572838
50 9 11.569805
50 10 14.602914
50 11 13.925566
50 12 12.087404
50 13 13.598926
50 14 11.901481
50 15 12.901035
50 16 12.297434
50 17 12.954250
50 18 11.265707
50 19 12.814798
50 20 13.241213
50 21 13.610994
50 22 11.511244
50 23 14.685196
50 24 13.890009
50 25 14.467429
50 26 13.223552
50 27 11.348688
50 28 14.700209
50 29 14.654263
50 30 12.875498
50 31 12.151049
50 32 14.087918
50 33 13.337327
50 34 11.526550
50 35 14.330192
50 36 12.068065
50 37 11.253997
50 38 11.155068
50 39 14.648599
50 40 13.988449
50 41 11.104422
50 42 11.977934
50 43 11.085666
50 44 12.043066
50 45 13.554083
50 46 11.189576
50 47 14.499456
50 48 11.803340
50 49 14.341853
