# i j vmax_ij_m_per_s; symmetric values generated with Uniform(0.7,0.95)*15.6
0 1 12.400234
0 2 13.789569
0 3 11.841149
0 4 13.478869
0 5 12.193019
0 6 13.340229
0 7 11.713884
0 8 14.010347
0 9 13.956466
0 10 13.563961
0 11 13.726015
0 12 13.096567
0 13 11.594321
0 14 12.595885
0 15 12.878382
0 16 11.324583
0 17 14.185955
0 18 12.143719
0 19 13.206240
0 20 11.181642
0 21 11.602671
0 22 13.230088
0 23 13.876583
0 24 10.957177
0 25 11.631284
0 26 14.776826
0 27 12.310501
0 28 11.328968
0 29 11.103994
0 30 12.743651
0 31 12.836801
0 32 11.275124
0 33 13.960191
0 34 12.933207
0 35 14.599585
0 36 12.251983
0 37 13.647515
0 38 13.676880
0 39 12.023100
0 40 13.052887
0 41 13.162272
0 42 12.530828
0 43 12.199162
0 44 13.559456
0 45 14.282835
0 46 12.092983
0 47 11.771125
0 48 14.091656
0 49 13.119479
0 50 13.019994
1 0 12.400234
1 2 11.286608
1 3 14.149502
1 4 12.572369
1 5 14.760520
1 6 12.197127
1 7 12.101272
1 8 11.653865
1 9 13.049720
1 10 13.515915
1 11 13.168920
1 12 10.923981
1 13 14.622407
1 14 12.314469
1 15 12.837494
1 16 13.444903
1 17 10.941437
1 18 13.862705
1 19 11.752753
1 20 14.015582
1 21 12.596488
1 22 14.016021
1 23 13.298195
1 24 12.127253
1 25 14.033806
1 26 13.324733
1 27 11.699321
1 28 12.393917
1 29 14.492649
1 30 11.501280
1 31 11.106187
1 32 11.639774
1 33 12.772017
1 34 13.881071
1 35 11.945412
1 36 11.194337
1 37 13.512108
1 38 11.044225
1 39 13.991852
1 40 14.664005
1 41 13.164837
1 42 13.266503
1 43 14.159310
1 44 13.496255
1 45 14.158626
1 46 14.013408
1 47 13.912118
1 48 14.710741
1 49 14.207050
1 50 11.374891
2 0 13.789569
2 1 11.286608
2 3 12.212860
2 4 11.262375
2 5 12.324711
2 6 11.754719
2 7 12.807724
2 8 13.096812
2 9 11.574535
2 10 12.623828
2 11 13.454418
2 12 12.448276
2 13 11.132691
2 14 11.472780
2 15 14.486591
2 16 11.799434
2 17 13.946580
2 18 13.568175
2 19 11.253029
2 20 12.622795
2 21 11.255746
2 22 13.032634
2 23 14.408826
2 24 11.893817
2 25 12.678459
2 26 12.268790
2 27 13.990159
2 28 11.464115
2 29 12.081402
2 30 13.762972
2 31 13.913859
2 32 11.355125
2 33 13.907325
2 34 13.265188
2 35 14.543705
2 36 11.099210
2 37 14.626092
2 38 11.157378
2 39 12.936989
2 40 11.540282
2 41 11.689774
2 42 12.884356
2 43 13.225514
2 44 11.619227
2 45 14.686467
2 46 13.952932
2 47 13.919443
2 48 11.472745
2 49 12.053355
2 50 13.853124
3 0 11.841149
3 1 14.149502
3 2 12.212860
3 4 13.506837
3 5 12.079546
3 6 12.986680
3 7 10.987749
3 8 13.662699
3 9 14.091882
3 10 13.281420
3 11 12.000735
3 12 14.248483
3 13 11.772922
3 14 14.283480
3 15 11.708738
3 16 12.825728
3 17 11.021422
3 18 14.585645
3 19 14.156420
3 20 13.596739
3 21 11.541620
3 22 11.662616
3 23 13.073324
3 24 11.461598
3 25 13.257454
3 26 11.645251
3 27 14.450900
3 28 12.979849
3 29 13.067004
3 30 13.698906
3 31 13.331016
3 32 11.038464
3 33 12.959483
3 34 12.273423
3 35 13.063196
3 36 13.941357
3 37 11.045024
3 38 14.240568
3 39 12.308958
3 40 12.387786
3 41 14.586481
3 42 13.261298
3 43 12.239188
3 44 14.803522
3 45 11.105011
3 46 12.928519
3 47 14.294384
3 48 12.127933
3 49 13.097455
3 50 14.779649
4 0 13.478869
4 1 12.572369
4 2 11.262375
4 3 13.506837
4 5 14.158253
4 6 12.977215
4 7 13.268171
4 8 14.276660
4 9 14.651812
4 10 12.513490
4 11 13.406498
4 12 12.676777
4 13 14.364158
4 14 13.756621
4 15 13.912715
4 16 11.723685
4 17 14.421209
4 18 11.091336
4 19 11.543080
4 20 11.123187
4 21 12.032521
4 22 11.337035
4 23 11.923554
4 24 11.376721
4 25 13.087167
4 26 12.086871
4 27 13.872307
4 28 14.084825
4 29 12.840286
4 30 12.898047
4 31 12.464230
4 32 14.452040
4 33 14.409237
4 34 12.167088
4 35 11.363449
4 36 11.077622
4 37 11.049805
4 38 12.297058
4 39 12.381080
4 40 13.636080
4 41 12.913001
4 42 11.335073
4 43 11.176052
4 44 14.383381
4 45 11.438843
4 46 11.133775
4 47 12.686108
4 48 13.610289
4 49 11.965206
4 50 13.977576
5 0 12.193019
5 1 14.760520
5 2 12.324711
5 3 12.079546
5 4 14.158253
5 6 14.356304
5 7 12.551032
5 8 12.881379
5 9 12.523051
5 10 14.759360
5 11 11.244879
5 12 13.720174
5 13 12.489644
5 14 14.494692
5 15 11.947297
5 16 12.732571
5 17 11.233931
5 18 13.379695
5 19 14.558018
5 20 12.549198
5 21 11.855303
5 22 13.077295
5 23 12.053454
5 24 14.300228
5 25 13.725551
5 26 12.371384
5 27 11.444631
5 28 14.418358
5 29 11.612801
5 30 12.738850
5 31 11.212531
5 32 11.461775
5 33 13.474612
5 34 11.463657
5 35 13.444274
5 36 11.100221
5 37 12.229971
5 38 11.566912
5 39 14.512525
5 40 13.804138
5 41 11.630052
5 42 12.038204
5 43 10.980384
5 44 13.717188
5 45 11.003962
5 46 11.259792
5 47 11.989120
5 48 11.904094
5 49 12.515669
5 50 11.226721
6 0 13.340229
6 1 12.197127
6 2 11.754719
6 3 12.986680
6 4 12.977215
6 5 14.356304
6 7 13.589327
6 8 11.144961
6 9 13.034604
6 10 12.461682
6 11 11.704389
6 12 14.556567
6 13 14.493329
6 14 11.161850
6 15 10.981053
6 16 12.443332
6 17 11.956916
6 18 12.007192
6 19 12.927511
6 20 14.403995
6 21 11.812652
6 22 11.781036
6 23 13.552117
6 24 11.533570
6 25 14.049427
6 26 12.442685
6 27 14.234472
6 28 11.589689
6 29 14.089762
6 30 12.806094
6 31 14.747621
6 32 13.613051
6 33 12.618585
6 34 11.822749
6 35 14.323327
6 36 14.688860
6 37 11.645430
6 38 13.084835
6 39 11.435082
6 40 12.973837
6 41 14.117054
6 42 14.504043
6 43 14.406430
6 44 13.078662
6 45 11.401102
6 46 14.021759
6 47 14.167624
6 48 13.940689
6 49 11.436292
6 50 13.289979
7 0 11.713884
7 1 12.101272
7 2 12.807724
7 3 10.987749
7 4 13.268171
7 5 12.551032
7 6 13.589327
7 8 11.480628
7 9 11.567257
7 10 10.973177
7 11 14.718187
7 12 13.217902
7 13 11.384668
7 14 12.390047
7 15 12.006531
7 16 13.174739
7 17 12.852998
7 18 13.757645
7 19 13.032953
7 20 12.515928
7 21 14.052241
7 22 12.717954
7 23 11.342597
7 24 14.478346
7 25 14.532032
7 26 11.745132
7 27 12.654931
7 28 14.469155
7 29 12.554021
7 30 13.833966
7 31 14.695167
7 32 12.038838
7 33 11.718857
7 34 13.595943
7 35 14.239430
7 36 14.655834
7 37 13.250546
7 38 13.667291
7 39 12.453289
7 40 14.648013
7 41 12.423407
7 42 13.121806
7 43 13.980309
7 44 11.620379
7 45 13.070164
7 46 11.181215
7 47 12.596183
7 48 13.195153
7 49 12.437487
7 50 11.613782
8 0 14.010347
8 1 11.653865
8 2 13.096812
8 3 13.662699
8 4 14.276660
8 5 12.881379
8 6 11.144961
8 7 11.480628
8 9 14.659495
8 10 13.401633
8 11 13.139036
8 12 12.459018
8 13 12.303317
8 14 13.401637
8 15 11.239503
8 16 13.530689
8 17 14.006807
8 18 11.281957
8 19 13.447924
8 20 14.526282
8 21 13.978022
8 22 12.330580
8 23 12.841006
8 24 12.000477
8 25 11.016568
8 26 11.735266
8 27 11.196195
8 28 13.489332
8 29 12.132798
8 30 11.953527
8 31 11.875448
8 32 13.830716
8 33 12.245417
8 34 14.317308
8 35 13.753103
8 36 12.231546
8 37 11.100330
8 38 11.047453
8 39 13.472733
8 40 14.419391
8 41 11.721202
8 42 12.549255
8 43 12.864717
8 44 12.218047
8 45 12.248999
8 46 12.384511
8 47 14.684498
8 48 13.478733
8 49 12.551488
8 50 14.464612
9 0 13.956466
9 1 13.049720
9 2 11.574535
9 3 14.091882
9 4 14.651812
9 5 12.523051
9 6 13.034604
9 7 11.567257
9 8 14.659495
9 10 11.861765
9 11 12.387779
9 12 13.547801
9 13 12.158496
9 14 11.493597
9 15 13.318892
9 16 11.240343
9 17 13.475231
9 18 12.363215
9 19 12.318143
9 20 13.183395
9 21 13.216143
9 22 11.411369
9 23 13.067376
9 24 11.882638
9 25 13.063847
9 26 14.234381
9 27 13.503777
9 28 14.529878
9 29 13.380020
9 30 12.693258
9 31 14.790577
9 32 12.412942
9 33 13.842655
9 34 13.658483
9 35 11.791109
9 36 14.086739
9 37 11.391439
9 38 12.514496
9 39 13.088084
9 40 11.780890
9 41 12.797135
9 42 13.908529
9 43 11.350780
9 44 14.179354
9 45 12.467773
9 46 13.793321
9 47 12.991855
9 48 12.987280
9 49 14.595428
9 50 11.974442
10 0 13.563961
10 1 13.515915
10 2 12.623828
10 3 13.281420
10 4 12.513490
10 5 14.759360
10 6 12.461682
10 7 10.973177
10 8 13.401633
10 9 11.861765
10 11 13.628904
10 12 11.140373
10 13 12.671779
10 14 14.003934
10 15 14.037498
10 16 11.601339
10 17 13.055656
10 18 14.570842
10 19 12.466899
10 20 12.944525
10 21 11.422757
10 22 13.309759
10 23 14.565570
10 24 12.477361
10 25 12.245562
10 26 12.066910
10 27 14.245619
10 28 12.022123
10 29 11.762267
10 30 11.348662
10 31 14.734387
10 32 12.802458
10 33 11.133554
10 34 12.921183
10 35 11.043935
10 36 12.256944
10 37 14.279999
10 38 11.763315
10 39 13.570303
10 40 13.883721
10 41 14.419114
10 42 11.858615
10 43 14.542861
10 44 12.388514
10 45 11.201993
10 46 13.256269
10 47 13.665331
10 48 11.727136
10 49 13.543812
10 50 14.795180
11 0 13.726015
11 1 13.168920
11 2 13.454418
11 3 12.000735
11 4 13.406498
11 5 11.244879
11 6 11.704389
11 7 14.718187
11 8 13.139036
11 9 12.387779
11 10 13.628904
11 12 13.291610
11 13 11.424611
11 14 13.865247
11 15 11.595656
11 16 11.589225
11 17 12.700499
11 18 13.441190
11 19 13.480888
11 20 12.506980
11 21 13.556734
11 22 11.797959
11 23 13.941797
11 24 14.625881
11 25 11.478496
11 26 11.742018
11 27 14.699283
11 28 13.618647
11 29 12.076719
11 30 11.222263
11 31 12.639712
11 32 13.675954
11 33 12.248601
11 34 13.873661
11 35 13.752446
11 36 14.435249
11 37 14.150786
11 38 14.151044
11 39 11.052602
11 40 14.057013
11 41 13.386461
11 42 11.904312
11 43 12.450381
11 44 14.438322
11 45 14.264487
11 46 13.248304
11 47 14.732899
11 48 11.331546
11 49 12.385992
11 50 13.992800
12 0 13.096567
12 1 10.923981
12 2 12.448276
12 3 14.248483
12 4 12.676777
12 5 13.720174
12 6 14.556567
12 7 13.217902
12 8 12.459018
12 9 13.547801
12 10 11.140373
12 11 13.291610
12 13 13.874533
12 14 11.500488
12 15 14.035528
12 16 11.541197
12 17 14.625273
12 18 11.487912
12 19 13.480752
12 20 14.002959
12 21 12.632642
12 22 12.576705
12 23 11.364487
12 24 13.752820
12 25 13.382766
12 26 14.800795
12 27 14.339737
12 28 13.655070
12 29 12.760535
12 30 11.758282
12 31 14.537955
12 32 12.065832
12 33 11.814410
12 34 11.127789
12 35 13.523620
12 36 12.928030
12 37 13.088242
12 38 12.601743
12 39 12.090538
12 40 12.735543
12 41 10.997173
12 42 12.078336
12 43 12.144065
12 44 12.008651
12 45 13.592653
12 46 12.006863
12 47 14.818219
12 48 12.590306
12 49 11.112878
12 50 13.669467
13 0 11.594321
13 1 14.622407
13 2 11.132691
13 3 11.772922
13 4 14.364158
13 5 12.489644
13 6 14.493329
13 7 11.384668
13 8 12.303317
13 9 12.158496
13 10 12.671779
13 11 11.424611
13 12 13.874533
13 14 11.836526
13 15 12.235477
13 16 14.061696
13 17 11.904721
13 18 11.934511
13 19 13.996658
13 20 12.195395
13 21 11.365516
13 22 13.810834
13 23 10.971110
13 24 12.417401
13 25 12.430378
13 26 13.075587
13 27 12.545869
13 28 11.542083
13 29 14.145925
13 30 13.682536
13 31 11.375549
13 32 12.925256
13 33 12.089798
13 34 12.156343
13 35 11.126687
13 36 13.361050
13 37 12.550429
13 38 12.448877
13 39 14.208108
13 40 12.301184
13 41 13.049876
13 42 11.748644
13 43 13.331386
13 44 13.304608
13 45 11.227090
13 46 11.837156
13 47 13.484728
13 48 14.748960
13 49 14.739492
13 50 14.293021
14 0 12.595885
14 1 12.314469
14 2 11.472780
14 3 14.283480
14 4 13.756621
14 5 14.494692
14 6 11.161850
14 7 12.390047
14 8 13.401637
14 9 11.493597
14 10 14.003934
14 11 13.865247
14 12 11.500488
14 13 11.836526
14 15 13.627033
14 16 13.028399
14 17 12.831939
14 18 12.648166
14 19 12.941791
14 20 10.984548
14 21 12.395661
14 22 13.345704
14 23 12.873822
14 24 14.705489
14 25 11.344669
14 26 13.628490
14 27 13.422188
14 28 13.769636
14 29 12.694207
14 30 12.288336
14 31 13.360595
14 32 12.020182
14 33 13.262272
14 34 13.328798
14 35 14.620645
14 36 14.112985
14 37 12.170627
14 38 13.839451
14 39 14.255787
14 40 12.876674
14 41 13.041167
14 42 12.235597
14 43 13.593762
14 44 14.052917
14 45 14.320765
14 46 12.287901
14 47 12.226590
14 48 11.645851
14 49 11.679061
14 50 13.779722
15 0 12.878382
15 1 12.837494
15 2 14.486591
15 3 11.708738
15 4 13.912715
15 5 11.947297
15 6 10.981053
15 7 12.006531
15 8 11.239503
15 9 13.318892
15 10 14.037498
15 11 11.595656
15 12 14.035528
15 13 12.235477
15 14 13.627033
15 16 12.867411
15 17 13.335636
15 18 12.881139
15 19 14.363523
15 20 11.643245
15 21 14.495166
15 22 11.442974
15 23 13.092321
15 24 11.414731
15 25 12.684326
15 26 12.935453
15 27 14.576797
15 28 14.088089
15 29 13.576120
15 30 14.120828
15 31 10.975801
15 32 14.737333
15 33 12.685624
15 34 13.422126
15 35 13.969085
15 36 11.618070
15 37 11.200668
15 38 14.518600
15 39 13.730014
15 40 14.727997
15 41 12.094504
15 42 11.900350
15 43 14.679133
15 44 13.501835
15 45 12.231274
15 46 13.486137
15 47 11.344103
15 48 12.662818
15 49 13.251618
15 50 14.623914
16 0 11.324583
16 1 13.444903
16 2 11.799434
16 3 12.825728
16 4 11.723685
16 5 12.732571
16 6 12.443332
16 7 13.174739
16 8 13.530689
16 9 11.240343
16 10 11.601339
16 11 11.589225
16 12 11.541197
16 13 14.061696
16 14 13.028399
16 15 12.867411
16 17 13.380757
16 18 14.804055
16 19 11.789254
16 20 11.608585
16 21 12.549421
16 22 14.360416
16 23 14.685030
16 24 14.103426
16 25 11.689244
16 26 13.250860
16 27 13.281730
16 28 14.129267
16 29 14.773061
16 30 11.520018
16 31 13.582479
16 32 12.260951
16 33 14.100556
16 34 11.074637
16 35 11.856799
16 36 14.732488
16 37 11.698486
16 38 12.893630
16 39 13.871568
16 40 13.586609
16 41 12.031472
16 42 13.164368
16 43 12.126301
16 44 13.125333
16 45 13.558528
16 46 14.477260
16 47 12.390916
16 48 12.724969
16 49 14.712523
16 50 11.586324
17 0 14.185955
17 1 10.941437
17 2 13.946580
17 3 11.021422
17 4 14.421209
17 5 11.233931
17 6 11.956916
17 7 12.852998
17 8 14.006807
17 9 13.475231
17 10 13.055656
17 11 12.700499
17 12 14.625273
17 13 11.904721
17 14 12.831939
17 15 13.335636
17 16 13.380757
17 18 13.237963
17 19 14.462057
17 20 14.251634
17 21 11.219910
17 22 14.354905
17 23 14.709173
17 24 11.157910
17 25 13.781993
17 26 12.771272
17 27 11.273355
17 28 11.692577
17 29 13.669662
17 30 10.983246
17 31 13.308307
17 32 12.915965
17 33 13.743070
17 34 13.724987
17 35 10.949567
17 36 14.366031
17 37 14.353815
17 38 12.057696
17 39 12.229875
17 40 13.301102
17 41 14.498946
17 42 13.956284
17 43 13.611122
17 44 11.305186
17 45 14.684854
17 46 11.154647
17 47 11.407034
17 48 11.398198
17 49 12.941940
17 50 14.742345
18 0 12.143719
18 1 13.862705
18 2 13.568175
18 3 14.585645
18 4 11.091336
18 5 13.379695
18 6 12.007192
18 7 13.757645
18 8 11.281957
18 9 12.363215
18 10 14.570842
18 11 13.441190
18 12 11.487912
18 13 11.934511
18 14 12.648166
18 15 12.881139
18 16 14.804055
18 17 13.237963
18 19 11.551783
18 20 11.755195
18 21 12.523533
18 22 11.584634
18 23 11.441950
18 24 11.554826
18 25 13.720563
18 26 14.530040
18 27 13.951095
18 28 11.747558
18 29 13.761577
18 30 12.115945
18 31 12.092953
18 32 13.268261
18 33 14.583320
18 34 12.035949
18 35 12.685994
18 36 14.461314
18 37 13.038152
18 38 14.361205
18 39 12.098914
18 40 11.814865
18 41 12.154332
18 42 14.674878
18 43 11.114476
18 44 14.424853
18 45 14.171454
18 46 13.125110
18 47 11.759203
18 48 14.244026
18 49 11.025131
18 50 13.231945
19 0 13.206240
19 1 11.752753
19 2 11.253029
19 3 14.156420
19 4 11.543080
19 5 14.558018
19 6 12.927511
19 7 13.032953
19 8 13.447924
19 9 12.318143
19 10 12.466899
19 11 13.480888
19 12 13.480752
19 13 13.996658
19 14 12.941791
19 15 14.363523
19 16 11.789254
19 17 14.462057
19 18 11.551783
19 20 12.635350
19 21 14.284479
19 22 10.969294
19 23 11.198526
19 24 13.958630
19 25 14.164109
19 26 12.961961
19 27 13.342061
19 28 14.549739
19 29 13.928580
19 30 14.662916
19 31 12.374249
19 32 11.392824
19 33 13.394121
19 34 14.390131
19 35 14.604043
19 36 13.061299
19 37 13.873982
19 38 14.735017
19 39 13.600071
19 40 11.416668
19 41 13.122326
19 42 11.211705
19 43 14.013955
19 44 11.892104
19 45 10.987472
19 46 11.561794
19 47 12.828180
19 48 13.330538
19 49 14.730863
19 50 11.779925
20 0 11.181642
20 1 14.015582
20 2 12.622795
20 3 13.596739
20 4 11.123187
20 5 12.549198
20 6 14.403995
20 7 12.515928
20 8 14.526282
20 9 13.183395
20 10 12.944525
20 11 12.506980
20 12 14.002959
20 13 12.195395
20 14 10.984548
20 15 11.643245
20 16 11.608585
20 17 14.251634
20 18 11.755195
20 19 12.635350
20 21 11.362026
20 22 13.919404
20 23 14.227268
20 24 14.443106
20 25 14.147813
20 26 11.902520
20 27 14.703235
20 28 14.386515
20 29 12.531142
20 30 13.303686
20 31 12.655040
20 32 14.108618
20 33 13.618453
20 34 13.435905
20 35 14.573434
20 36 14.089457
20 37 12.090383
20 38 14.392311
20 39 12.564555
20 40 12.313722
20 41 13.785892
20 42 11.993796
20 43 14.488202
20 44 11.163717
20 45 14.017463
20 46 11.947431
20 47 12.080419
20 48 12.719558
20 49 13.247140
20 50 14.237809
21 0 11.602671
21 1 12.596488
21 2 11.255746
21 3 11.541620
21 4 12.032521
21 5 11.855303
21 6 11.812652
21 7 14.052241
21 8 13.978022
21 9 13.216143
21 10 11.422757
21 11 13.556734
21 12 12.632642
21 13 11.365516
21 14 12.395661
21 15 14.495166
21 16 12.549421
21 17 11.219910
21 18 12.523533
21 19 14.284479
21 20 11.362026
21 22 11.615521
21 23 11.873743
21 24 13.713396
21 25 13.208956
21 26 14.771161
21 27 12.471052
21 28 10.975103
21 29 11.655426
21 30 13.056911
21 31 13.880636
21 32 11.842031
21 33 10.926049
21 34 13.971859
21 35 11.538207
21 36 14.284469
21 37 13.213533
21 38 11.876384
21 39 11.863857
21 40 13.344594
21 41 12.616006
21 42 14.164259
21 43 12.221744
21 44 13.071789
21 45 12.551202
21 46 11.739667
21 47 12.370063
21 48 14.022589
21 49 14.152388
21 50 11.485861
22 0 13.230088
22 1 14.016021
22 2 13.032634
22 3 11.662616
22 4 11.337035
22 5 13.077295
22 6 11.781036
22 7 12.717954
22 8 12.330580
22 9 11.411369
22 10 13.309759
22 11 11.797959
22 12 12.576705
22 13 13.810834
22 14 13.345704
22 15 11.442974
22 16 14.360416
22 17 14.354905
22 18 11.584634
22 19 10.969294
22 20 13.919404
22 21 11.615521
22 23 11.207981
22 24 13.280803
22 25 12.389681
22 26 14.645022
22 27 14.313734
22 28 13.596098
22 29 13.324070
22 30 11.073065
22 31 11.995991
22 32 13.290048
22 33 14.564240
22 34 14.368356
22 35 13.090817
22 36 11.247068
22 37 12.827811
22 38 14.596504
22 39 12.936103
22 40 11.883014
22 41 13.408308
22 42 12.388797
22 43 13.003436
22 44 11.772024
22 45 12.381829
22 46 13.136189
22 47 13.258145
22 48 12.984838
22 49 13.498949
22 50 11.918897
23 0 13.876583
23 1 13.298195
23 2 14.408826
23 3 13.073324
23 4 11.923554
23 5 12.053454
23 6 13.552117
23 7 11.342597
23 8 12.841006
23 9 13.067376
23 10 14.565570
23 11 13.941797
23 12 11.364487
23 13 10.971110
23 14 12.873822
23 15 13.092321
23 16 14.685030
23 17 14.709173
23 18 11.441950
23 19 11.198526
23 20 14.227268
23 21 11.873743
23 22 11.207981
23 24 14.381552
23 25 11.125047
23 26 14.212400
23 27 13.205339
23 28 13.951935
23 29 13.965675
23 30 14.797012
23 31 11.900780
23 32 14.589095
23 33 14.013505
23 34 14.675944
23 35 13.302289
23 36 12.339525
23 37 12.476366
23 38 13.646118
23 39 10.997096
23 40 11.039631
23 41 14.144776
23 42 13.476764
23 43 13.419831
23 44 12.209758
23 45 12.401734
23 46 12.879104
23 47 13.320854
23 48 11.862209
23 49 11.093006
23 50 11.619053
24 0 10.957177
24 1 12.127253
24 2 11.893817
24 3 11.461598
24 4 11.376721
24 5 14.300228
24 6 11.533570
24 7 14.478346
24 8 12.000477
24 9 11.882638
24 10 12.477361
24 11 14.625881
24 12 13.752820
24 13 12.417401
24 14 14.705489
24 15 11.414731
24 16 14.103426
24 17 11.157910
24 18 11.554826
24 19 13.958630
24 20 14.443106
24 21 13.713396
24 22 13.280803
24 23 14.381552
24 25 11.803371
24 26 12.821115
24 27 13.967419
24 28 11.678241
24 29 11.461301
24 30 11.238686
24 31 13.911616
24 32 11.909483
24 33 12.579807
24 34 13.388324
24 35 13.799945
24 36 13.397117
24 37 12.798147
24 38 11.685302
24 39 12.816539
24 40 11.177662
24 41 13.908960
24 42 13.390838
24 43 12.619393
24 44 11.366339
24 45 11.020347
24 46 14.771064
24 47 12.004113
24 48 13.419151
24 49 11.873297
24 50 13.239860
25 0 11.631284
25 1 14.033806
25 2 12.678459
25 3 13.257454
25 4 13.087167
25 5 13.725551
25 6 14.049427
25 7 14.532032
25 8 11.016568
25 9 13.063847
25 10 12.245562
25 11 11.478496
25 12 13.382766
25 13 12.430378
25 14 11.344669
25 15 12.684326
25 16 11.689244
25 17 13.781993
25 18 13.720563
25 19 14.164109
25 20 14.147813
25 21 13.208956
25 22 12.389681
25 23 11.125047
25 24 11.803371
25 26 14.346385
25 27 13.463382
25 28 14.660722
25 29 12.089980
25 30 11.063541
25 31 12.507113
25 32 12.223570
25 33 11.844769
25 34 12.100632
25 35 12.828181
25 36 13.083063
25 37 14.361917
25 38 12.962224
25 39 12.488467
25 40 13.436320
25 41 14.021693
25 42 11.141629
25 43 11.250791
25 44 11.490598
25 45 11.752379
25 46 12.602091
25 47 10.998098
25 48 13.600573
25 49 11.852997
25 50 14.475665
26 0 14.776826
26 1 13.324733
26 2 12.268790
26 3 11.645251
26 4 12.086871
26 5 12.371384
26 6 12.442685
26 7 11.745132
26 8 11.735266
26 9 14.234381
26 10 12.066910
26 11 11.742018
26 12 14.800795
26 13 13.075587
26 14 13.628490
26 15 12.935453
26 16 13.250860
26 17 12.771272
26 18 14.530040
26 19 12.961961
26 20 11.902520
26 21 14.771161
26 22 14.645022
26 23 14.212400
26 24 12.821115
26 25 14.346385
26 27 12.782043
26 28 10.999366
26 29 12.271326
26 30 13.628874
26 31 13.856415
26 32 11.395260
26 33 12.589532
26 34 14.299348
26 35 11.699332
26 36 11.136534
26 37 13.581417
26 38 13.159475
26 39 13.805477
26 40 14.628534
26 41 11.301464
26 42 13.120207
26 43 11.684993
26 44 11.685167
26 45 12.813001
26 46 12.656811
26 47 12.439291
26 48 14.247733
26 49 13.408418
26 50 12.664714
27 0 12.310501
27 1 11.699321
27 2 13.990159
27 3 14.450900
27 4 13.872307
27 5 11.444631
27 6 14.234472
27 7 12.654931
27 8 11.196195
27 9 13.503777
27 10 14.245619
27 11 14.699283
27 12 14.339737
27 13 12.545869
27 14 13.422188
27 15 14.576797
27 16 13.281730
27 17 11.273355
27 18 13.951095
27 19 13.342061
27 20 14.703235
27 21 12.471052
27 22 14.313734
27 23 13.205339
27 24 13.967419
27 25 13.463382
27 26 12.782043
27 28 12.069810
27 29 13.672988
27 30 12.510901
27 31 12.257608
27 32 13.039192
27 33 11.154061
27 34 14.486998
27 35 14.808358
27 36 13.987186
27 37 13.999626
27 38 12.058836
27 39 14.345052
27 40 11.309013
27 41 11.600749
27 42 12.589706
27 43 12.368930
27 44 13.085812
27 45 12.492529
27 46 14.072274
27 47 11.680470
27 48 14.149863
27 49 12.075623
27 50 14.073366
28 0 11.328968
28 1 12.393917
28 2 11.464115
28 3 12.979849
28 4 14.084825
28 5 14.418358
28 6 11.589689
28 7 14.469155
28 8 13.489332
28 9 14.529878
28 10 12.022123
28 11 13.618647
28 12 13.655070
28 13 11.542083
28 14 13.769636
28 15 14.088089
28 16 14.129267
28 17 11.692577
28 18 11.747558
28 19 14.549739
28 20 14.386515
28 21 10.975103
28 22 13.596098
28 23 13.951935
28 24 11.678241
28 25 14.660722
28 26 10.999366
28 27 12.069810
28 29 14.638735
28 30 12.998928
28 31 13.997421
28 32 14.277037
28 33 12.474311
28 34 12.908266
28 35 14.519163
28 36 12.567610
28 37 13.064760
28 38 13.992843
28 39 12.563015
28 40 14.645675
28 41 11.652976
28 42 11.494053
28 43 14.396307
28 44 12.774144
28 45 14.362710
28 46 12.404607
28 47 13.055789
28 48 11.451021
28 49 11.195325
28 50 12.067382
29 0 11.103994
29 1 14.492649
29 2 12.081402
29 3 13.067004
29 4 12.840286
29 5 11.612801
29 6 14.089762
29 7 12.554021
29 8 12.132798
29 9 13.380020
29 10 11.762267
29 11 12.076719
29 12 12.760535
29 13 14.145925
29 14 12.694207
29 15 13.576120
29 16 14.773061
29 17 13.669662
29 18 13.761577
29 19 13.928580
29 20 12.531142
29 21 11.655426
29 22 13.324070
29 23 13.965675
29 24 11.461301
29 25 12.089980
29 26 12.271326
29 27 13.672988
29 28 14.638735
29 30 14.444467
29 31 13.519473
29 32 12.054261
29 33 12.770865
29 34 11.474216
29 35 10.920976
29 36 13.776069
29 37 14.771124
29 38 12.156286
29 39 12.213402
29 40 14.287071
29 41 11.452439
29 42 12.884491
29 43 13.358735
29 44 13.919384
29 45 12.911539
29 46 12.227738
29 47 12.665711
29 48 13.758440
29 49 12.283853
29 50 11.402321
30 0 12.743651
30 1 11.501280
30 2 13.762972
30 3 13.698906
30 4 12.898047
30 5 12.738850
30 6 12.806094
30 7 13.833966
30 8 11.953527
30 9 12.693258
30 10 11.348662
30 11 11.222263
30 12 11.758282
30 13 13.682536
30 14 12.288336
30 15 14.120828
30 16 11.520018
30 17 10.983246
30 18 12.115945
30 19 14.662916
30 20 13.303686
30 21 13.056911
30 22 11.073065
30 23 14.797012
30 24 11.238686
30 25 11.063541
30 26 13.628874
30 27 12.510901
30 28 12.998928
30 29 14.444467
30 31 12.986288
30 32 13.519581
30 33 12.561240
30 34 14.056690
30 35 11.970221
30 36 13.223498
30 37 11.989385
30 38 13.566307
30 39 12.198262
30 40 13.864364
30 41 12.975992
30 42 11.070122
30 43 14.143864
30 44 13.159284
30 45 14.781713
30 46 12.627733
30 47 12.234255
30 48 12.126447
30 49 12.209518
30 50 12.931589
31 0 12.836801
31 1 11.106187
31 2 13.913859
31 3 13.331016
31 4 12.464230
31 5 11.212531
31 6 14.747621
31 7 14.695167
31 8 11.875448
31 9 14.790577
31 10 14.734387
31 11 12.639712
31 12 14.537955
31 13 11.375549
31 14 13.360595
31 15 10.975801
31 16 13.582479
31 17 13.308307
31 18 12.092953
31 19 12.374249
31 20 12.655040
31 21 13.880636
31 22 11.995991
31 23 11.900780
31 24 13.911616
31 25 12.507113
31 26 13.856415
31 27 12.257608
31 28 13.997421
31 29 13.519473
31 30 12.986288
31 32 13.146976
31 33 11.940659
31 34 11.719253
31 35 13.321011
31 36 13.417284
31 37 13.614201
31 38 11.166950
31 39 12.016555
31 40 12.021247
31 41 12.549231
31 42 11.286790
31 43 12.270563
31 44 13.090181
31 45 12.957723
31 46 14.134423
31 47 11.235307
31 48 12.578960
31 49 12.961276
31 50 14.387290
32 0 11.275124
32 1 11.639774
32 2 11.355125
32 3 11.038464
32 4 14.452040
32 5 11.461775
32 6 13.613051
32 7 12.038838
32 8 13.830716
32 9 12.412942
32 10 12.802458
32 11 13.675954
32 12 12.065832
32 13 12.925256
32 14 12.020182
32 15 14.737333
32 16 12.260951
32 17 12.915965
32 18 13.268261
32 19 11.392824
32 20 14.108618
32 21 11.842031
32 22 13.290048
32 23 14.589095
32 24 11.909483
32 25 12.223570
32 26 11.395260
32 27 13.039192
32 28 14.277037
32 29 12.054261
32 30 13.519581
32 31 13.146976
32 33 13.796487
32 34 14.617705
32 35 10.983939
32 36 13.448633
32 37 14.308012
32 38 12.275843
32 39 11.824789
32 40 11.776693
32 41 14.385192
32 42 13.991500
32 43 14.804317
32 44 13.612432
32 45 11.359675
32 46 13.483474
32 47 14.020116
32 48 10.976120
32 49 11.487962
32 50 13.078008
33 0 13.960191
33 1 12.772017
33 2 13.907325
33 3 12.959483
33 4 14.409237
33 5 13.474612
33 6 12.618585
33 7 11.718857
33 8 12.245417
33 9 13.842655
33 10 11.133554
33 11 12.248601
33 12 11.814410
33 13 12.089798
33 14 13.262272
33 15 12.685624
33 16 14.100556
33 17 13.743070
33 18 14.583320
33 19 13.394121
33 20 13.618453
33 21 10.926049
33 22 14.564240
33 23 14.013505
33 24 12.579807
33 25 11.844769
33 26 12.589532
33 27 11.154061
33 28 12.474311
33 29 12.770865
33 30 12.561240
33 31 11.940659
33 32 13.796487
33 34 13.557098
33 35 14.764038
33 36 11.300457
33 37 11.803941
33 38 12.617210
33 39 13.905904
33 40 11.860759
33 41 11.161390
33 42 14.270040
33 43 12.079760
33 44 13.631868
33 45 11.497355
33 46 13.629191
33 47 11.339613
33 48 12.648572
33 49 14.103464
33 50 12.033449
34 0 12.933207
34 1 13.881071
34 2 13.265188
34 3 12.273423
34 4 12.167088
34 5 11.463657
34 6 11.822749
34 7 13.595943
34 8 14.317308
34 9 13.658483
34 10 12.921183
34 11 13.873661
34 12 11.127789
34 13 12.156343
34 14 13.328798
34 15 13.422126
34 16 11.074637
34 17 13.724987
34 18 12.035949
34 19 14.390131
34 20 13.435905
34 21 13.971859
34 22 14.368356
34 23 14.675944
34 24 13.388324
34 25 12.100632
34 26 14.299348
34 27 14.486998
34 28 12.908266
34 29 11.474216
34 30 14.056690
34 31 11.719253
34 32 14.617705
34 33 13.557098
34 35 11.131028
34 36 11.301509
34 37 13.151172
34 38 13.353347
34 39 12.619352
34 40 13.726499
34 41 11.626076
34 42 14.041342
34 43 13.818849
34 44 14.267299
34 45 10.953566
34 46 14.767860
34 47 11.525718
34 48 14.064424
34 49 11.323566
34 50 12.770678
35 0 14.599585
35 1 11.945412
35 2 14.543705
35 3 13.063196
35 4 11.363449
35 5 13.444274
35 6 14.323327
35 7 14.239430
35 8 13.753103
35 9 11.791109
35 10 11.043935
35 11 13.752446
35 12 13.523620
35 13 11.126687
35 14 14.620645
35 15 13.969085
35 16 11.856799
35 17 10.949567
35 18 12.685994
35 19 14.604043
35 20 14.573434
35 21 11.538207
35 22 13.090817
35 23 13.302289
35 24 13.799945
35 25 12.828181
35 26 11.699332
35 27 14.808358
35 28 14.519163
35 29 10.920976
35 30 11.970221
35 31 13.321011
35 32 10.983939
35 33 14.764038
35 34 11.131028
35 36 13.402372
35 37 13.494473
35 38 12.652882
35 39 14.743075
35 40 12.436607
35 41 12.600481
35 42 13.739344
35 43 11.278202
35 44 14.125570
35 45 10.989564
35 46 13.629745
35 47 13.517861
35 48 11.961020
35 49 11.106458
35 50 13.318819
36 0 12.251983
36 1 11.194337
36 2 11.099210
36 3 13.941357
36 4 11.077622
36 5 11.100221
36 6 14.688860
36 7 14.655834
36 8 12.231546
36 9 14.086739
36 10 12.256944
36 11 14.435249
36 12 12.928030
36 13 13.361050
36 14 14.112985
36 15 11.618070
36 16 14.732488
36 17 14.366031
36 18 14.461314
36 19 13.061299
36 20 14.089457
36 21 14.284469
36 22 11.247068
36 23 12.339525
36 24 13.397117
36 25 13.083063
36 26 11.136534
36 27 13.987186
36 28 12.567610
36 29 13.776069
36 30 13.223498
36 31 13.417284
36 32 13.448633
36 33 11.300457
36 34 11.301509
36 35 13.402372
36 37 13.038604
36 38 11.764395
36 39 13.141191
36 40 13.083623
36 41 12.342688
36 42 13.980739
36 43 13.429449
36 44 10.925312
36 45 13.302572
36 46 11.423958
36 47 11.915092
36 48 13.677267
36 49 13.167868
36 50 13.195087
37 0 13.647515
37 1 13.512108
37 2 14.626092
37 3 11.045024
37 4 11.049805
37 5 12.229971
37 6 11.645430
37 7 13.250546
37 8 11.100330
37 9 11.391439
37 10 14.279999
37 11 14.150786
37 12 13.088242
37 13 12.550429
37 14 12.170627
37 15 11.200668
37 16 11.698486
37 17 14.353815
37 18 13.038152
37 19 13.873982
37 20 12.090383
37 21 13.213533
37 22 12.827811
37 23 12.476366
37 24 12.798147
37 25 14.361917
37 26 13.581417
37 27 13.999626
37 28 13.064760
37 29 14.771124
37 30 11.989385
37 31 13.614201
37 32 14.308012
37 33 11.803941
37 34 13.151172
37 35 13.494473
37 36 13.038604
37 38 13.149052
37 39 14.620104
37 40 12.739818
37 41 11.242730
37 42 11.760647
37 43 12.363826
37 44 13.504886
37 45 14.460487
37 46 14.389099
37 47 13.502241
37 48 13.637674
37 49 11.341963
37 50 11.808677
38 0 13.676880
38 1 11.044225
38 2 11.157378
38 3 14.240568
38 4 12.297058
38 5 11.566912
38 6 13.084835
38 7 13.667291
38 8 11.047453
38 9 12.514496
38 10 11.763315
38 11 14.151044
38 12 12.601743
38 13 12.448877
38 14 13.839451
38 15 14.518600
38 16 12.893630
38 17 12.057696
38 18 14.361205
38 19 14.735017
38 20 14.392311
38 21 11.876384
38 22 14.596504
38 23 13.646118
38 24 11.685302
38 25 12.962224
38 26 13.159475
38 27 12.058836
38 28 13.992843
38 29 12.156286
38 30 13.566307
38 31 11.166950
38 32 12.275843
38 33 12.617210
38 34 13.353347
38 35 12.652882
38 36 11.764395
38 37 13.149052
38 39 12.371509
38 40 12.382697
38 41 12.824099
38 42 13.437600
38 43 13.850517
38 44 12.059761
38 45 14.703072
38 46 14.044048
38 47 13.756712
38 48 14.628391
38 49 12.937103
38 50 12.433538
39 0 12.023100
39 1 13.991852
39 2 12.936989
39 3 12.308958
39 4 12.381080
39 5 14.512525
39 6 11.435082
39 7 12.453289
39 8 13.472733
39 9 13.088084
39 10 13.570303
39 11 11.052602
39 12 12.090538
39 13 14.208108
39 14 14.255787
39 15 13.730014
39 16 13.871568
39 17 12.229875
39 18 12.098914
39 19 13.600071
39 20 12.564555
39 21 11.863857
39 22 12.936103
39 23 10.997096
39 24 12.816539
39 25 12.488467
39 26 13.805477
39 27 14.345052
39 28 12.563015
39 29 12.213402
39 30 12.198262
39 31 12.016555
39 32 11.824789
39 33 13.905904
39 34 12.619352
39 35 14.743075
39 36 13.141191
39 37 14.620104
39 38 12.371509
39 40 13.997751
39 41 13.572455
39 42 12.923273
39 43 12.271992
39 44 13.403678
39 45 13.975256
39 46 13.687211
39 47 12.387588
39 48 13.767380
39 49 12.733510
39 50 13.175335
40 0 13.052887
40 1 14.664005
40 2 11.540282
40 3 12.387786
40 4 13.636080
40 5 13.804138
40 6 12.973837
40 7 14.648013
40 8 14.419391
40 9 11.780890
40 10 13.883721
40 11 14.057013
40 12 12.735543
40 13 12.301184
40 14 12.876674
40 15 14.727997
40 16 13.586609
40 17 13.301102
40 18 11.814865
40 19 11.416668
40 20 12.313722
40 21 13.344594
40 22 11.883014
40 23 11.039631
40 24 11.177662
40 25 13.436320
40 26 14.628534
40 27 11.309013
40 28 14.645675
40 29 14.287071
40 30 13.864364
40 31 12.021247
40 32 11.776693
40 33 11.860759
40 34 13.726499
40 35 12.436607
40 36 13.083623
40 37 12.739818
40 38 12.382697
40 39 13.997751
40 41 12.177869
40 42 13.111064
40 43 13.803306
40 44 13.692847
40 45 12.646950
40 46 14.198052
40 47 14.656971
40 48 11.646962
40 49 11.996737
40 50 11.012379
41 0 13.162272
41 1 13.164837
41 2 11.689774
41 3 14.586481
41 4 12.913001
41 5 11.630052
41 6 14.117054
41 7 12.423407
41 8 11.721202
41 9 12.797135
41 10 14.419114
41 11 13.386461
41 12 10.997173
41 13 13.049876
41 14 13.041167
41 15 12.094504
41 16 12.031472
41 17 14.498946
41 18 12.154332
41 19 13.122326
41 20 13.785892
41 21 12.616006
41 22 13.408308
41 23 14.144776
41 24 13.908960
41 25 14.021693
41 26 11.301464
41 27 11.600749
41 28 11.652976
41 29 11.452439
41 30 12.975992
41 31 12.549231
41 32 14.385192
41 33 11.161390
41 34 11.626076
41 35 12.600481
41 36 12.342688
41 37 11.242730
41 38 12.824099
41 39 13.572455
41 40 12.177869
41 42 14.801172
41 43 14.249761
41 44 12.240291
41 45 12.665143
41 46 13.143762
41 47 12.746633
41 48 12.053272
41 49 11.046348
41 50 12.343658
42 0 12.530828
42 1 13.266503
42 2 12.884356
42 3 13.261298
42 4 11.335073
42 5 12.038204
42 6 14.504043
42 7 13.121806
42 8 12.549255
42 9 13.908529
42 10 11.858615
42 11 11.904312
42 12 12.078336
42 13 11.748644
42 14 12.235597
42 15 11.900350
42 16 13.164368
42 17 13.956284
42 18 14.674878
42 19 11.211705
42 20 11.993796
42 21 14.164259
42 22 12.388797
42 23 13.476764
42 24 13.390838
42 25 11.141629
42 26 13.120207
42 27 12.589706
42 28 11.494053
42 29 12.884491
42 30 11.070122
42 31 11.286790
42 32 13.991500
42 33 14.270040
42 34 14.041342
42 35 13.739344
42 36 13.980739
42 37 11.760647
42 38 13.437600
42 39 12.923273
42 40 13.111064
42 41 14.801172
42 43 13.074135
42 44 12.916616
42 45 11.460307
42 46 11.840190
42 47 12.611971
42 48 13.347185
42 49 11.285965
42 50 11.818868
43 0 12.199162
43 1 14.159310
43 2 13.225514
43 3 12.239188
43 4 11.176052
43 5 10.980384
43 6 14.406430
43 7 13.980309
43 8 12.864717
43 9 11.350780
43 10 14.542861
43 11 12.450381
43 12 12.144065
43 13 13.331386
43 14 13.593762
43 15 14.679133
43 16 12.126301
43 17 13.611122
43 18 11.114476
43 19 14.013955
43 20 14.488202
43 21 12.221744
43 22 13.003436
43 23 13.419831
43 24 12.619393
43 25 11.250791
43 26 11.684993
43 27 12.368930
43 28 14.396307
43 29 13.358735
43 30 14.143864
43 31 12.270563
43 32 14.804317
43 33 12.079760
43 34 13.818849
43 35 11.278202
43 36 13.429449
43 37 12.363826
43 38 13.850517
43 39 12.271992
43 40 13.803306
43 41 14.249761
43 42 13.074135
43 44 12.666958
43 45 11.560326
43 46 13.104774
43 47 13.267192
43 48 13.204811
43 49 13.004187
43 50 11.661209
44 0 13.559456
44 1 13.496255
44 2 11.619227
44 3 14.803522
44 4 14.383381
44 5 13.717188
44 6 13.078662
44 7 11.620379
44 8 12.218047
44 9 14.179354
44 10 12.388514
44 11 14.438322
44 12 12.008651
44 13 13.304608
44 14 14.052917
44 15 13.501835
44 16 13.125333
44 17 11.305186
44 18 14.424853
44 19 11.892104
44 20 11.163717
44 21 13.071789
44 22 11.772024
44 23 12.209758
44 24 11.366339
44 25 11.490598
44 26 11.685167
44 27 13.085812
44 28 12.774144
44 29 13.919384
44 30 13.159284
44 31 13.090181
44 32 13.612432
44 33 13.631868
44 34 14.267299
44 35 14.125570
44 36 10.925312
44 37 13.504886
44 38 12.059761
44 39 13.403678
44 40 13.692847
44 41 12.240291
44 42 12.916616
44 43 12.666958
44 45 14.152374
44 46 12.132917
44 47 13.247650
44 48 13.195521
44 49 14.380599
44 50 14.433981
45 0 14.282835
45 1 14.158626
45 2 14.686467
45 3 11.105011
45 4 11.438843
45 5 11.003962
45 6 11.401102
45 7 13.070164
45 8 12.248999
45 9 12.467773
45 10 11.201993
45 11 14.264487
45 12 13.592653
45 13 11.227090
45 14 14.320765
45 15 12.231274
45 16 13.558528
45 17 14.684854
45 18 14.171454
45 19 10.987472
45 20 14.017463
45 21 12.551202
45 22 12.381829
45 23 12.401734
45 24 11.020347
45 25 11.752379
45 26 12.813001
45 27 12.492529
45 28 14.362710
45 29 12.911539
45 30 14.781713
45 31 12.957723
45 32 11.359675
45 33 11.497355
45 34 10.953566
45 35 10.989564
45 36 13.302572
45 37 14.460487
45 38 14.703072
45 39 13.975256
45 40 12.646950
45 41 12.665143
45 42 11.460307
45 43 11.560326
45 44 14.152374
45 46 12.025078
45 47 11.755295
45 48 12.022175
45 49 12.319780
45 50 11.589413
46 0 12.092983
46 1 14.013408
46 2 13.952932
46 3 12.928519
46 4 11.133775
46 5 11.259792
46 6 14.021759
46 7 11.181215
46 8 12.384511
46 9 13.793321
46 10 13.256269
46 11 13.248304
46 12 12.006863
46 13 11.837156
46 14 12.287901
46 15 13.486137
46 16 14.477260
46 17 11.154647
46 18 13.125110
46 19 11.561794
46 20 11.947431
46 21 11.739667
46 22 13.136189
46 23 12.879104
46 24 14.771064
46 25 12.602091
46 26 12.656811
46 27 14.072274
46 28 12.404607
46 29 12.227738
46 30 12.627733
46 31 14.134423
46 32 13.483474
46 33 13.629191
46 34 14.767860
46 35 13.629745
46 36 11.423958
46 37 14.389099
46 38 14.044048
46 39 13.687211
46 40 14.198052
46 41 13.143762
46 42 11.840190
46 43 13.104774
46 44 12.132917
46 45 12.025078
46 47 14.136460
46 48 12.104233
46 49 14.166456
46 50 11.155346
47 0 11.771125
47 1 13.912118
47 2 13.919443
47 3 14.294384
47 4 12.686108
47 5 11.989120
47 6 14.167624
47 7 12.596183
47 8 14.684498
47 9 12.991855
47 10 13.665331
47 11 14.732899
47 12 14.818219
47 13 13.484728
47 14 12.226590
47 15 11.344103
47 16 12.390916
47 17 11.407034
47 18 11.759203
47 19 12.828180
47 20 12.080419
47 21 12.370063
47 22 13.258145
47 23 13.320854
47 24 12.004113
47 25 10.998098
47 26 12.439291
47 27 11.680470
47 28 13.055789
47 29 12.665711
47 30 12.234255
47 31 11.235307
47 32 14.020116
47 33 11.339613
47 34 11.525718
47 35 13.517861
47 36 11.915092
47 37 13.502241
47 38 13.756712
47 39 12.387588
47 40 14.656971
47 41 12.746633
47 42 12.611971
47 43 13.267192
47 44 13.247650
47 45 11.755295
47 46 14.136460
47 48 14.312060
47 49 14.750568
47 50 11.697758
48 0 14.091656
48 1 14.710741
48 2 11.472745
48 3 12.127933
48 4 13.610289
48 5 11.904094
48 6 13.940689
48 7 13.195153
48 8 13.478733
48 9 12.987280
48 10 11.727136
48 11 11.331546
48 12 12.590306
48 13 14.748960
48 14 11.645851
48 15 12.662818
48 16 12.724969
48 17 11.398198
48 18 14.244026
48 19 13.330538
48 20 12.719558
48 21 14.022589
48 22 12.984838
48 23 11.862209
48 24 13.419151
48 25 13.600573
48 26 14.247733
48 27 14.149863
48 28 11.451021
48 29 13.758440
48 30 12.126447
48 31 12.578960
48 32 10.976120
48 33 12.648572
48 34 14.064424
48 35 11.961020
48 36 13.677267
48 37 13.637674
48 38 14.628391
48 39 13.767380
48 40 11.646962
48 41 12.053272
48 42 13.347185
48 43 13.204811
48 44 13.195521
48 45 12.022175
48 46 12.104233
48 47 14.312060
48 49 11.756520
48 50 11.775619
49 0 13.119479
49 1 14.207050
49 2 12.053355
49 3 13.097455
49 4 11.965206
49 5 12.515669
49 6 11.436292
49 7 12.437487
49 8 12.551488
49 9 14.595428
49 10 13.543812
49 11 12.385992
49 12 11.112878
49 13 14.739492
49 14 11.679061
49 15 13.251618
49 16 14.712523
49 17 12.941940
49 18 11.025131
49 19 14.730863
49 20 13.247140
49 21 14.152388
49 22 13.498949
49 23 11.093006
49 24 11.873297
49 25 11.852997
49 26 13.408418
49 27 12.075623
49 28 11.195325
49 29 12.283853
49 30 12.209518
49 31 12.961276
49 32 11.487962
49 33 14.103464
49 34 11.323566
49 35 11.106458
49 36 13.167868
49 37 11.341963
49 38 12.937103
49 39 12.733510
49 40 11.996737
49 41 11.046348
49 42 11.285965
49 43 13.004187
49 44 14.380599
49 45 12.319780
49 46 14.166456
49 47 14.750568
49 48 11.756520
49 50 14.774902
50 0 13.019994
50 1 11.374891
50 2 13.853124
50 3 14.779649
50 4 13.977576
50 5 11.226721
50 6 13.289979
50 7 11.613782
50 8 14.464612
50 9 11.974442
50 10 14.795180
50 11 13.992800
50 12 13.669467
50 13 14.293021
50 14 13.779722
50 15 14.623914
50 16 11.586324
50 17 14.742345
50 18 13.231945
50 19 11.779925
50 20 14.237809
50 21 11.485861
50 22 11.918897
50 23 11.619053
50 24 13.239860
50 25 14.475665
50 26 12.664714
50 27 14.073366
50 28 12.067382
50 29 11.402321
50 30 12.931589
50 31 14.387290
50 32 13.078008
50 33 12.033449
50 34 12.770678
50 35 13.318819
50 36 13.195087
50 37 11.808677
50 38 12.433538
50 39 13.175335
50 40 11.012379
50 41 12.343658
50 42 11.818868
50 43 11.661209
50 44 14.433981
50 45 11.589413
50 46 11.155346
50 47 11.697758
50 48 11.775619
50 49 14.774902
