# i j vmax_ij_m_per_s; symmetric values generated with Uniform(0.7,0.95)*15.6
0 1 14.808371
0 2 13.056678
0 3 14.308167
0 4 12.027262
0 5 14.813985
0 6 12.946063
0 7 12.415054
0 8 14.104072
0 9 11.441616
0 10 14.472238
0 11 14.072768
0 12 14.416926
0 13 11.915614
0 14 12.089972
0 15 11.329215
0 16 14.748952
0 17 12.638532
0 18 11.810343
0 19 10.994065
0 20 13.091588
0 21 11.661954
0 22 13.131689
0 23 14.479198
0 24 14.611346
0 25 13.115642
0 26 14.070880
0 27 11.064894
0 28 13.997887
0 29 14.412608
0 30 13.229852
0 31 12.300243
0 32 12.300189
0 33 13.250531
0 34 11.623441
0 35 12.403671
0 36 13.217631
0 37 13.304582
0 38 13.023423
0 39 14.600843
0 40 14.119559
0 41 13.345933
0 42 12.463723
0 43 13.884325
0 44 13.820932
0 45 13.273369
0 46 11.448365
0 47 13.805743
0 48 14.592299
0 49 14.331139
0 50 13.120436
1 0 14.808371
1 2 11.221072
1 3 12.824619
1 4 10.985850
1 5 11.188896
1 6 14.242331
1 7 13.012171
1 8 11.633375
1 9 12.984666
1 10 13.801755
1 11 13.709613
1 12 14.424406
1 13 12.439869
1 14 14.189877
1 15 11.507620
1 16 12.228825
1 17 13.738383
1 18 11.225825
1 19 11.915529
1 20 14.521493
1 21 11.155492
1 22 14.211992
1 23 13.181514
1 24 13.545362
1 25 13.129870
1 26 14.295872
1 27 12.466079
1 28 12.859793
1 29 13.455913
1 30 11.594157
1 31 11.297137
1 32 11.498349
1 33 14.113821
1 34 13.231783
1 35 13.703441
1 36 11.992706
1 37 13.943182
1 38 11.583459
1 39 13.709468
1 40 13.750312
1 41 12.795982
1 42 12.837633
1 43 13.031242
1 44 11.825746
1 45 11.024135
1 46 10.983047
1 47 14.086261
1 48 11.043548
1 49 13.290264
1 50 12.443205
2 0 13.056678
2 1 11.221072
2 3 14.288808
2 4 11.349882
2 5 14.744675
2 6 11.313812
2 7 11.658468
2 8 11.561363
2 9 12.370560
2 10 12.217995
2 11 12.696097
2 12 13.671695
2 13 13.317608
2 14 11.450265
2 15 11.567074
2 16 12.474120
2 17 13.360710
2 18 12.794372
2 19 14.147655
2 20 11.183864
2 21 13.200673
2 22 14.522930
2 23 11.127018
2 24 14.769432
2 25 12.146726
2 26 12.655478
2 27 12.647660
2 28 12.305126
2 29 13.043042
2 30 12.103006
2 31 12.232890
2 32 11.993804
2 33 14.586509
2 34 12.429322
2 35 14.497282
2 36 11.750834
2 37 13.782499
2 38 12.628099
2 39 12.699436
2 40 13.356902
2 41 13.033056
2 42 14.470453
2 43 12.254127
2 44 14.531309
2 45 14.498115
2 46 11.247195
2 47 11.116500
2 48 11.478518
2 49 14.615706
2 50 12.115242
3 0 14.308167
3 1 12.824619
3 2 14.288808
3 4 14.173496
3 5 11.742899
3 6 14.455039
3 7 11.309417
3 8 11.181300
3 9 14.530014
3 10 12.141353
3 11 11.673807
3 12 11.822532
3 13 13.989861
3 14 11.135881
3 15 13.850776
3 16 10.942930
3 17 11.572232
3 18 11.157545
3 19 12.756606
3 20 13.286045
3 21 14.470481
3 22 12.348117
3 23 12.056111
3 24 12.642599
3 25 11.441438
3 26 11.008349
3 27 13.371720
3 28 14.117552
3 29 12.602209
3 30 12.109904
3 31 14.051836
3 32 13.149257
3 33 12.034095
3 34 12.329938
3 35 11.195506
3 36 14.037506
3 37 13.319287
3 38 11.573790
3 39 13.817946
3 40 14.431545
3 41 14.686606
3 42 13.624821
3 43 14.707065
3 44 13.085152
3 45 14.415789
3 46 11.928839
3 47 12.486819
3 48 12.086745
3 49 14.697536
3 50 12.827934
4 0 12.027262
4 1 10.985850
4 2 11.349882
4 3 14.173496
4 5 12.994603
4 6 10.947432
4 7 13.316519
4 8 13.590704
4 9 12.675076
4 10 13.517820
4 11 12.373409
4 12 13.741176
4 13 12.765835
4 14 13.100884
4 15 13.913784
4 16 12.185682
4 17 14.416559
4 18 11.435547
4 19 14.676685
4 20 14.608692
4 21 14.672012
4 22 13.847783
4 23 11.782876
4 24 14.303736
4 25 13.545459
4 26 14.045094
4 27 14.274220
4 28 10.948544
4 29 14.482124
4 30 13.694475
4 31 10.976194
4 32 11.916459
4 33 11.737913
4 34 14.446952
4 35 12.592389
4 36 12.575919
4 37 14.321567
4 38 13.082449
4 39 12.683465
4 40 12.928803
4 41 11.441831
4 42 11.398353
4 43 11.893415
4 44 13.890591
4 45 13.084232
4 46 13.665997
4 47 11.316101
4 48 14.292382
4 49 11.142898
4 50 13.028015
5 0 14.813985
5 1 11.188896
5 2 14.744675
5 3 11.742899
5 4 12.994603
5 6 11.972670
5 7 11.474429
5 8 11.761818
5 9 12.716162
5 10 14.819861
5 11 14.625691
5 12 10.954852
5 13 12.209257
5 14 11.179462
5 15 12.129500
5 16 12.833120
5 17 13.952586
5 18 14.745001
5 19 14.260653
5 20 12.738128
5 21 12.801240
5 22 11.837871
5 23 13.088420
5 24 14.542724
5 25 11.979573
5 26 12.722502
5 27 14.253275
5 28 13.817300
5 29 14.259218
5 30 12.871396
5 31 11.135344
5 32 13.884796
5 33 14.334113
5 34 13.034642
5 35 13.321633
5 36 12.477960
5 37 11.504834
5 38 14.063455
5 39 14.100032
5 40 11.379289
5 41 14.189120
5 42 13.634342
5 43 12.316554
5 44 12.114521
5 45 12.238208
5 46 13.909007
5 47 13.060242
5 48 13.332025
5 49 12.579881
5 50 14.669852
6 0 12.946063
6 1 14.242331
6 2 11.313812
6 3 14.455039
6 4 10.947432
6 5 11.972670
6 7 13.771077
6 8 13.675389
6 9 11.274875
6 10 13.215160
6 11 11.614695
6 12 14.796008
6 13 13.595615
6 14 13.011809
6 15 13.855281
6 16 13.853567
6 17 14.481567
6 18 14.701540
6 19 13.040582
6 20 11.840987
6 21 14.600836
6 22 14.257868
6 23 12.637012
6 24 10.975102
6 25 14.537246
6 26 14.362197
6 27 12.135291
6 28 11.717471
6 29 11.583927
6 30 14.473417
6 31 13.967000
6 32 13.246698
6 33 14.309872
6 34 12.750778
6 35 11.854399
6 36 12.182090
6 37 14.614412
6 38 13.153732
6 39 12.838645
6 40 12.927692
6 41 12.828400
6 42 11.595125
6 43 13.521465
6 44 13.149732
6 45 13.052185
6 46 13.307858
6 47 13.948347
6 48 13.076527
6 49 14.678947
6 50 10.997985
7 0 12.415054
7 1 13.012171
7 2 11.658468
7 3 11.309417
7 4 13.316519
7 5 11.474429
7 6 13.771077
7 8 11.833298
7 9 12.991343
7 10 12.235439
7 11 12.475034
7 12 12.146751
7 13 13.124699
7 14 12.952312
7 15 13.363178
7 16 13.898334
7 17 13.499597
7 18 13.618737
7 19 13.652728
7 20 13.901199
7 21 14.656627
7 22 13.887495
7 23 14.150015
7 24 14.260518
7 25 14.223772
7 26 14.629985
7 27 11.083121
7 28 11.706342
7 29 11.945745
7 30 13.387811
7 31 13.282410
7 32 14.686618
7 33 14.076306
7 34 13.879072
7 35 14.000360
7 36 11.642697
7 37 10.986893
7 38 11.300092
7 39 13.016328
7 40 12.200063
7 41 14.480980
7 42 14.479741
7 43 11.415175
7 44 13.082310
7 45 11.488833
7 46 11.151476
7 47 14.187776
7 48 11.891914
7 49 14.008347
7 50 14.272657
8 0 14.104072
8 1 11.633375
8 2 11.561363
8 3 11.181300
8 4 13.590704
8 5 11.761818
8 6 13.675389
8 7 11.833298
8 9 13.253237
8 10 13.216082
8 11 13.786785
8 12 12.747252
8 13 13.738122
8 14 12.622132
8 15 13.397267
8 16 13.206555
8 17 13.144019
8 18 13.315540
8 19 14.205458
8 20 13.630555
8 21 11.487530
8 22 11.013823
8 23 13.692420
8 24 13.148716
8 25 14.161808
8 26 14.134519
8 27 11.116790
8 28 13.453966
8 29 11.054560
8 30 12.832150
8 31 11.328380
8 32 13.410002
8 33 13.161147
8 34 13.316008
8 35 14.497580
8 36 11.074408
8 37 14.389444
8 38 11.605024
8 39 11.491266
8 40 13.148658
8 41 13.146310
8 42 11.761345
8 43 14.549048
8 44 11.894668
8 45 11.739862
8 46 14.688814
8 47 12.457048
8 48 12.328741
8 49 14.156380
8 50 13.122839
9 0 11.441616
9 1 12.984666
9 2 12.370560
9 3 14.530014
9 4 12.675076
9 5 12.716162
9 6 11.274875
9 7 12.991343
9 8 13.253237
9 10 13.095099
9 11 14.262605
9 12 14.266884
9 13 11.662010
9 14 14.159814
9 15 13.398904
9 16 12.959610
9 17 12.103187
9 18 13.557309
9 19 12.525302
9 20 13.035391
9 21 11.739827
9 22 11.475703
9 23 11.214438
9 24 11.756260
9 25 12.371510
9 26 14.203686
9 27 12.967545
9 28 12.482082
9 29 12.459012
9 30 13.362610
9 31 12.213023
9 32 14.056585
9 33 14.556040
9 34 13.766852
9 35 11.173498
9 36 14.462038
9 37 12.314295
9 38 13.332925
9 39 14.109616
9 40 14.523997
9 41 12.014961
9 42 14.193547
9 43 12.328066
9 44 11.472120
9 45 11.055111
9 46 14.359415
9 47 11.997939
9 48 13.880468
9 49 12.931436
9 50 12.206220
10 0 14.472238
10 1 13.801755
10 2 12.217995
10 3 12.141353
10 4 13.517820
10 5 14.819861
10 6 13.215160
10 7 12.235439
10 8 13.216082
10 9 13.095099
10 11 14.284363
10 12 12.952595
10 13 11.343181
10 14 14.127424
10 15 14.055757
10 16 13.249924
10 17 14.702592
10 18 14.392546
10 19 13.368547
10 20 11.676376
10 21 11.255825
10 22 12.839494
10 23 11.774449
10 24 13.321408
10 25 13.795216
10 26 13.708706
10 27 11.830901
10 28 12.398322
10 29 12.345950
10 30 13.489432
10 31 11.927933
10 32 14.129246
10 33 11.574217
10 34 13.791408
10 35 14.556163
10 36 13.462805
10 37 14.231638
10 38 12.217933
10 39 12.924529
10 40 13.929390
10 41 14.234003
10 42 12.750015
10 43 12.493021
10 44 13.650855
10 45 12.056349
10 46 11.399531
10 47 11.338608
10 48 14.320506
10 49 12.693367
10 50 14.133503
11 0 14.072768
11 1 13.709613
11 2 12.696097
11 3 11.673807
11 4 12.373409
11 5 14.625691
11 6 11.614695
11 7 12.475034
11 8 13.786785
11 9 14.262605
11 10 14.284363
11 12 13.303616
11 13 12.309280
11 14 11.802277
11 15 12.907145
11 16 12.117927
11 17 12.061725
11 18 12.891552
11 19 11.786554
11 20 12.647918
11 21 14.814187
11 22 12.826576
11 23 12.338837
11 24 14.603688
11 25 12.843886
11 26 11.830336
11 27 12.980643
11 28 14.751430
11 29 13.523538
11 30 13.508772
11 31 13.935076
11 32 14.132914
11 33 13.913248
11 34 14.218951
11 35 13.079962
11 36 11.477471
11 37 13.413988
11 38 12.218912
11 39 13.007812
11 40 13.745092
11 41 14.638973
11 42 12.998498
11 43 11.171091
11 44 11.869911
11 45 10.954133
11 46 12.406355
11 47 14.461679
11 48 12.495291
11 49 12.356039
11 50 13.214254
12 0 14.416926
12 1 14.424406
12 2 13.671695
12 3 11.822532
12 4 13.741176
12 5 10.954852
12 6 14.796008
12 7 12.146751
12 8 12.747252
12 9 14.266884
12 10 12.952595
12 11 13.303616
12 13 12.944529
12 14 12.990063
12 15 10.923648
12 16 12.766170
12 17 14.056940
12 18 14.725865
12 19 12.581236
12 20 11.872198
12 21 13.638569
12 22 14.479708
12 23 11.220057
12 24 13.450450
12 25 13.490824
12 26 13.113687
12 27 13.072013
12 28 14.539020
12 29 13.632530
12 30 14.512614
12 31 13.960273
12 32 12.786164
12 33 13.070505
12 34 11.410558
12 35 11.582946
12 36 12.660270
12 37 13.788679
12 38 13.092781
12 39 13.140727
12 40 14.817428
12 41 11.599218
12 42 12.997361
12 43 13.343671
12 44 14.156953
12 45 13.564568
12 46 13.603999
12 47 14.164600
12 48 13.142871
12 49 14.054087
12 50 11.438294
13 0 11.915614
13 1 12.439869
13 2 13.317608
13 3 13.989861
13 4 12.765835
13 5 12.209257
13 6 13.595615
13 7 13.124699
13 8 13.738122
13 9 11.662010
13 10 11.343181
13 11 12.309280
13 12 12.944529
13 14 12.832407
13 15 13.734317
13 16 14.274531
13 17 12.339514
13 18 12.246340
13 19 13.733185
13 20 14.774680
13 21 11.590356
13 22 13.676659
13 23 11.206046
13 24 13.107332
13 25 12.272279
13 26 13.838439
13 27 11.609962
13 28 11.192358
13 29 11.711352
13 30 13.279455
13 31 11.818633
13 32 11.066063
13 33 11.642807
13 34 14.689904
13 35 13.832610
13 36 11.804461
13 37 12.744858
13 38 11.551013
13 39 11.769299
13 40 13.659642
13 41 13.168610
13 42 12.329475
13 43 13.357276
13 44 14.530913
13 45 13.371676
13 46 13.481007
13 47 12.463449
13 48 13.065530
13 49 14.697380
13 50 13.930159
14 0 12.089972
14 1 14.189877
14 2 11.450265
14 3 11.135881
14 4 13.100884
14 5 11.179462
14 6 13.011809
14 7 12.952312
14 8 12.622132
14 9 14.159814
14 10 14.127424
14 11 11.802277
14 12 12.990063
14 13 12.832407
14 15 12.840357
14 16 11.363311
14 17 11.799098
14 18 13.362863
14 19 12.797884
14 20 10.921346
14 21 14.660842
14 22 14.185936
14 23 12.200726
14 24 11.288521
14 25 12.195175
14 26 14.250329
14 27 14.725062
14 28 14.495414
14 29 12.977444
14 30 14.614153
14 31 14.693306
14 32 11.724765
14 33 13.258365
14 34 14.612675
14 35 12.653836
14 36 11.801611
14 37 11.860997
14 38 10.952436
14 39 13.232317
14 40 12.165030
14 41 11.763518
14 42 12.328505
14 43 13.174694
14 44 14.337640
14 45 11.121074
14 46 11.869343
14 47 13.723732
14 48 13.418414
14 49 12.817477
14 50 13.722482
15 0 11.329215
15 1 11.507620
15 2 11.567074
15 3 13.850776
15 4 13.913784
15 5 12.129500
15 6 13.855281
15 7 13.363178
15 8 13.397267
15 9 13.398904
15 10 14.055757
15 11 12.907145
15 12 10.923648
15 13 13.734317
15 14 12.840357
15 16 14.243530
15 17 11.526168
15 18 13.162084
15 19 11.575826
15 20 12.696756
15 21 12.904626
15 22 13.116820
15 23 14.377351
15 24 11.779382
15 25 11.955692
15 26 13.541913
15 27 11.405341
15 28 14.722886
15 29 11.242360
15 30 13.819612
15 31 13.762585
15 32 13.836982
15 33 14.425936
15 34 14.670857
15 35 13.609747
15 36 12.442265
15 37 14.297172
15 38 11.332246
15 39 11.219264
15 40 13.847222
15 41 14.152470
15 42 13.931569
15 43 13.224080
15 44 14.359343
15 45 11.914645
15 46 12.988048
15 47 10.969935
15 48 13.598849
15 49 13.579865
15 50 11.486512
16 0 14.748952
16 1 12.228825
16 2 12.474120
16 3 10.942930
16 4 12.185682
16 5 12.833120
16 6 13.853567
16 7 13.898334
16 8 13.206555
16 9 12.959610
16 10 13.249924
16 11 12.117927
16 12 12.766170
16 13 14.274531
16 14 11.363311
16 15 14.243530
16 17 12.343771
16 18 12.728282
16 19 12.040234
16 20 14.051268
16 21 12.581914
16 22 13.664476
16 23 13.066278
16 24 12.426557
16 25 14.338691
16 26 11.880428
16 27 13.504657
16 28 11.744341
16 29 12.997267
16 30 11.230700
16 31 12.813831
16 32 13.081043
16 33 11.625937
16 34 14.410785
16 35 14.593957
16 36 12.621293
16 37 11.575713
16 38 14.115682
16 39 12.572329
16 40 11.644123
16 41 11.651388
16 42 12.253783
16 43 11.623970
16 44 11.892359
16 45 14.500299
16 46 11.629718
16 47 14.400057
16 48 12.494576
16 49 11.000123
16 50 11.709974
17 0 12.638532
17 1 13.738383
17 2 13.360710
17 3 11.572232
17 4 14.416559
17 5 13.952586
17 6 14.481567
17 7 13.499597
17 8 13.144019
17 9 12.103187
17 10 14.702592
17 11 12.061725
17 12 14.056940
17 13 12.339514
17 14 11.799098
17 15 11.526168
17 16 12.343771
17 18 11.332376
17 19 11.636893
17 20 11.725977
17 21 12.015766
17 22 12.597051
17 23 14.749119
17 24 10.923930
17 25 14.747077
17 26 13.993308
17 27 14.017595
17 28 14.388177
17 29 14.375575
17 30 12.415087
17 31 12.760030
17 32 13.012578
17 33 12.274419
17 34 14.789745
17 35 10.969503
17 36 11.725379
17 37 12.682364
17 38 13.555880
17 39 12.867818
17 40 12.287261
17 41 13.419584
17 42 11.372726
17 43 14.054762
17 44 12.437586
17 45 12.539590
17 46 14.479000
17 47 14.625988
17 48 12.143828
17 49 13.052302
17 50 12.294229
18 0 11.810343
18 1 11.225825
18 2 12.794372
18 3 11.157545
18 4 11.435547
18 5 14.745001
18 6 14.701540
18 7 13.618737
18 8 13.315540
18 9 13.557309
18 10 14.392546
18 11 12.891552
18 12 14.725865
18 13 12.246340
18 14 13.362863
18 15 13.162084
18 16 12.728282
18 17 11.332376
18 19 11.185821
18 20 14.209079
18 21 14.098189
18 22 13.278686
18 23 11.462317
18 24 13.169113
18 25 14.082508
18 26 12.906082
18 27 13.562968
18 28 13.094491
18 29 11.256705
18 30 12.935913
18 31 13.800106
18 32 11.359930
18 33 14.579520
18 34 13.041280
18 35 11.776721
18 36 12.134461
18 37 11.390397
18 38 11.956421
18 39 13.107153
18 40 14.332483
18 41 14.757364
18 42 10.929033
18 43 11.484325
18 44 14.332553
18 45 12.838366
18 46 11.880821
18 47 12.359355
18 48 14.230175
18 49 11.772891
18 50 14.574492
19 0 10.994065
19 1 11.915529
19 2 14.147655
19 3 12.756606
19 4 14.676685
19 5 14.260653
19 6 13.040582
19 7 13.652728
19 8 14.205458
19 9 12.525302
19 10 13.368547
19 11 11.786554
19 12 12.581236
19 13 13.733185
19 14 12.797884
19 15 11.575826
19 16 12.040234
19 17 11.636893
19 18 11.185821
19 20 11.237625
19 21 10.980968
19 22 13.732665
19 23 11.704510
19 24 13.644082
19 25 12.898516
19 26 13.948112
19 27 11.173586
19 28 11.925190
19 29 14.590206
19 30 13.336214
19 31 14.638784
19 32 11.348985
19 33 11.293558
19 34 13.593825
19 35 12.908226
19 36 14.679311
19 37 11.810715
19 38 14.723903
19 39 14.192245
19 40 13.514498
19 41 13.497565
19 42 14.375006
19 43 13.282026
19 44 14.071058
19 45 13.405525
19 46 11.378627
19 47 14.109892
19 48 11.726191
19 49 12.410632
19 50 13.125174
20 0 13.091588
20 1 14.521493
20 2 11.183864
20 3 13.286045
20 4 14.608692
20 5 12.738128
20 6 11.840987
20 7 13.901199
20 8 13.630555
20 9 13.035391
20 10 11.676376
20 11 12.647918
20 12 11.872198
20 13 14.774680
20 14 10.921346
20 15 12.696756
20 16 14.051268
20 17 11.725977
20 18 14.209079
20 19 11.237625
20 21 14.206217
20 22 12.682601
20 23 10.957315
20 24 14.448036
20 25 13.053203
20 26 13.739894
20 27 12.326024
20 28 11.106122
20 29 11.704704
20 30 11.381655
20 31 13.940883
20 32 12.961580
20 33 12.621375
20 34 13.104734
20 35 14.783305
20 36 14.142760
20 37 14.198821
20 38 14.608278
20 39 13.222390
20 40 11.512530
20 41 11.464234
20 42 12.064673
20 43 12.910195
20 44 12.779121
20 45 12.639026
20 46 11.214132
20 47 10.927117
20 48 13.473045
20 49 13.628195
20 50 12.992008
21 0 11.661954
21 1 11.155492
21 2 13.200673
21 3 14.470481
21 4 14.672012
21 5 12.801240
21 6 14.600836
21 7 14.656627
21 8 11.487530
21 9 11.739827
21 10 11.255825
21 11 14.814187
21 12 13.638569
21 13 11.590356
21 14 14.660842
21 15 12.904626
21 16 12.581914
21 17 12.015766
21 18 14.098189
21 19 10.980968
21 20 14.206217
21 22 12.840472
21 23 14.132869
21 24 11.175154
21 25 11.762020
21 26 11.429774
21 27 11.773759
21 28 12.515215
21 29 13.548454
21 30 13.434355
21 31 13.114005
21 32 14.134767
21 33 11.516438
21 34 14.178910
21 35 13.933155
21 36 11.728118
21 37 11.351008
21 38 13.845470
21 39 11.484552
21 40 14.533411
21 41 13.497610
21 42 14.510691
21 43 12.120509
21 44 10.997947
21 45 12.309654
21 46 12.743991
21 47 13.518517
21 48 13.867290
21 49 12.554492
21 50 13.021915
22 0 13.131689
22 1 14.211992
22 2 14.522930
22 3 12.348117
22 4 13.847783
22 5 11.837871
22 6 14.257868
22 7 13.887495
22 8 11.013823
22 9 11.475703
22 10 12.839494
22 11 12.826576
22 12 14.479708
22 13 13.676659
22 14 14.185936
22 15 13.116820
22 16 13.664476
22 17 12.597051
22 18 13.278686
22 19 13.732665
22 20 12.682601
22 21 12.840472
22 23 12.146211
22 24 13.429530
22 25 14.638316
22 26 11.316847
22 27 12.151134
22 28 13.774067
22 29 13.617353
22 30 13.274904
22 31 13.506872
22 32 12.323294
22 33 13.201943
22 34 11.454643
22 35 14.497874
22 36 13.192207
22 37 11.033390
22 38 13.389717
22 39 13.837441
22 40 13.165277
22 41 12.029431
22 42 12.148542
22 43 14.132929
22 44 13.148968
22 45 12.319363
22 46 12.148531
22 47 11.319664
22 48 12.361158
22 49 12.439641
22 50 13.250334
23 0 14.479198
23 1 13.181514
23 2 11.127018
23 3 12.056111
23 4 11.782876
23 5 13.088420
23 6 12.637012
23 7 14.150015
23 8 13.692420
23 9 11.214438
23 10 11.774449
23 11 12.338837
23 12 11.220057
23 13 11.206046
23 14 12.200726
23 15 14.377351
23 16 13.066278
23 17 14.749119
23 18 11.462317
23 19 11.704510
23 20 10.957315
23 21 14.132869
23 22 12.146211
23 24 11.409528
23 25 13.697076
23 26 12.041098
23 27 14.196056
23 28 14.247761
23 29 12.711606
23 30 12.974892
23 31 12.651346
23 32 11.374930
23 33 12.673103
23 34 11.755736
23 35 13.323122
23 36 11.208274
23 37 12.842211
23 38 11.096929
23 39 12.660194
23 40 11.797484
23 41 12.497933
23 42 12.302479
23 43 13.627890
23 44 12.976624
23 45 11.756278
23 46 12.153686
23 47 11.801142
23 48 13.477148
23 49 11.747882
23 50 13.664578
24 0 14.611346
24 1 13.545362
24 2 14.769432
24 3 12.642599
24 4 14.303736
24 5 14.542724
24 6 10.975102
24 7 14.260518
24 8 13.148716
24 9 11.756260
24 10 13.321408
24 11 14.603688
24 12 13.450450
24 13 13.107332
24 14 11.288521
24 15 11.779382
24 16 12.426557
24 17 10.923930
24 18 13.169113
24 19 13.644082
24 20 14.448036
24 21 11.175154
24 22 13.429530
24 23 11.409528
24 25 12.892309
24 26 11.905045
24 27 14.338700
24 28 12.761451
24 29 12.897596
24 30 14.653844
24 31 11.941347
24 32 12.315981
24 33 12.610798
24 34 11.990756
24 35 12.217033
24 36 12.887486
24 37 11.439562
24 38 14.571531
24 39 12.033957
24 40 12.069917
24 41 10.939493
24 42 12.462502
24 43 11.618625
24 44 14.375771
24 45 12.272786
24 46 13.572065
24 47 12.501107
24 48 13.845863
24 49 12.211441
24 50 11.625846
25 0 13.115642
25 1 13.129870
25 2 12.146726
25 3 11.441438
25 4 13.545459
25 5 11.979573
25 6 14.537246
25 7 14.223772
25 8 14.161808
25 9 12.371510
25 10 13.795216
25 11 12.843886
25 12 13.490824
25 13 12.272279
25 14 12.195175
25 15 11.955692
25 16 14.338691
25 17 14.747077
25 18 14.082508
25 19 12.898516
25 20 13.053203
25 21 11.762020
25 22 14.638316
25 23 13.697076
25 24 12.892309
25 26 12.964528
25 27 14.529984
25 28 11.574803
25 29 13.109465
25 30 14.708303
25 31 11.389343
25 32 14.797191
25 33 14.113307
25 34 13.041847
25 35 13.974318
25 36 13.856562
25 37 11.999798
25 38 11.667553
25 39 12.492331
25 40 12.843528
25 41 11.485535
25 42 12.752215
25 43 13.230903
25 44 11.885930
25 45 14.336695
25 46 12.095806
25 47 11.473216
25 48 11.400759
25 49 12.577845
25 50 12.501428
26 0 14.070880
26 1 14.295872
26 2 12.655478
26 3 11.008349
26 4 14.045094
26 5 12.722502
26 6 14.362197
26 7 14.629985
26 8 14.134519
26 9 14.203686
26 10 13.708706
26 11 11.830336
26 12 13.113687
26 13 13.838439
26 14 14.250329
26 15 13.541913
26 16 11.880428
26 17 13.993308
26 18 12.906082
26 19 13.948112
26 20 13.739894
26 21 11.429774
26 22 11.316847
26 23 12.041098
26 24 11.905045
26 25 12.964528
26 27 12.649622
26 28 11.616603
26 29 11.610552
26 30 12.293466
26 31 13.031774
26 32 13.380144
26 33 11.721125
26 34 11.835806
26 35 13.568202
26 36 11.885693
26 37 11.863713
26 38 12.018719
26 39 12.788098
26 40 12.847456
26 41 14.612287
26 42 13.946473
26 43 11.266786
26 44 14.229351
26 45 13.113649
26 46 14.633493
26 47 14.724103
26 48 11.106868
26 49 12.971810
26 50 12.356711
27 0 11.064894
27 1 12.466079
27 2 12.647660
27 3 13.371720
27 4 14.274220
27 5 14.253275
27 6 12.135291
27 7 11.083121
27 8 11.116790
27 9 12.967545
27 10 11.830901
27 11 12.980643
27 12 13.072013
27 13 11.609962
27 14 14.725062
27 15 11.405341
27 16 13.504657
27 17 14.017595
27 18 13.562968
27 19 11.173586
27 20 12.326024
27 21 11.773759
27 22 12.151134
27 23 14.196056
27 24 14.338700
27 25 14.529984
27 26 12.649622
27 28 13.513931
27 29 14.645230
27 30 12.826733
27 31 11.214213
27 32 11.877868
27 33 13.867631
27 34 13.490812
27 35 13.422872
27 36 13.512095
27 37 12.909332
27 38 13.676192
27 39 11.011487
27 40 13.590035
27 41 11.424838
27 42 12.466823
27 43 11.752942
27 44 14.673435
27 45 12.312683
27 46 11.461870
27 47 13.958217
27 48 12.004783
27 49 11.669936
27 50 12.034425
28 0 13.997887
28 1 12.859793
28 2 12.305126
28 3 14.117552
28 4 10.948544
28 5 13.817300
28 6 11.717471
28 7 11.706342
28 8 13.453966
28 9 12.482082
28 10 12.398322
28 11 14.751430
28 12 14.539020
28 13 11.192358
28 14 14.495414
28 15 14.722886
28 16 11.744341
28 17 14.388177
28 18 13.094491
28 19 11.925190
28 20 11.106122
28 21 12.515215
28 22 13.774067
28 23 14.247761
28 24 12.761451
28 25 11.574803
28 26 11.616603
28 27 13.513931
28 29 11.555804
28 30 12.144366
28 31 14.073693
28 32 11.869022
28 33 12.034382
28 34 12.600592
28 35 12.777500
28 36 12.339782
28 37 11.537534
28 38 11.853432
28 39 13.104325
28 40 13.128121
28 41 13.351093
28 42 11.289863
28 43 11.709701
28 44 13.387261
28 45 11.458760
28 46 11.962961
28 47 13.558662
28 48 14.317924
28 49 11.971026
28 50 12.789014
29 0 14.412608
29 1 13.455913
29 2 13.043042
29 3 12.602209
29 4 14.482124
29 5 14.259218
29 6 11.583927
29 7 11.945745
29 8 11.054560
29 9 12.459012
29 10 12.345950
29 11 13.523538
29 12 13.632530
29 13 11.711352
29 14 12.977444
29 15 11.242360
29 16 12.997267
29 17 14.375575
29 18 11.256705
29 19 14.590206
29 20 11.704704
29 21 13.548454
29 22 13.617353
29 23 12.711606
29 24 12.897596
29 25 13.109465
29 26 11.610552
29 27 14.645230
29 28 11.555804
29 30 14.495935
29 31 13.383534
29 32 11.123437
29 33 12.483757
29 34 12.312119
29 35 11.382268
29 36 12.362189
29 37 13.892071
29 38 14.480264
29 39 12.231231
29 40 13.362999
29 41 13.818880
29 42 12.807401
29 43 11.767691
29 44 12.516601
29 45 14.724606
29 46 13.307806
29 47 12.663340
29 48 11.856747
29 49 11.497548
29 50 14.167906
30 0 13.229852
30 1 11.594157
30 2 12.103006
30 3 12.109904
30 4 13.694475
30 5 12.871396
30 6 14.473417
30 7 13.387811
30 8 12.832150
30 9 13.362610
30 10 13.489432
30 11 13.508772
30 12 14.512614
30 13 13.279455
30 14 14.614153
30 15 13.819612
30 16 11.230700
30 17 12.415087
30 18 12.935913
30 19 13.336214
30 20 11.381655
30 21 13.434355
30 22 13.274904
30 23 12.974892
30 24 14.653844
30 25 14.708303
30 26 12.293466
30 27 12.826733
30 28 12.144366
30 29 14.495935
30 31 13.660923
30 32 13.096746
30 33 12.419107
30 34 12.625429
30 35 12.662053
30 36 12.897256
30 37 14.505203
30 38 11.133424
30 39 14.193118
30 40 11.911282
30 41 12.300032
30 42 11.430791
30 43 12.783742
30 44 14.543875
30 45 14.677831
30 46 13.764205
30 47 14.125092
30 48 12.295117
30 49 13.042511
30 50 11.688697
31 0 12.300243
31 1 11.297137
31 2 12.232890
31 3 14.051836
31 4 10.976194
31 5 11.135344
31 6 13.967000
31 7 13.282410
31 8 11.328380
31 9 12.213023
31 10 11.927933
31 11 13.935076
31 12 13.960273
31 13 11.818633
31 14 14.693306
31 15 13.762585
31 16 12.813831
31 17 12.760030
31 18 13.800106
31 19 14.638784
31 20 13.940883
31 21 13.114005
31 22 13.506872
31 23 12.651346
31 24 11.941347
31 25 11.389343
31 26 13.031774
31 27 11.214213
31 28 14.073693
31 29 13.383534
31 30 13.660923
31 32 12.598090
31 33 14.670826
31 34 14.693649
31 35 13.782579
31 36 14.815774
31 37 12.418636
31 38 14.113036
31 39 11.200890
31 40 13.560737
31 41 12.058269
31 42 12.308831
31 43 13.024996
31 44 12.707150
31 45 12.358255
31 46 14.293255
31 47 13.578267
31 48 12.728601
31 49 12.297249
31 50 11.013258
32 0 12.300189
32 1 11.498349
32 2 11.993804
32 3 13.149257
32 4 11.916459
32 5 13.884796
32 6 13.246698
32 7 14.686618
32 8 13.410002
32 9 14.056585
32 10 14.129246
32 11 14.132914
32 12 12.786164
32 13 11.066063
32 14 11.724765
32 15 13.836982
32 16 13.081043
32 17 13.012578
32 18 11.359930
32 19 11.348985
32 20 12.961580
32 21 14.134767
32 22 12.323294
32 23 11.374930
32 24 12.315981
32 25 14.797191
32 26 13.380144
32 27 11.877868
32 28 11.869022
32 29 11.123437
32 30 13.096746
32 31 12.598090
32 33 13.906923
32 34 11.439912
32 35 12.361042
32 36 11.396860
32 37 13.418786
32 38 11.798201
32 39 12.778248
32 40 14.332579
32 41 12.356260
32 42 11.232732
32 43 14.326272
32 44 11.393680
32 45 11.882618
32 46 11.593776
32 47 10.922745
32 48 14.687152
32 49 11.556498
32 50 12.069544
33 0 13.250531
33 1 14.113821
33 2 14.586509
33 3 12.034095
33 4 11.737913
33 5 14.334113
33 6 14.309872
33 7 14.076306
33 8 13.161147
33 9 14.556040
33 10 11.574217
33 11 13.913248
33 12 13.070505
33 13 11.642807
33 14 13.258365
33 15 14.425936
33 16 11.625937
33 17 12.274419
33 18 14.579520
33 19 11.293558
33 20 12.621375
33 21 11.516438
33 22 13.201943
33 23 12.673103
33 24 12.610798
33 25 14.113307
33 26 11.721125
33 27 13.867631
33 28 12.034382
33 29 12.483757
33 30 12.419107
33 31 14.670826
33 32 13.906923
33 34 12.054304
33 35 11.640821
33 36 12.343764
33 37 12.553919
33 38 13.837412
33 39 14.793840
33 40 14.434774
33 41 13.384049
33 42 12.815489
33 43 13.421494
33 44 12.629649
33 45 12.186170
33 46 11.597139
33 47 13.381825
33 48 11.813940
33 49 11.515326
33 50 13.441860
34 0 11.623441
34 1 13.231783
34 2 12.429322
34 3 12.329938
34 4 14.446952
34 5 13.034642
34 6 12.750778
34 7 13.879072
34 8 13.316008
34 9 13.766852
34 10 13.791408
34 11 14.218951
34 12 11.410558
34 13 14.689904
34 14 14.612675
34 15 14.670857
34 16 14.410785
34 17 14.789745
34 18 13.041280
34 19 13.593825
34 20 13.104734
34 21 14.178910
34 22 11.454643
34 23 11.755736
34 24 11.990756
34 25 13.041847
34 26 11.835806
34 27 13.490812
34 28 12.600592
34 29 12.312119
34 30 12.625429
34 31 14.693649
34 32 11.439912
34 33 12.054304
34 35 12.302639
34 36 13.730343
34 37 11.450784
34 38 12.740457
34 39 13.418496
34 40 11.237711
34 41 12.046814
34 42 11.699108
34 43 14.005228
34 44 12.458240
34 45 13.231556
34 46 12.521952
34 47 11.887809
34 48 12.337746
34 49 13.122531
34 50 12.708030
35 0 12.403671
35 1 13.703441
35 2 14.497282
35 3 11.195506
35 4 12.592389
35 5 13.321633
35 6 11.854399
35 7 14.000360
35 8 14.497580
35 9 11.173498
35 10 14.556163
35 11 13.079962
35 12 11.582946
35 13 13.832610
35 14 12.653836
35 15 13.609747
35 16 14.593957
35 17 10.969503
35 18 11.776721
35 19 12.908226
35 20 14.783305
35 21 13.933155
35 22 14.497874
35 23 13.323122
35 24 12.217033
35 25 13.974318
35 26 13.568202
35 27 13.422872
35 28 12.777500
35 29 11.382268
35 30 12.662053
35 31 13.782579
35 32 12.361042
35 33 11.640821
35 34 12.302639
35 36 11.649019
35 37 13.742812
35 38 13.700907
35 39 12.987765
35 40 11.499805
35 41 14.555879
35 42 13.014699
35 43 13.469755
35 44 12.831061
35 45 13.100854
35 46 13.967527
35 47 13.063129
35 48 12.360709
35 49 12.127704
35 50 13.980933
36 0 13.217631
36 1 11.992706
36 2 11.750834
36 3 14.037506
36 4 12.575919
36 5 12.477960
36 6 12.182090
36 7 11.642697
36 8 11.074408
36 9 14.462038
36 10 13.462805
36 11 11.477471
36 12 12.660270
36 13 11.804461
36 14 11.801611
36 15 12.442265
36 16 12.621293
36 17 11.725379
36 18 12.134461
36 19 14.679311
36 20 14.142760
36 21 11.728118
36 22 13.192207
36 23 11.208274
36 24 12.887486
36 25 13.856562
36 26 11.885693
36 27 13.512095
36 28 12.339782
36 29 12.362189
36 30 12.897256
36 31 14.815774
36 32 11.396860
36 33 12.343764
36 34 13.730343
36 35 11.649019
36 37 14.032233
36 38 12.099424
36 39 13.212602
36 40 12.248469
36 41 11.365637
36 42 11.895840
36 43 14.774442
36 44 12.773764
36 45 12.490120
36 46 13.516346
36 47 11.320714
36 48 12.672555
36 49 11.001250
36 50 14.521634
37 0 13.304582
37 1 13.943182
37 2 13.782499
37 3 13.319287
37 4 14.321567
37 5 11.504834
37 6 14.614412
37 7 10.986893
37 8 14.389444
37 9 12.314295
37 10 14.231638
37 11 13.413988
37 12 13.788679
37 13 12.744858
37 14 11.860997
37 15 14.297172
37 16 11.575713
37 17 12.682364
37 18 11.390397
37 19 11.810715
37 20 14.198821
37 21 11.351008
37 22 11.033390
37 23 12.842211
37 24 11.439562
37 25 11.999798
37 26 11.863713
37 27 12.909332
37 28 11.537534
37 29 13.892071
37 30 14.505203
37 31 12.418636
37 32 13.418786
37 33 12.553919
37 34 11.450784
37 35 13.742812
37 36 14.032233
37 38 14.203951
37 39 13.945934
37 40 13.239127
37 41 11.348350
37 42 12.407662
37 43 12.591337
37 44 12.602512
37 45 14.379941
37 46 13.826654
37 47 12.806191
37 48 13.334418
37 49 11.898869
37 50 13.339289
38 0 13.023423
38 1 11.583459
38 2 12.628099
38 3 11.573790
38 4 13.082449
38 5 14.063455
38 6 13.153732
38 7 11.300092
38 8 11.605024
38 9 13.332925
38 10 12.217933
38 11 12.218912
38 12 13.092781
38 13 11.551013
38 14 10.952436
38 15 11.332246
38 16 14.115682
38 17 13.555880
38 18 11.956421
38 19 14.723903
38 20 14.608278
38 21 13.845470
38 22 13.389717
38 23 11.096929
38 24 14.571531
38 25 11.667553
38 26 12.018719
38 27 13.676192
38 28 11.853432
38 29 14.480264
38 30 11.133424
38 31 14.113036
38 32 11.798201
38 33 13.837412
38 34 12.740457
38 35 13.700907
38 36 12.099424
38 37 14.203951
38 39 12.212777
38 40 13.959011
38 41 11.504352
38 42 11.327684
38 43 13.959202
38 44 12.760296
38 45 13.122986
38 46 14.409126
38 47 12.174381
38 48 12.874158
38 49 11.428508
38 50 14.656624
39 0 14.600843
39 1 13.709468
39 2 12.699436
39 3 13.817946
39 4 12.683465
39 5 14.100032
39 6 12.838645
39 7 13.016328
39 8 11.491266
39 9 14.109616
39 10 12.924529
39 11 13.007812
39 12 13.140727
39 13 11.769299
39 14 13.232317
39 15 11.219264
39 16 12.572329
39 17 12.867818
39 18 13.107153
39 19 14.192245
39 20 13.222390
39 21 11.484552
39 22 13.837441
39 23 12.660194
39 24 12.033957
39 25 12.492331
39 26 12.788098
39 27 11.011487
39 28 13.104325
39 29 12.231231
39 30 14.193118
39 31 11.200890
39 32 12.778248
39 33 14.793840
39 34 13.418496
39 35 12.987765
39 36 13.212602
39 37 13.945934
39 38 12.212777
39 40 14.612706
39 41 12.106539
39 42 14.703890
39 43 12.305368
39 44 11.177255
39 45 11.333541
39 46 14.688648
39 47 14.641795
39 48 13.214607
39 49 12.565350
39 50 11.878691
40 0 14.119559
40 1 13.750312
40 2 13.356902
40 3 14.431545
40 4 12.928803
40 5 11.379289
40 6 12.927692
40 7 12.200063
40 8 13.148658
40 9 14.523997
40 10 13.929390
40 11 13.745092
40 12 14.817428
40 13 13.659642
40 14 12.165030
40 15 13.847222
40 16 11.644123
40 17 12.287261
40 18 14.332483
40 19 13.514498
40 20 11.512530
40 21 14.533411
40 22 13.165277
40 23 11.797484
40 24 12.069917
40 25 12.843528
40 26 12.847456
40 27 13.590035
40 28 13.128121
40 29 13.362999
40 30 11.911282
40 31 13.560737
40 32 14.332579
40 33 14.434774
40 34 11.237711
40 35 11.499805
40 36 12.248469
40 37 13.239127
40 38 13.959011
40 39 14.612706
40 41 12.081653
40 42 14.490958
40 43 12.640300
40 44 12.166637
40 45 13.492291
40 46 12.686229
40 47 13.862539
40 48 11.129936
40 49 11.599282
40 50 14.664766
41 0 13.345933
41 1 12.795982
41 2 13.033056
41 3 14.686606
41 4 11.441831
41 5 14.189120
41 6 12.828400
41 7 14.480980
41 8 13.146310
41 9 12.014961
41 10 14.234003
41 11 14.638973
41 12 11.599218
41 13 13.168610
41 14 11.763518
41 15 14.152470
41 16 11.651388
41 17 13.419584
41 18 14.757364
41 19 13.497565
41 20 11.464234
41 21 13.497610
41 22 12.029431
41 23 12.497933
41 24 10.939493
41 25 11.485535
41 26 14.612287
41 27 11.424838
41 28 13.351093
41 29 13.818880
41 30 12.300032
41 31 12.058269
41 32 12.356260
41 33 13.384049
41 34 12.046814
41 35 14.555879
41 36 11.365637
41 37 11.348350
41 38 11.504352
41 39 12.106539
41 40 12.081653
41 42 12.144974
41 43 14.540456
41 44 14.737258
41 45 11.843345
41 46 11.728248
41 47 14.155592
41 48 14.672940
41 49 12.899077
41 50 11.125003
42 0 12.463723
42 1 12.837633
42 2 14.470453
42 3 13.624821
42 4 11.398353
42 5 13.634342
42 6 11.595125
42 7 14.479741
42 8 11.761345
42 9 14.193547
42 10 12.750015
42 11 12.998498
42 12 12.997361
42 13 12.329475
42 14 12.328505
42 15 13.931569
42 16 12.253783
42 17 11.372726
42 18 10.929033
42 19 14.375006
42 20 12.064673
42 21 14.510691
42 22 12.148542
42 23 12.302479
42 24 12.462502
42 25 12.752215
42 26 13.946473
42 27 12.466823
42 28 11.289863
42 29 12.807401
42 30 11.430791
42 31 12.308831
42 32 11.232732
42 33 12.815489
42 34 11.699108
42 35 13.014699
42 36 11.895840
42 37 12.407662
42 38 11.327684
42 39 14.703890
42 40 14.490958
42 41 12.144974
42 43 12.037695
42 44 14.813982
42 45 11.428624
42 46 13.460634
42 47 12.786470
42 48 13.706771
42 49 11.229644
42 50 13.097315
43 0 13.884325
43 1 13.031242
43 2 12.254127
43 3 14.707065
43 4 11.893415
43 5 12.316554
43 6 13.521465
43 7 11.415175
43 8 14.549048
43 9 12.328066
43 10 12.493021
43 11 11.171091
43 12 13.343671
43 13 13.357276
43 14 13.174694
43 15 13.224080
43 16 11.623970
43 17 14.054762
43 18 11.484325
43 19 13.282026
43 20 12.910195
43 21 12.120509
43 22 14.132929
43 23 13.627890
43 24 11.618625
43 25 13.230903
43 26 11.266786
43 27 11.752942
43 28 11.709701
43 29 11.767691
43 30 12.783742
43 31 13.024996
43 32 14.326272
43 33 13.421494
43 34 14.005228
43 35 13.469755
43 36 14.774442
43 37 12.591337
43 38 13.959202
43 39 12.305368
43 40 12.640300
43 41 14.540456
43 42 12.037695
43 44 11.860501
43 45 12.612799
43 46 12.471411
43 47 10.947709
43 48 13.267100
43 49 14.320385
43 50 11.098543
44 0 13.820932
44 1 11.825746
44 2 14.531309
44 3 13.085152
44 4 13.890591
44 5 12.114521
44 6 13.149732
44 7 13.082310
44 8 11.894668
44 9 11.472120
44 10 13.650855
44 11 11.869911
44 12 14.156953
44 13 14.530913
44 14 14.337640
44 15 14.359343
44 16 11.892359
44 17 12.437586
44 18 14.332553
44 19 14.071058
44 20 12.779121
44 21 10.997947
44 22 13.148968
44 23 12.976624
44 24 14.375771
44 25 11.885930
44 26 14.229351
44 27 14.673435
44 28 13.387261
44 29 12.516601
44 30 14.543875
44 31 12.707150
44 32 11.393680
44 33 12.629649
44 34 12.458240
44 35 12.831061
44 36 12.773764
44 37 12.602512
44 38 12.760296
44 39 11.177255
44 40 12.166637
44 41 14.737258
44 42 14.813982
44 43 11.860501
44 45 13.043872
44 46 13.016697
44 47 14.778035
44 48 11.740555
44 49 12.727910
44 50 11.204934
45 0 13.273369
45 1 11.024135
45 2 14.498115
45 3 14.415789
45 4 13.084232
45 5 12.238208
45 6 13.052185
45 7 11.488833
45 8 11.739862
45 9 11.055111
45 10 12.056349
45 11 10.954133
45 12 13.564568
45 13 13.371676
45 14 11.121074
45 15 11.914645
45 16 14.500299
45 17 12.539590
45 18 12.838366
45 19 13.405525
45 20 12.639026
45 21 12.309654
45 22 12.319363
45 23 11.756278
45 24 12.272786
45 25 14.336695
45 26 13.113649
45 27 12.312683
45 28 11.458760
45 29 14.724606
45 30 14.677831
45 31 12.358255
45 32 11.882618
45 33 12.186170
45 34 13.231556
45 35 13.100854
45 36 12.490120
45 37 14.379941
45 38 13.122986
45 39 11.333541
45 40 13.492291
45 41 11.843345
45 42 11.428624
45 43 12.612799
45 44 13.043872
45 46 14.519786
45 47 13.060430
45 48 13.275727
45 49 11.684144
45 50 13.269713
46 0 11.448365
46 1 10.983047
46 2 11.247195
46 3 11.928839
46 4 13.665997
46 5 13.909007
46 6 13.307858
46 7 11.151476
46 8 14.688814
46 9 14.359415
46 10 11.399531
46 11 12.406355
46 12 13.603999
46 13 13.481007
46 14 11.869343
46 15 12.988048
46 16 11.629718
46 17 14.479000
46 18 11.880821
46 19 11.378627
46 20 11.214132
46 21 12.743991
46 22 12.148531
46 23 12.153686
46 24 13.572065
46 25 12.095806
46 26 14.633493
46 27 11.461870
46 28 11.962961
46 29 13.307806
46 30 13.764205
46 31 14.293255
46 32 11.593776
46 33 11.597139
46 34 12.521952
46 35 13.967527
46 36 13.516346
46 37 13.826654
46 38 14.409126
46 39 14.688648
46 40 12.686229
46 41 11.728248
46 42 13.460634
46 43 12.471411
46 44 13.016697
46 45 14.519786
46 47 11.435026
46 48 13.458777
46 49 14.300651
46 50 13.659834
47 0 13.805743
47 1 14.086261
47 2 11.116500
47 3 12.486819
47 4 11.316101
47 5 13.060242
47 6 13.948347
47 7 14.187776
47 8 12.457048
47 9 11.997939
47 10 11.338608
47 11 14.461679
47 12 14.164600
47 13 12.463449
47 14 13.723732
47 15 10.969935
47 16 14.400057
47 17 14.625988
47 18 12.359355
47 19 14.109892
47 20 10.927117
47 21 13.518517
47 22 11.319664
47 23 11.801142
47 24 12.501107
47 25 11.473216
47 26 14.724103
47 27 13.958217
47 28 13.558662
47 29 12.663340
47 30 14.125092
47 31 13.578267
47 32 10.922745
47 33 13.381825
47 34 11.887809
47 35 13.063129
47 36 11.320714
47 37 12.806191
47 38 12.174381
47 39 14.641795
47 40 13.862539
47 41 14.155592
47 42 12.786470
47 43 10.947709
47 44 14.778035
47 45 13.060430
47 46 11.435026
47 48 11.083551
47 49 12.868400
47 50 13.123004
48 0 14.592299
48 1 11.043548
48 2 11.478518
48 3 12.086745
48 4 14.292382
48 5 13.332025
48 6 13.076527
48 7 11.891914
48 8 12.328741
48 9 13.880468
48 10 14.320506
48 11 12.495291
48 12 13.142871
48 13 13.065530
48 14 13.418414
48 15 13.598849
48 16 12.494576
48 17 12.143828
48 18 14.230175
48 19 11.726191
48 20 13.473045
48 21 13.867290
48 22 12.361158
48 23 13.477148
48 24 13.845863
48 25 11.400759
48 26 11.106868
48 27 12.004783
48 28 14.317924
48 29 11.856747
48 30 12.295117
48 31 12.728601
48 32 14.687152
48 33 11.813940
48 34 12.337746
48 35 12.360709
48 36 12.672555
48 37 13.334418
48 38 12.874158
48 39 13.214607
48 40 11.129936
48 41 14.672940
48 42 13.706771
48 43 13.267100
48 44 11.740555
48 45 13.275727
48 46 13.458777
48 47 11.083551
48 49 12.837372
48 50 13.258093
49 0 14.331139
49 1 13.290264
49 2 14.615706
49 3 14.697536
49 4 11.142898
49 5 12.579881
49 6 14.678947
49 7 14.008347
49 8 14.156380
49 9 12.931436
49 10 12.693367
49 11 12.356039
49 12 14.054087
49 13 14.697380
49 14 12.817477
49 15 13.579865
49 16 11.000123
49 17 13.052302
49 18 11.772891
49 19 12.410632
49 20 13.628195
49 21 12.554492
49 22 12.439641
49 23 11.747882
49 24 12.211441
49 25 12.577845
49 26 12.971810
49 27 11.669936
49 28 11.971026
49 29 11.497548
49 30 13.042511
49 31 12.297249
49 32 11.556498
49 33 11.515326
49 34 13.122531
49 35 12.127704
49 36 11.001250
49 37 11.898869
49 38 11.428508
49 39 12.565350
49 40 11.599282
49 41 12.899077
49 42 11.229644
49 43 14.320385
49 44 12.727910
49 45 11.684144
49 46 14.300651
49 47 12.868400
49 48 12.837372
49 50 12.879751
50 0 13.120436
50 1 12.443205
50 2 12.115242
50 3 12.827934
50 4 13.028015
50 5 14.669852
50 6 10.997985
50 7 14.272657
50 8 13.122839
50 9 12.206220
50 10 14.133503
50 11 13.214254
50 12 11.438294
50 13 13.930159
50 14 13.722482
50 15 11.486512
50 16 11.709974
50 17 12.294229
50 18 14.574492
50 19 13.125174
50 20 12.992008
50 21 13.021915
50 22 13.250334
50 23 13.664578
50 24 11.625846
50 25 12.501428
50 26 12.356711
50 27 12.034425
50 28 12.789014
50 29 14.167906
50 30 11.688697
50 31 11.013258
50 32 12.069544
50 33 13.441860
50 34 12.708030
50 35 13.980933
50 36 14.521634
50 37 13.339289
50 38 14.656624
50 39 11.878691
50 40 14.664766
50 41 11.125003
50 42 13.097315
50 43 11.098543
50 44 11.204934
50 45 13.269713
50 46 13.659834
50 47 13.123004
50 48 13.258093
50 49 12.879751
