# i j vmax_ij_m_per_s; symmetric values generated with Uniform(0.7,0.95)*15.6
0 1 12.261097
0 2 12.328301
0 3 12.637240
0 4 14.476436
0 5 11.551177
0 6 13.822234
0 7 11.893613
0 8 11.197780
0 9 11.282959
0 10 13.980409
0 11 12.719709
0 12 12.145107
0 13 11.325025
0 14 12.314780
0 15 13.330110
0 16 11.190110
0 17 13.108956
0 18 14.572935
0 19 11.397245
0 20 11.996644
0 21 13.620234
0 22 14.660713
0 23 13.910825
0 24 12.159762
0 25 10.955909
0 26 11.070719
0 27 11.882544
0 28 11.823994
0 29 13.173710
0 30 11.612585
0 31 12.772389
0 32 11.051920
0 33 13.068446
0 34 14.130922
0 35 11.524745
0 36 12.481473
0 37 10.999510
0 38 11.076563
0 39 13.153596
0 40 12.865249
0 41 12.306903
0 42 12.422162
0 43 11.676466
0 44 12.385354
0 45 14.315704
0 46 11.229764
0 47 13.261494
0 48 12.950998
0 49 12.469848
0 50 12.932866
1 0 12.261097
1 2 14.256863
1 3 14.362965
1 4 14.588102
1 5 13.805799
1 6 12.947333
1 7 12.407792
1 8 11.733993
1 9 12.791861
1 10 12.692655
1 11 13.078246
1 12 12.314687
1 13 13.553521
1 14 10.931205
1 15 12.885223
1 16 13.164365
1 17 14.413217
1 18 12.140552
1 19 14.512666
1 20 11.026245
1 21 14.544075
1 22 12.257695
1 23 13.332829
1 24 12.754222
1 25 14.680862
1 26 11.612923
1 27 13.589719
1 28 13.402628
1 29 14.336299
1 30 12.177364
1 31 14.665872
1 32 11.140987
1 33 12.356194
1 34 11.978916
1 35 14.659894
1 36 11.994857
1 37 12.751514
1 38 11.476959
1 39 11.478744
1 40 12.094825
1 41 14.050640
1 42 13.189506
1 43 13.241181
1 44 12.193673
1 45 10.994236
1 46 13.730737
1 47 12.537827
1 48 14.010096
1 49 12.437707
1 50 12.327312
2 0 12.328301
2 1 14.256863
2 3 13.643368
2 4 11.970533
2 5 13.065306
2 6 11.942885
2 7 13.810374
2 8 12.006975
2 9 14.409584
2 10 11.638736
2 11 12.748145
2 12 14.328323
2 13 14.769976
2 14 14.472125
2 15 13.798840
2 16 14.588556
2 17 11.284565
2 18 13.702130
2 19 13.568866
2 20 14.116629
2 21 14.751989
2 22 12.320057
2 23 11.103280
2 24 11.741647
2 25 13.130947
2 26 12.589011
2 27 13.775925
2 28 12.303847
2 29 14.116001
2 30 13.843441
2 31 14.081827
2 32 12.992830
2 33 13.943462
2 34 13.266005
2 35 13.014840
2 36 11.196126
2 37 12.252297
2 38 12.421043
2 39 11.555057
2 40 11.516666
2 41 12.278481
2 42 10.975676
2 43 11.797271
2 44 10.964634
2 45 11.619536
2 46 14.657161
2 47 14.010460
2 48 11.264399
2 49 11.197879
2 50 13.164789
3 0 12.637240
3 1 14.362965
3 2 13.643368
3 4 13.089548
3 5 10.982347
3 6 14.183908
3 7 11.041268
3 8 14.066659
3 9 13.756179
3 10 14.717898
3 11 14.145020
3 12 12.802553
3 13 13.853252
3 14 14.020793
3 15 12.256437
3 16 12.175354
3 17 11.591955
3 18 12.844719
3 19 11.146058
3 20 12.178458
3 21 12.497186
3 22 13.265102
3 23 11.307610
3 24 12.109338
3 25 12.191746
3 26 10.971470
3 27 14.397137
3 28 13.984844
3 29 11.389955
3 30 11.587216
3 31 14.139661
3 32 13.939876
3 33 10.968671
3 34 11.379152
3 35 13.487757
3 36 11.440870
3 37 12.360694
3 38 11.972731
3 39 11.387772
3 40 13.837274
3 41 11.395008
3 42 11.454551
3 43 11.598783
3 44 11.253490
3 45 14.118896
3 46 13.738592
3 47 13.795588
3 48 13.832820
3 49 14.669723
3 50 11.178614
4 0 14.476436
4 1 14.588102
4 2 11.970533
4 3 13.089548
4 5 11.681162
4 6 11.185152
4 7 13.837410
4 8 12.777491
4 9 12.701056
4 10 14.319615
4 11 11.131846
4 12 11.590042
4 13 13.020147
4 14 12.160410
4 15 11.509537
4 16 11.397377
4 17 12.522459
4 18 14.635543
4 19 11.585929
4 20 13.817991
4 21 14.241195
4 22 11.279446
4 23 12.046271
4 24 12.947019
4 25 12.250533
4 26 13.428370
4 27 11.494020
4 28 11.589923
4 29 11.304574
4 30 11.379982
4 31 12.494546
4 32 14.303123
4 33 13.529047
4 34 14.474854
4 35 12.903267
4 36 12.276242
4 37 14.727644
4 38 14.341323
4 39 14.752745
4 40 13.944263
4 41 14.502401
4 42 12.117027
4 43 14.100699
4 44 10.997007
4 45 12.234584
4 46 12.745466
4 47 11.875413
4 48 11.696147
4 49 14.315046
4 50 14.809395
5 0 11.551177
5 1 13.805799
5 2 13.065306
5 3 10.982347
5 4 11.681162
5 6 12.174754
5 7 12.074309
5 8 11.881823
5 9 13.010092
5 10 12.301401
5 11 11.579187
5 12 14.056667
5 13 12.421852
5 14 14.069907
5 15 12.988209
5 16 11.744472
5 17 12.188473
5 18 11.434629
5 19 14.773896
5 20 14.711124
5 21 11.307434
5 22 11.248541
5 23 12.044216
5 24 12.195532
5 25 14.462524
5 26 11.873352
5 27 13.666742
5 28 12.714160
5 29 12.382151
5 30 12.991501
5 31 13.519633
5 32 11.274271
5 33 11.352547
5 34 13.656117
5 35 13.475449
5 36 14.665103
5 37 14.600116
5 38 13.310052
5 39 12.971688
5 40 13.331013
5 41 11.592612
5 42 12.258587
5 43 13.132734
5 44 14.023296
5 45 14.808064
5 46 13.593280
5 47 11.866038
5 48 12.342926
5 49 12.612915
5 50 14.124660
6 0 13.822234
6 1 12.947333
6 2 11.942885
6 3 14.183908
6 4 11.185152
6 5 12.174754
6 7 11.222994
6 8 13.206200
6 9 13.751996
6 10 11.845645
6 11 13.723018
6 12 13.396916
6 13 14.802606
6 14 13.795700
6 15 14.217722
6 16 13.385643
6 17 10.941963
6 18 14.788506
6 19 12.893911
6 20 11.268618
6 21 12.388379
6 22 11.320676
6 23 11.974772
6 24 12.758083
6 25 13.838564
6 26 14.395222
6 27 11.140368
6 28 14.323008
6 29 12.957581
6 30 13.135096
6 31 12.093503
6 32 14.502438
6 33 12.632493
6 34 12.654094
6 35 12.158446
6 36 13.069734
6 37 12.532033
6 38 11.809934
6 39 13.253438
6 40 12.345524
6 41 12.117802
6 42 14.457249
6 43 14.491900
6 44 12.918134
6 45 12.433159
6 46 11.224997
6 47 12.899291
6 48 12.721533
6 49 11.855843
6 50 12.541207
7 0 11.893613
7 1 12.407792
7 2 13.810374
7 3 11.041268
7 4 13.837410
7 5 12.074309
7 6 11.222994
7 8 12.362420
7 9 11.246622
7 10 12.015143
7 11 14.121636
7 12 12.947001
7 13 13.170070
7 14 11.719237
7 15 12.404084
7 16 13.263069
7 17 12.116165
7 18 12.241088
7 19 14.554898
7 20 12.348102
7 21 11.240702
7 22 11.173188
7 23 13.893711
7 24 11.014448
7 25 13.034974
7 26 11.378300
7 27 12.104001
7 28 14.114805
7 29 11.805223
7 30 11.717590
7 31 14.774130
7 32 11.815023
7 33 13.241047
7 34 11.617535
7 35 12.270235
7 36 11.180758
7 37 14.696621
7 38 12.939615
7 39 12.022786
7 40 11.272138
7 41 11.839439
7 42 13.185245
7 43 13.982520
7 44 11.702633
7 45 11.151050
7 46 12.596158
7 47 12.629682
7 48 14.264281
7 49 13.278822
7 50 11.486710
8 0 11.197780
8 1 11.733993
8 2 12.006975
8 3 14.066659
8 4 12.777491
8 5 11.881823
8 6 13.206200
8 7 12.362420
8 9 11.957877
8 10 13.361243
8 11 12.229641
8 12 14.248747
8 13 12.607526
8 14 14.123983
8 15 12.899340
8 16 12.605918
8 17 12.301278
8 18 13.956928
8 19 12.297016
8 20 13.498707
8 21 12.646379
8 22 12.630969
8 23 12.146752
8 24 13.617244
8 25 11.563056
8 26 13.432294
8 27 12.384612
8 28 13.831823
8 29 13.738397
8 30 11.268390
8 31 12.031347
8 32 12.924197
8 33 12.977461
8 34 11.400732
8 35 14.232645
8 36 11.205373
8 37 11.087610
8 38 11.419425
8 39 12.876934
8 40 12.922392
8 41 11.186195
8 42 14.314563
8 43 11.591276
8 44 12.324146
8 45 13.103108
8 46 14.174374
8 47 14.782728
8 48 11.001591
8 49 12.932803
8 50 11.496644
9 0 11.282959
9 1 12.791861
9 2 14.409584
9 3 13.756179
9 4 12.701056
9 5 13.010092
9 6 13.751996
9 7 11.246622
9 8 11.957877
9 10 14.416621
9 11 12.665030
9 12 12.098144
9 13 11.334780
9 14 14.127428
9 15 11.715574
9 16 10.942584
9 17 13.936735
9 18 11.919603
9 19 11.498613
9 20 14.036903
9 21 10.970091
9 22 14.574432
9 23 13.036334
9 24 11.541009
9 25 12.839294
9 26 11.926179
9 27 13.307746
9 28 14.212255
9 29 13.666787
9 30 12.875080
9 31 13.130996
9 32 11.425435
9 33 11.055086
9 34 13.162100
9 35 12.403494
9 36 13.337596
9 37 14.074307
9 38 14.338096
9 39 12.534307
9 40 12.455507
9 41 12.630755
9 42 12.869869
9 43 11.588713
9 44 13.357110
9 45 12.819868
9 46 12.755261
9 47 13.736868
9 48 13.210905
9 49 14.735600
9 50 13.332525
10 0 13.980409
10 1 12.692655
10 2 11.638736
10 3 14.717898
10 4 14.319615
10 5 12.301401
10 6 11.845645
10 7 12.015143
10 8 13.361243
10 9 14.416621
10 11 12.201234
10 12 14.614670
10 13 13.280323
10 14 12.585495
10 15 13.781110
10 16 14.428393
10 17 11.602411
10 18 11.727138
10 19 14.244777
10 20 11.013464
10 21 13.477540
10 22 11.058656
10 23 12.880871
10 24 11.342131
10 25 12.725101
10 26 11.554967
10 27 12.220596
10 28 12.978900
10 29 11.018348
10 30 11.195786
10 31 13.725185
10 32 13.064187
10 33 11.618728
10 34 14.431035
10 35 13.722172
10 36 12.687251
10 37 11.971481
10 38 14.670371
10 39 11.983793
10 40 13.091874
10 41 14.607867
10 42 13.345311
10 43 12.976997
10 44 11.102535
10 45 13.585175
10 46 13.872975
10 47 13.333404
10 48 11.897913
10 49 12.480889
10 50 13.952781
11 0 12.719709
11 1 13.078246
11 2 12.748145
11 3 14.145020
11 4 11.131846
11 5 11.579187
11 6 13.723018
11 7 14.121636
11 8 12.229641
11 9 12.665030
11 10 12.201234
11 12 13.879951
11 13 12.552948
11 14 12.435123
11 15 11.316226
11 16 14.511994
11 17 14.080056
11 18 11.887205
11 19 14.296251
11 20 12.954244
11 21 13.580901
11 22 11.352416
11 23 13.277977
11 24 13.000551
11 25 14.057908
11 26 14.781388
11 27 12.607076
11 28 13.501219
11 29 11.232312
11 30 14.729815
11 31 11.408199
11 32 12.623904
11 33 13.320915
11 34 10.922314
11 35 11.289668
11 36 12.334782
11 37 12.284144
11 38 11.099028
11 39 14.460517
11 40 14.052862
11 41 14.665052
11 42 12.163478
11 43 13.897772
11 44 11.811779
11 45 11.865556
11 46 11.044145
11 47 14.630959
11 48 11.890720
11 49 14.653306
11 50 14.487254
12 0 12.145107
12 1 12.314687
12 2 14.328323
12 3 12.802553
12 4 11.590042
12 5 14.056667
12 6 13.396916
12 7 12.947001
12 8 14.248747
12 9 12.098144
12 10 14.614670
12 11 13.879951
12 13 14.813903
12 14 13.624681
12 15 13.082538
12 16 14.649219
12 17 11.906306
12 18 11.332934
12 19 13.950486
12 20 13.616710
12 21 12.291441
12 22 11.222632
12 23 11.586302
12 24 11.341960
12 25 12.643075
12 26 14.331744
12 27 13.233862
12 28 11.947277
12 29 13.633724
12 30 13.147072
12 31 12.358738
12 32 10.957619
12 33 11.257591
12 34 13.344792
12 35 12.704311
12 36 11.756945
12 37 14.176121
12 38 11.295126
12 39 12.271404
12 40 11.793306
12 41 13.955889
12 42 12.979691
12 43 14.301058
12 44 11.656757
12 45 12.529592
12 46 13.528932
12 47 11.978025
12 48 12.668488
12 49 12.165208
12 50 13.710760
13 0 11.325025
13 1 13.553521
13 2 14.769976
13 3 13.853252
13 4 13.020147
13 5 12.421852
13 6 14.802606
13 7 13.170070
13 8 12.607526
13 9 11.334780
13 10 13.280323
13 11 12.552948
13 12 14.813903
13 14 11.659784
13 15 14.106767
13 16 14.630596
13 17 11.581923
13 18 11.905528
13 19 12.115876
13 20 12.706288
13 21 13.760127
13 22 13.828861
13 23 13.661382
13 24 11.117204
13 25 11.131466
13 26 13.372539
13 27 12.931693
13 28 11.466024
13 29 13.536115
13 30 14.075261
13 31 14.780901
13 32 11.083447
13 33 12.042876
13 34 11.530013
13 35 12.052910
13 36 13.809154
13 37 11.505221
13 38 13.065164
13 39 11.208109
13 40 11.715317
13 41 11.443892
13 42 13.138037
13 43 11.077636
13 44 11.347222
13 45 12.038398
13 46 13.814794
13 47 14.785283
13 48 12.237283
13 49 11.317259
13 50 14.791376
14 0 12.314780
14 1 10.931205
14 2 14.472125
14 3 14.020793
14 4 12.160410
14 5 14.069907
14 6 13.795700
14 7 11.719237
14 8 14.123983
14 9 14.127428
14 10 12.585495
14 11 12.435123
14 12 13.624681
14 13 11.659784
14 15 12.825370
14 16 11.623992
14 17 13.222753
14 18 14.440269
14 19 11.586217
14 20 11.913629
14 21 12.897256
14 22 14.244506
14 23 12.956184
14 24 12.872411
14 25 11.365799
14 26 14.229066
14 27 13.524361
14 28 14.412658
14 29 11.843144
14 30 12.478834
14 31 12.656112
14 32 13.100057
14 33 14.495478
14 34 11.819286
14 35 13.806910
14 36 12.093581
14 37 14.095416
14 38 11.910487
14 39 13.919180
14 40 13.473106
14 41 13.751744
14 42 12.525407
14 43 13.662057
14 44 13.221657
14 45 14.583021
14 46 12.375998
14 47 14.081022
14 48 13.693520
14 49 13.577155
14 50 14.771379
15 0 13.330110
15 1 12.885223
15 2 13.798840
15 3 12.256437
15 4 11.509537
15 5 12.988209
15 6 14.217722
15 7 12.404084
15 8 12.899340
15 9 11.715574
15 10 13.781110
15 11 11.316226
15 12 13.082538
15 13 14.106767
15 14 12.825370
15 16 14.624242
15 17 11.289477
15 18 14.375473
15 19 12.312999
15 20 14.777360
15 21 11.994735
15 22 14.136827
15 23 12.370121
15 24 12.606396
15 25 14.291284
15 26 12.621189
15 27 14.403069
15 28 13.043486
15 29 12.775309
15 30 13.341859
15 31 10.931594
15 32 10.962851
15 33 11.272231
15 34 13.975890
15 35 13.650112
15 36 11.266163
15 37 11.170709
15 38 12.628427
15 39 13.093563
15 40 12.742146
15 41 12.296710
15 42 12.329917
15 43 14.125593
15 44 12.860161
15 45 12.668565
15 46 11.306608
15 47 11.135920
15 48 14.728054
15 49 14.603475
15 50 14.552403
16 0 11.190110
16 1 13.164365
16 2 14.588556
16 3 12.175354
16 4 11.397377
16 5 11.744472
16 6 13.385643
16 7 13.263069
16 8 12.605918
16 9 10.942584
16 10 14.428393
16 11 14.511994
16 12 14.649219
16 13 14.630596
16 14 11.623992
16 15 14.624242
16 17 14.074113
16 18 11.884025
16 19 11.711992
16 20 11.939363
16 21 12.334523
16 22 13.190226
16 23 11.129855
16 24 13.585321
16 25 12.514910
16 26 11.721658
16 27 12.170434
16 28 13.273290
16 29 14.626798
16 30 14.328153
16 31 11.824962
16 32 11.650168
16 33 12.858186
16 34 12.893417
16 35 13.568340
16 36 11.699829
16 37 11.225060
16 38 13.011756
16 39 14.023082
16 40 12.582023
16 41 14.271050
16 42 12.853479
16 43 14.787692
16 44 11.965578
16 45 11.160244
16 46 11.185992
16 47 14.337092
16 48 13.587834
16 49 12.745884
16 50 14.575666
17 0 13.108956
17 1 14.413217
17 2 11.284565
17 3 11.591955
17 4 12.522459
17 5 12.188473
17 6 10.941963
17 7 12.116165
17 8 12.301278
17 9 13.936735
17 10 11.602411
17 11 14.080056
17 12 11.906306
17 13 11.581923
17 14 13.222753
17 15 11.289477
17 16 14.074113
17 18 11.372989
17 19 13.432096
17 20 14.679394
17 21 14.035278
17 22 13.416792
17 23 12.344471
17 24 13.107414
17 25 14.170089
17 26 14.489433
17 27 12.603109
17 28 14.035492
17 29 12.183520
17 30 14.806097
17 31 11.452706
17 32 14.174262
17 33 11.770851
17 34 12.216174
17 35 14.562964
17 36 10.979485
17 37 12.372478
17 38 12.320070
17 39 13.734839
17 40 13.804692
17 41 11.752076
17 42 14.688808
17 43 13.685051
17 44 11.793042
17 45 13.361977
17 46 12.300541
17 47 11.111061
17 48 14.253961
17 49 13.207453
17 50 14.279492
18 0 14.572935
18 1 12.140552
18 2 13.702130
18 3 12.844719
18 4 14.635543
18 5 11.434629
18 6 14.788506
18 7 12.241088
18 8 13.956928
18 9 11.919603
18 10 11.727138
18 11 11.887205
18 12 11.332934
18 13 11.905528
18 14 14.440269
18 15 14.375473
18 16 11.884025
18 17 11.372989
18 19 14.759798
18 20 13.541079
18 21 12.146407
18 22 13.416463
18 23 11.846278
18 24 14.590628
18 25 13.118623
18 26 12.701570
18 27 13.953963
18 28 11.959114
18 29 11.799281
18 30 12.696054
18 31 11.649732
18 32 12.034621
18 33 12.405447
18 34 13.303159
18 35 13.770466
18 36 13.576547
18 37 12.105997
18 38 12.916509
18 39 12.054080
18 40 12.236541
18 41 14.064894
18 42 11.552860
18 43 13.443956
18 44 13.681355
18 45 12.312270
18 46 13.333751
18 47 12.890654
18 48 14.729003
18 49 13.313066
18 50 13.404296
19 0 11.397245
19 1 14.512666
19 2 13.568866
19 3 11.146058
19 4 11.585929
19 5 14.773896
19 6 12.893911
19 7 14.554898
19 8 12.297016
19 9 11.498613
19 10 14.244777
19 11 14.296251
19 12 13.950486
19 13 12.115876
19 14 11.586217
19 15 12.312999
19 16 11.711992
19 17 13.432096
19 18 14.759798
19 20 13.541839
19 21 14.243645
19 22 13.659059
19 23 12.490868
19 24 13.489904
19 25 13.585207
19 26 10.935054
19 27 13.465065
19 28 13.680490
19 29 11.527702
19 30 11.554002
19 31 12.097572
19 32 11.592243
19 33 12.814917
19 34 11.926060
19 35 12.360482
19 36 13.223788
19 37 11.122242
19 38 14.254932
19 39 13.368877
19 40 11.564727
19 41 14.314897
19 42 12.337940
19 43 12.114811
19 44 12.539042
19 45 14.715241
19 46 14.464971
19 47 13.307766
19 48 11.017815
19 49 12.642105
19 50 12.827022
20 0 11.996644
20 1 11.026245
20 2 14.116629
20 3 12.178458
20 4 13.817991
20 5 14.711124
20 6 11.268618
20 7 12.348102
20 8 13.498707
20 9 14.036903
20 10 11.013464
20 11 12.954244
20 12 13.616710
20 13 12.706288
20 14 11.913629
20 15 14.777360
20 16 11.939363
20 17 14.679394
20 18 13.541079
20 19 13.541839
20 21 13.865937
20 22 14.561601
20 23 14.007775
20 24 13.706580
20 25 11.696421
20 26 13.742674
20 27 13.705719
20 28 11.150639
20 29 13.714106
20 30 12.345822
20 31 13.314409
20 32 12.753484
20 33 11.899258
20 34 11.482767
20 35 13.344411
20 36 12.180279
20 37 14.367492
20 38 12.746491
20 39 14.018077
20 40 11.895681
20 41 12.914547
20 42 13.226784
20 43 11.844471
20 44 11.513498
20 45 11.778218
20 46 11.718538
20 47 14.818074
20 48 14.172676
20 49 14.014814
20 50 13.959676
21 0 13.620234
21 1 14.544075
21 2 14.751989
21 3 12.497186
21 4 14.241195
21 5 11.307434
21 6 12.388379
21 7 11.240702
21 8 12.646379
21 9 10.970091
21 10 13.477540
21 11 13.580901
21 12 12.291441
21 13 13.760127
21 14 12.897256
21 15 11.994735
21 16 12.334523
21 17 14.035278
21 18 12.146407
21 19 14.243645
21 20 13.865937
21 22 14.497044
21 23 12.197716
21 24 13.267415
21 25 11.456123
21 26 11.264948
21 27 12.830728
21 28 11.457040
21 29 13.721512
21 30 14.346137
21 31 13.697814
21 32 13.988057
21 33 13.430448
21 34 13.068056
21 35 11.005516
21 36 14.167738
21 37 11.367543
21 38 14.080591
21 39 11.456785
21 40 13.088445
21 41 12.597734
21 42 12.956203
21 43 12.992712
21 44 13.554631
21 45 12.779526
21 46 10.929083
21 47 12.535862
21 48 12.095471
21 49 11.327190
21 50 11.456687
22 0 14.660713
22 1 12.257695
22 2 12.320057
22 3 13.265102
22 4 11.279446
22 5 11.248541
22 6 11.320676
22 7 11.173188
22 8 12.630969
22 9 14.574432
22 10 11.058656
22 11 11.352416
22 12 11.222632
22 13 13.828861
22 14 14.244506
22 15 14.136827
22 16 13.190226
22 17 13.416792
22 18 13.416463
22 19 13.659059
22 20 14.561601
22 21 14.497044
22 23 14.610732
22 24 12.980855
22 25 12.759804
22 26 11.397682
22 27 12.820045
22 28 13.383262
22 29 11.443069
22 30 13.589839
22 31 14.155209
22 32 14.321072
22 33 11.024278
22 34 12.068091
22 35 14.151458
22 36 12.009265
22 37 12.540719
22 38 13.574292
22 39 12.521312
22 40 12.876140
22 41 11.391579
22 42 14.694967
22 43 11.154808
22 44 13.144356
22 45 13.008696
22 46 12.019877
22 47 13.944965
22 48 13.310335
22 49 11.654392
22 50 13.164593
23 0 13.910825
23 1 13.332829
23 2 11.103280
23 3 11.307610
23 4 12.046271
23 5 12.044216
23 6 11.974772
23 7 13.893711
23 8 12.146752
23 9 13.036334
23 10 12.880871
23 11 13.277977
23 12 11.586302
23 13 13.661382
23 14 12.956184
23 15 12.370121
23 16 11.129855
23 17 12.344471
23 18 11.846278
23 19 12.490868
23 20 14.007775
23 21 12.197716
23 22 14.610732
23 24 11.777904
23 25 12.953846
23 26 12.791450
23 27 14.346670
23 28 11.495470
23 29 13.158137
23 30 13.184293
23 31 12.707458
23 32 11.750941
23 33 14.365550
23 34 11.412791
23 35 14.327074
23 36 11.581210
23 37 12.354588
23 38 13.573238
23 39 12.717654
23 40 14.458146
23 41 10.997308
23 42 14.695775
23 43 12.229366
23 44 12.640016
23 45 14.634018
23 46 14.096985
23 47 13.244493
23 48 13.846082
23 49 12.124849
23 50 14.558890
24 0 12.159762
24 1 12.754222
24 2 11.741647
24 3 12.109338
24 4 12.947019
24 5 12.195532
24 6 12.758083
24 7 11.014448
24 8 13.617244
24 9 11.541009
24 10 11.342131
24 11 13.000551
24 12 11.341960
24 13 11.117204
24 14 12.872411
24 15 12.606396
24 16 13.585321
24 17 13.107414
24 18 14.590628
24 19 13.489904
24 20 13.706580
24 21 13.267415
24 22 12.980855
24 23 11.777904
24 25 13.806558
24 26 12.105194
24 27 14.729949
24 28 14.341456
24 29 12.283947
24 30 11.444589
24 31 11.395566
24 32 13.225141
24 33 11.199060
24 34 13.906095
24 35 14.404630
24 36 14.322685
24 37 13.032656
24 38 13.121617
24 39 12.295118
24 40 11.461721
24 41 12.069798
24 42 11.908699
24 43 11.499120
24 44 12.441118
24 45 11.160298
24 46 11.362798
24 47 14.730084
24 48 12.507436
24 49 12.654128
24 50 13.261601
25 0 10.955909
25 1 14.680862
25 2 13.130947
25 3 12.191746
25 4 12.250533
25 5 14.462524
25 6 13.838564
25 7 13.034974
25 8 11.563056
25 9 12.839294
25 10 12.725101
25 11 14.057908
25 12 12.643075
25 13 11.131466
25 14 11.365799
25 15 14.291284
25 16 12.514910
25 17 14.170089
25 18 13.118623
25 19 13.585207
25 20 11.696421
25 21 11.456123
25 22 12.759804
25 23 12.953846
25 24 13.806558
25 26 11.103371
25 27 12.194575
25 28 14.500618
25 29 12.583462
25 30 13.216519
25 31 11.677717
25 32 11.960992
25 33 11.790506
25 34 12.894874
25 35 13.659591
25 36 11.557361
25 37 11.063337
25 38 14.039842
25 39 11.454681
25 40 12.476926
25 41 11.113322
25 42 12.491966
25 43 12.486586
25 44 11.363187
25 45 12.020100
25 46 11.958904
25 47 11.639784
25 48 11.871278
25 49 14.225598
25 50 11.880719
26 0 11.070719
26 1 11.612923
26 2 12.589011
26 3 10.971470
26 4 13.428370
26 5 11.873352
26 6 14.395222
26 7 11.378300
26 8 13.432294
26 9 11.926179
26 10 11.554967
26 11 14.781388
26 12 14.331744
26 13 13.372539
26 14 14.229066
26 15 12.621189
26 16 11.721658
26 17 14.489433
26 18 12.701570
26 19 10.935054
26 20 13.742674
26 21 11.264948
26 22 11.397682
26 23 12.791450
26 24 12.105194
26 25 11.103371
26 27 13.871852
26 28 11.454849
26 29 13.410381
26 30 12.801314
26 31 13.625337
26 32 14.358223
26 33 11.591668
26 34 11.902633
26 35 11.923454
26 36 13.799067
26 37 13.573761
26 38 14.098006
26 39 14.742532
26 40 12.510983
26 41 12.923274
26 42 14.158485
26 43 11.884912
26 44 11.157439
26 45 14.412715
26 46 13.696093
26 47 13.899082
26 48 14.335222
26 49 14.327162
26 50 12.194012
27 0 11.882544
27 1 13.589719
27 2 13.775925
27 3 14.397137
27 4 11.494020
27 5 13.666742
27 6 11.140368
27 7 12.104001
27 8 12.384612
27 9 13.307746
27 10 12.220596
27 11 12.607076
27 12 13.233862
27 13 12.931693
27 14 13.524361
27 15 14.403069
27 16 12.170434
27 17 12.603109
27 18 13.953963
27 19 13.465065
27 20 13.705719
27 21 12.830728
27 22 12.820045
27 23 14.346670
27 24 14.729949
27 25 12.194575
27 26 13.871852
27 28 12.849405
27 29 13.922788
27 30 12.762515
27 31 12.940892
27 32 13.992158
27 33 14.817647
27 34 13.586473
27 35 11.414312
27 36 11.787819
27 37 12.352954
27 38 11.900597
27 39 12.682943
27 40 13.051391
27 41 13.747434
27 42 13.525531
27 43 14.691113
27 44 13.782613
27 45 13.115903
27 46 11.649632
27 47 13.169936
27 48 13.134205
27 49 14.371465
27 50 12.836352
28 0 11.823994
28 1 13.402628
28 2 12.303847
28 3 13.984844
28 4 11.589923
28 5 12.714160
28 6 14.323008
28 7 14.114805
28 8 13.831823
28 9 14.212255
28 10 12.978900
28 11 13.501219
28 12 11.947277
28 13 11.466024
28 14 14.412658
28 15 13.043486
28 16 13.273290
28 17 14.035492
28 18 11.959114
28 19 13.680490
28 20 11.150639
28 21 11.457040
28 22 13.383262
28 23 11.495470
28 24 14.341456
28 25 14.500618
28 26 11.454849
28 27 12.849405
28 29 13.467578
28 30 14.707763
28 31 12.823431
28 32 13.863554
28 33 13.188297
28 34 13.411157
28 35 14.044365
28 36 12.710974
28 37 13.145408
28 38 11.724534
28 39 13.568025
28 40 12.658303
28 41 12.487399
28 42 11.173980
28 43 11.482375
28 44 14.140876
28 45 12.378439
28 46 14.358772
28 47 14.758358
28 48 12.919486
28 49 13.135576
28 50 12.376811
29 0 13.173710
29 1 14.336299
29 2 14.116001
29 3 11.389955
29 4 11.304574
29 5 12.382151
29 6 12.957581
29 7 11.805223
29 8 13.738397
29 9 13.666787
29 10 11.018348
29 11 11.232312
29 12 13.633724
29 13 13.536115
29 14 11.843144
29 15 12.775309
29 16 14.626798
29 17 12.183520
29 18 11.799281
29 19 11.527702
29 20 13.714106
29 21 13.721512
29 22 11.443069
29 23 13.158137
29 24 12.283947
29 25 12.583462
29 26 13.410381
29 27 13.922788
29 28 13.467578
29 30 11.634711
29 31 13.894772
29 32 12.260547
29 33 11.891944
29 34 13.895351
29 35 11.934685
29 36 13.982582
29 37 11.207550
29 38 11.737885
29 39 13.738344
29 40 14.800324
29 41 13.435948
29 42 13.106955
29 43 11.446221
29 44 13.596788
29 45 12.978639
29 46 14.226706
29 47 14.617156
29 48 10.964980
29 49 13.165809
29 50 14.004371
30 0 11.612585
30 1 12.177364
30 2 13.843441
30 3 11.587216
30 4 11.379982
30 5 12.991501
30 6 13.135096
30 7 11.717590
30 8 11.268390
30 9 12.875080
30 10 11.195786
30 11 14.729815
30 12 13.147072
30 13 14.075261
30 14 12.478834
30 15 13.341859
30 16 14.328153
30 17 14.806097
30 18 12.696054
30 19 11.554002
30 20 12.345822
30 21 14.346137
30 22 13.589839
30 23 13.184293
30 24 11.444589
30 25 13.216519
30 26 12.801314
30 27 12.762515
30 28 14.707763
30 29 11.634711
30 31 12.145325
30 32 11.625023
30 33 14.059455
30 34 11.480780
30 35 13.971210
30 36 14.645499
30 37 13.351280
30 38 12.604671
30 39 14.795433
30 40 12.890800
30 41 12.808446
30 42 14.558255
30 43 14.726743
30 44 11.201957
30 45 14.529689
30 46 10.980508
30 47 12.395425
30 48 14.190329
30 49 11.842246
30 50 12.718170
31 0 12.772389
31 1 14.665872
31 2 14.081827
31 3 14.139661
31 4 12.494546
31 5 13.519633
31 6 12.093503
31 7 14.774130
31 8 12.031347
31 9 13.130996
31 10 13.725185
31 11 11.408199
31 12 12.358738
31 13 14.780901
31 14 12.656112
31 15 10.931594
31 16 11.824962
31 17 11.452706
31 18 11.649732
31 19 12.097572
31 20 13.314409
31 21 13.697814
31 22 14.155209
31 23 12.707458
31 24 11.395566
31 25 11.677717
31 26 13.625337
31 27 12.940892
31 28 12.823431
31 29 13.894772
31 30 12.145325
31 32 12.841845
31 33 12.250534
31 34 13.516549
31 35 12.635826
31 36 13.583618
31 37 13.278168
31 38 11.432214
31 39 12.010618
31 40 11.970008
31 41 13.994744
31 42 11.199274
31 43 12.643606
31 44 13.132888
31 45 13.196221
31 46 11.090962
31 47 11.003227
31 48 12.041181
31 49 13.140945
31 50 12.521113
32 0 11.051920
32 1 11.140987
32 2 12.992830
32 3 13.939876
32 4 14.303123
32 5 11.274271
32 6 14.502438
32 7 11.815023
32 8 12.924197
32 9 11.425435
32 10 13.064187
32 11 12.623904
32 12 10.957619
32 13 11.083447
32 14 13.100057
32 15 10.962851
32 16 11.650168
32 17 14.174262
32 18 12.034621
32 19 11.592243
32 20 12.753484
32 21 13.988057
32 22 14.321072
32 23 11.750941
32 24 13.225141
32 25 11.960992
32 26 14.358223
32 27 13.992158
32 28 13.863554
32 29 12.260547
32 30 11.625023
32 31 12.841845
32 33 12.813179
32 34 11.248800
32 35 13.652557
32 36 14.507562
32 37 12.950390
32 38 12.096815
32 39 13.257161
32 40 12.011522
32 41 13.767865
32 42 12.707141
32 43 13.275575
32 44 14.507657
32 45 11.066584
32 46 14.096581
32 47 13.135023
32 48 13.595795
32 49 13.949279
32 50 11.295165
33 0 13.068446
33 1 12.356194
33 2 13.943462
33 3 10.968671
33 4 13.529047
33 5 11.352547
33 6 12.632493
33 7 13.241047
33 8 12.977461
33 9 11.055086
33 10 11.618728
33 11 13.320915
33 12 11.257591
33 13 12.042876
33 14 14.495478
33 15 11.272231
33 16 12.858186
33 17 11.770851
33 18 12.405447
33 19 12.814917
33 20 11.899258
33 21 13.430448
33 22 11.024278
33 23 14.365550
33 24 11.199060
33 25 11.790506
33 26 11.591668
33 27 14.817647
33 28 13.188297
33 29 11.891944
33 30 14.059455
33 31 12.250534
33 32 12.813179
33 34 13.802257
33 35 14.450321
33 36 13.695854
33 37 13.018198
33 38 12.757045
33 39 11.689126
33 40 11.119598
33 41 11.707108
33 42 12.134150
33 43 12.654243
33 44 12.502441
33 45 13.086083
33 46 12.213947
33 47 12.399295
33 48 12.977403
33 49 11.177543
33 50 12.468572
34 0 14.130922
34 1 11.978916
34 2 13.266005
34 3 11.379152
34 4 14.474854
34 5 13.656117
34 6 12.654094
34 7 11.617535
34 8 11.400732
34 9 13.162100
34 10 14.431035
34 11 10.922314
34 12 13.344792
34 13 11.530013
34 14 11.819286
34 15 13.975890
34 16 12.893417
34 17 12.216174
34 18 13.303159
34 19 11.926060
34 20 11.482767
34 21 13.068056
34 22 12.068091
34 23 11.412791
34 24 13.906095
34 25 12.894874
34 26 11.902633
34 27 13.586473
34 28 13.411157
34 29 13.895351
34 30 11.480780
34 31 13.516549
34 32 11.248800
34 33 13.802257
34 35 11.143420
34 36 13.756628
34 37 13.814955
34 38 12.738527
34 39 14.733132
34 40 14.718134
34 41 14.281689
34 42 13.403541
34 43 14.545877
34 44 12.348796
34 45 12.819928
34 46 11.773989
34 47 14.742566
34 48 12.254661
34 49 11.827078
34 50 14.324348
35 0 11.524745
35 1 14.659894
35 2 13.014840
35 3 13.487757
35 4 12.903267
35 5 13.475449
35 6 12.158446
35 7 12.270235
35 8 14.232645
35 9 12.403494
35 10 13.722172
35 11 11.289668
35 12 12.704311
35 13 12.052910
35 14 13.806910
35 15 13.650112
35 16 13.568340
35 17 14.562964
35 18 13.770466
35 19 12.360482
35 20 13.344411
35 21 11.005516
35 22 14.151458
35 23 14.327074
35 24 14.404630
35 25 13.659591
35 26 11.923454
35 27 11.414312
35 28 14.044365
35 29 11.934685
35 30 13.971210
35 31 12.635826
35 32 13.652557
35 33 14.450321
35 34 11.143420
35 36 14.490402
35 37 11.803778
35 38 11.537424
35 39 11.717757
35 40 14.092430
35 41 11.517240
35 42 11.621681
35 43 13.424234
35 44 12.804139
35 45 13.178232
35 46 12.624849
35 47 10.983018
35 48 13.822986
35 49 14.544869
35 50 11.755655
36 0 12.481473
36 1 11.994857
36 2 11.196126
36 3 11.440870
36 4 12.276242
36 5 14.665103
36 6 13.069734
36 7 11.180758
36 8 11.205373
36 9 13.337596
36 10 12.687251
36 11 12.334782
36 12 11.756945
36 13 13.809154
36 14 12.093581
36 15 11.266163
36 16 11.699829
36 17 10.979485
36 18 13.576547
36 19 13.223788
36 20 12.180279
36 21 14.167738
36 22 12.009265
36 23 11.581210
36 24 14.322685
36 25 11.557361
36 26 13.799067
36 27 11.787819
36 28 12.710974
36 29 13.982582
36 30 14.645499
36 31 13.583618
36 32 14.507562
36 33 13.695854
36 34 13.756628
36 35 14.490402
36 37 11.943576
36 38 11.882202
36 39 11.316007
36 40 11.519110
36 41 14.248428
36 42 11.285246
36 43 11.152267
36 44 10.997184
36 45 13.650936
36 46 13.921330
36 47 11.168983
36 48 14.379847
36 49 12.596499
36 50 10.978580
37 0 10.999510
37 1 12.751514
37 2 12.252297
37 3 12.360694
37 4 14.727644
37 5 14.600116
37 6 12.532033
37 7 14.696621
37 8 11.087610
37 9 14.074307
37 10 11.971481
37 11 12.284144
37 12 14.176121
37 13 11.505221
37 14 14.095416
37 15 11.170709
37 16 11.225060
37 17 12.372478
37 18 12.105997
37 19 11.122242
37 20 14.367492
37 21 11.367543
37 22 12.540719
37 23 12.354588
37 24 13.032656
37 25 11.063337
37 26 13.573761
37 27 12.352954
37 28 13.145408
37 29 11.207550
37 30 13.351280
37 31 13.278168
37 32 12.950390
37 33 13.018198
37 34 13.814955
37 35 11.803778
37 36 11.943576
37 38 13.164094
37 39 13.659044
37 40 13.990164
37 41 12.099726
37 42 11.799712
37 43 13.069404
37 44 12.158192
37 45 11.162330
37 46 11.604193
37 47 12.188967
37 48 12.084746
37 49 11.671816
37 50 13.016327
38 0 11.076563
38 1 11.476959
38 2 12.421043
38 3 11.972731
38 4 14.341323
38 5 13.310052
38 6 11.809934
38 7 12.939615
38 8 11.419425
38 9 14.338096
38 10 14.670371
38 11 11.099028
38 12 11.295126
38 13 13.065164
38 14 11.910487
38 15 12.628427
38 16 13.011756
38 17 12.320070
38 18 12.916509
38 19 14.254932
38 20 12.746491
38 21 14.080591
38 22 13.574292
38 23 13.573238
38 24 13.121617
38 25 14.039842
38 26 14.098006
38 27 11.900597
38 28 11.724534
38 29 11.737885
38 30 12.604671
38 31 11.432214
38 32 12.096815
38 33 12.757045
38 34 12.738527
38 35 11.537424
38 36 11.882202
38 37 13.164094
38 39 11.058693
38 40 11.846114
38 41 13.845870
38 42 12.831231
38 43 13.353696
38 44 12.595880
38 45 11.846654
38 46 14.032814
38 47 11.115320
38 48 11.654862
38 49 12.128429
38 50 12.779738
39 0 13.153596
39 1 11.478744
39 2 11.555057
39 3 11.387772
39 4 14.752745
39 5 12.971688
39 6 13.253438
39 7 12.022786
39 8 12.876934
39 9 12.534307
39 10 11.983793
39 11 14.460517
39 12 12.271404
39 13 11.208109
39 14 13.919180
39 15 13.093563
39 16 14.023082
39 17 13.734839
39 18 12.054080
39 19 13.368877
39 20 14.018077
39 21 11.456785
39 22 12.521312
39 23 12.717654
39 24 12.295118
39 25 11.454681
39 26 14.742532
39 27 12.682943
39 28 13.568025
39 29 13.738344
39 30 14.795433
39 31 12.010618
39 32 13.257161
39 33 11.689126
39 34 14.733132
39 35 11.717757
39 36 11.316007
39 37 13.659044
39 38 11.058693
39 40 13.467155
39 41 12.929512
39 42 13.584020
39 43 12.559607
39 44 12.624752
39 45 11.464161
39 46 14.796688
39 47 13.521929
39 48 12.653092
39 49 11.652749
39 50 12.323144
40 0 12.865249
40 1 12.094825
40 2 11.516666
40 3 13.837274
40 4 13.944263
40 5 13.331013
40 6 12.345524
40 7 11.272138
40 8 12.922392
40 9 12.455507
40 10 13.091874
40 11 14.052862
40 12 11.793306
40 13 11.715317
40 14 13.473106
40 15 12.742146
40 16 12.582023
40 17 13.804692
40 18 12.236541
40 19 11.564727
40 20 11.895681
40 21 13.088445
40 22 12.876140
40 23 14.458146
40 24 11.461721
40 25 12.476926
40 26 12.510983
40 27 13.051391
40 28 12.658303
40 29 14.800324
40 30 12.890800
40 31 11.970008
40 32 12.011522
40 33 11.119598
40 34 14.718134
40 35 14.092430
40 36 11.519110
40 37 13.990164
40 38 11.846114
40 39 13.467155
40 41 12.617761
40 42 12.117151
40 43 13.586787
40 44 11.650745
40 45 11.867094
40 46 13.554603
40 47 13.374605
40 48 14.267545
40 49 13.540361
40 50 14.677379
41 0 12.306903
41 1 14.050640
41 2 12.278481
41 3 11.395008
41 4 14.502401
41 5 11.592612
41 6 12.117802
41 7 11.839439
41 8 11.186195
41 9 12.630755
41 10 14.607867
41 11 14.665052
41 12 13.955889
41 13 11.443892
41 14 13.751744
41 15 12.296710
41 16 14.271050
41 17 11.752076
41 18 14.064894
41 19 14.314897
41 20 12.914547
41 21 12.597734
41 22 11.391579
41 23 10.997308
41 24 12.069798
41 25 11.113322
41 26 12.923274
41 27 13.747434
41 28 12.487399
41 29 13.435948
41 30 12.808446
41 31 13.994744
41 32 13.767865
41 33 11.707108
41 34 14.281689
41 35 11.517240
41 36 14.248428
41 37 12.099726
41 38 13.845870
41 39 12.929512
41 40 12.617761
41 42 12.051780
41 43 13.170434
41 44 13.305186
41 45 13.261630
41 46 13.885609
41 47 13.156481
41 48 12.776499
41 49 11.218969
41 50 14.031804
42 0 12.422162
42 1 13.189506
42 2 10.975676
42 3 11.454551
42 4 12.117027
42 5 12.258587
42 6 14.457249
42 7 13.185245
42 8 14.314563
42 9 12.869869
42 10 13.345311
42 11 12.163478
42 12 12.979691
42 13 13.138037
42 14 12.525407
42 15 12.329917
42 16 12.853479
42 17 14.688808
42 18 11.552860
42 19 12.337940
42 20 13.226784
42 21 12.956203
42 22 14.694967
42 23 14.695775
42 24 11.908699
42 25 12.491966
42 26 14.158485
42 27 13.525531
42 28 11.173980
42 29 13.106955
42 30 14.558255
42 31 11.199274
42 32 12.707141
42 33 12.134150
42 34 13.403541
42 35 11.621681
42 36 11.285246
42 37 11.799712
42 38 12.831231
42 39 13.584020
42 40 12.117151
42 41 12.051780
42 43 12.630346
42 44 13.869015
42 45 12.349545
42 46 13.924606
42 47 11.899118
42 48 14.031119
42 49 14.285891
42 50 11.792017
43 0 11.676466
43 1 13.241181
43 2 11.797271
43 3 11.598783
43 4 14.100699
43 5 13.132734
43 6 14.491900
43 7 13.982520
43 8 11.591276
43 9 11.588713
43 10 12.976997
43 11 13.897772
43 12 14.301058
43 13 11.077636
43 14 13.662057
43 15 14.125593
43 16 14.787692
43 17 13.685051
43 18 13.443956
43 19 12.114811
43 20 11.844471
43 21 12.992712
43 22 11.154808
43 23 12.229366
43 24 11.499120
43 25 12.486586
43 26 11.884912
43 27 14.691113
43 28 11.482375
43 29 11.446221
43 30 14.726743
43 31 12.643606
43 32 13.275575
43 33 12.654243
43 34 14.545877
43 35 13.424234
43 36 11.152267
43 37 13.069404
43 38 13.353696
43 39 12.559607
43 40 13.586787
43 41 13.170434
43 42 12.630346
43 44 14.455265
43 45 11.671060
43 46 11.229526
43 47 14.000338
43 48 14.198691
43 49 11.949023
43 50 13.844718
44 0 12.385354
44 1 12.193673
44 2 10.964634
44 3 11.253490
44 4 10.997007
44 5 14.023296
44 6 12.918134
44 7 11.702633
44 8 12.324146
44 9 13.357110
44 10 11.102535
44 11 11.811779
44 12 11.656757
44 13 11.347222
44 14 13.221657
44 15 12.860161
44 16 11.965578
44 17 11.793042
44 18 13.681355
44 19 12.539042
44 20 11.513498
44 21 13.554631
44 22 13.144356
44 23 12.640016
44 24 12.441118
44 25 11.363187
44 26 11.157439
44 27 13.782613
44 28 14.140876
44 29 13.596788
44 30 11.201957
44 31 13.132888
44 32 14.507657
44 33 12.502441
44 34 12.348796
44 35 12.804139
44 36 10.997184
44 37 12.158192
44 38 12.595880
44 39 12.624752
44 40 11.650745
44 41 13.305186
44 42 13.869015
44 43 14.455265
44 45 14.549261
44 46 13.058192
44 47 13.645611
44 48 11.904891
44 49 11.359971
44 50 14.523730
45 0 14.315704
45 1 10.994236
45 2 11.619536
45 3 14.118896
45 4 12.234584
45 5 14.808064
45 6 12.433159
45 7 11.151050
45 8 13.103108
45 9 12.819868
45 10 13.585175
45 11 11.865556
45 12 12.529592
45 13 12.038398
45 14 14.583021
45 15 12.668565
45 16 11.160244
45 17 13.361977
45 18 12.312270
45 19 14.715241
45 20 11.778218
45 21 12.779526
45 22 13.008696
45 23 14.634018
45 24 11.160298
45 25 12.020100
45 26 14.412715
45 27 13.115903
45 28 12.378439
45 29 12.978639
45 30 14.529689
45 31 13.196221
45 32 11.066584
45 33 13.086083
45 34 12.819928
45 35 13.178232
45 36 13.650936
45 37 11.162330
45 38 11.846654
45 39 11.464161
45 40 11.867094
45 41 13.261630
45 42 12.349545
45 43 11.671060
45 44 14.549261
45 46 14.297811
45 47 13.111702
45 48 12.728998
45 49 11.459813
45 50 11.121101
46 0 11.229764
46 1 13.730737
46 2 14.657161
46 3 13.738592
46 4 12.745466
46 5 13.593280
46 6 11.224997
46 7 12.596158
46 8 14.174374
46 9 12.755261
46 10 13.872975
46 11 11.044145
46 12 13.528932
46 13 13.814794
46 14 12.375998
46 15 11.306608
46 16 11.185992
46 17 12.300541
46 18 13.333751
46 19 14.464971
46 20 11.718538
46 21 10.929083
46 22 12.019877
46 23 14.096985
46 24 11.362798
46 25 11.958904
46 26 13.696093
46 27 11.649632
46 28 14.358772
46 29 14.226706
46 30 10.980508
46 31 11.090962
46 32 14.096581
46 33 12.213947
46 34 11.773989
46 35 12.624849
46 36 13.921330
46 37 11.604193
46 38 14.032814
46 39 14.796688
46 40 13.554603
46 41 13.885609
46 42 13.924606
46 43 11.229526
46 44 13.058192
46 45 14.297811
46 47 12.647193
46 48 13.812401
46 49 11.136105
46 50 11.916313
47 0 13.261494
47 1 12.537827
47 2 14.010460
47 3 13.795588
47 4 11.875413
47 5 11.866038
47 6 12.899291
47 7 12.629682
47 8 14.782728
47 9 13.736868
47 10 13.333404
47 11 14.630959
47 12 11.978025
47 13 14.785283
47 14 14.081022
47 15 11.135920
47 16 14.337092
47 17 11.111061
47 18 12.890654
47 19 13.307766
47 20 14.818074
47 21 12.535862
47 22 13.944965
47 23 13.244493
47 24 14.730084
47 25 11.639784
47 26 13.899082
47 27 13.169936
47 28 14.758358
47 29 14.617156
47 30 12.395425
47 31 11.003227
47 32 13.135023
47 33 12.399295
47 34 14.742566
47 35 10.983018
47 36 11.168983
47 37 12.188967
47 38 11.115320
47 39 13.521929
47 40 13.374605
47 41 13.156481
47 42 11.899118
47 43 14.000338
47 44 13.645611
47 45 13.111702
47 46 12.647193
47 48 13.708078
47 49 13.056403
47 50 13.914784
48 0 12.950998
48 1 14.010096
48 2 11.264399
48 3 13.832820
48 4 11.696147
48 5 12.342926
48 6 12.721533
48 7 14.264281
48 8 11.001591
48 9 13.210905
48 10 11.897913
48 11 11.890720
48 12 12.668488
48 13 12.237283
48 14 13.693520
48 15 14.728054
48 16 13.587834
48 17 14.253961
48 18 14.729003
48 19 11.017815
48 20 14.172676
48 21 12.095471
48 22 13.310335
48 23 13.846082
48 24 12.507436
48 25 11.871278
48 26 14.335222
48 27 13.134205
48 28 12.919486
48 29 10.964980
48 30 14.190329
48 31 12.041181
48 32 13.595795
48 33 12.977403
48 34 12.254661
48 35 13.822986
48 36 14.379847
48 37 12.084746
48 38 11.654862
48 39 12.653092
48 40 14.267545
48 41 12.776499
48 42 14.031119
48 43 14.198691
48 44 11.904891
48 45 12.728998
48 46 13.812401
48 47 13.708078
48 49 14.645975
48 50 12.581071
49 0 12.469848
49 1 12.437707
49 2 11.197879
49 3 14.669723
49 4 14.315046
49 5 12.612915
49 6 11.855843
49 7 13.278822
49 8 12.932803
49 9 14.735600
49 10 12.480889
49 11 14.653306
49 12 12.165208
49 13 11.317259
49 14 13.577155
49 15 14.603475
49 16 12.745884
49 17 13.207453
49 18 13.313066
49 19 12.642105
49 20 14.014814
49 21 11.327190
49 22 11.654392
49 23 12.124849
49 24 12.654128
49 25 14.225598
49 26 14.327162
49 27 14.371465
49 28 13.135576
49 29 13.165809
49 30 11.842246
49 31 13.140945
49 32 13.949279
49 33 11.177543
49 34 11.827078
49 35 14.544869
49 36 12.596499
49 37 11.671816
49 38 12.128429
49 39 11.652749
49 40 13.540361
49 41 11.218969
49 42 14.285891
49 43 11.949023
49 44 11.359971
49 45 11.459813
49 46 11.136105
49 47 13.056403
49 48 14.645975
49 50 13.553799
50 0 12.932866
50 1 12.327312
50 2 13.164789
50 3 11.178614
50 4 14.809395
50 5 14.124660
50 6 12.541207
50 7 11.486710
50 8 11.496644
50 9 13.332525
50 10 13.952781
50 11 14.487254
50 12 13.710760
50 13 14.791376
50 14 14.771379
50 15 14.552403
50 16 14.575666
50 17 14.279492
50 18 13.404296
50 19 12.827022
50 20 13.959676
50 21 11.456687
50 22 13.164593
50 23 14.558890
50 24 13.261601
50 25 11.880719
50 26 12.194012
50 27 12.836352
50 28 12.376811
50 29 14.004371
50 30 12.718170
50 31 12.521113
50 32 11.295165
50 33 12.468572
50 34 14.324348
50 35 11.755655
50 36 10.978580
50 37 13.016327
50 38 12.779738
50 39 12.323144
50 40 14.677379
50 41 14.031804
50 42 11.792017
50 43 13.844718
50 44 14.523730
50 45 11.121101
50 46 11.916313
50 47 13.914784
50 48 12.581071
50 49 13.553799
