trucks_count 1
drones_count 1
customers 6
depot 0 0
Coordinate X         Coordinate Y         Dronable Demand
X	Y	Dronable	Demand	Drone_service	Truck_service	Lw
3709.84837309313	-6626.32210971663	1	0.523714164638798	60	60	3600
-827.226650606273	3181.86382444965	1	0.861780379524289	60	60	2700
-4518.31053272201	6765.89085509181	1	1.74145957233299	60	60	3600
6177.91120521562	-974.204520710137	1	1.12800619607245	60	60	1800
6139.64494998788	-3489.8708589441	1	0.673090021351424	60	60	1800
190.687235805252	-6804.16859497324	1	0.774584982951105	60	60	2700
