# i j vmax_ij_m_per_s; symmetric values generated with Uniform(0.7,0.95)*15.6
0 1 11.035403
0 2 12.220726
0 3 11.180257
0 4 11.644358
0 5 12.360825
0 6 14.266447
1 0 11.035403
1 2 14.030993
1 3 13.353254
1 4 14.745816
1 5 12.513830
1 6 11.308599
2 0 12.220726
2 1 14.030993
2 3 13.284346
2 4 13.680992
2 5 11.909210
2 6 13.618230
3 0 11.180257
3 1 13.353254
3 2 13.284346
3 4 13.846874
3 5 10.982536
3 6 14.681535
4 0 11.644358
4 1 14.745816
4 2 13.680992
4 3 13.846874
4 5 14.465086
4 6 13.971138
5 0 12.360825
5 1 12.513830
5 2 11.909210
5 3 10.982536
5 4 14.465086
5 6 14.648010
6 0 14.266447
6 1 11.308599
6 2 13.618230
6 3 14.681535
6 4 13.971138
6 5 14.648010
