# i j vmax_ij_m_per_s; symmetric values generated with Uniform(0.7,0.95)*15.6
0 1 14.194526
0 2 14.617886
0 3 14.028446
0 4 13.176595
0 5 12.929811
0 6 11.240418
1 0 14.194526
1 2 11.338046
1 3 12.044857
1 4 12.071043
1 5 14.805952
1 6 14.739055
2 0 14.617886
2 1 11.338046
2 3 13.961733
2 4 14.555559
2 5 12.961483
2 6 13.940032
3 0 14.028446
3 1 12.044857
3 2 13.961733
3 4 12.435385
3 5 14.541048
3 6 12.201596
4 0 13.176595
4 1 12.071043
4 2 14.555559
4 3 12.435385
4 5 13.340828
4 6 10.924941
5 0 12.929811
5 1 14.805952
5 2 12.961483
5 3 14.541048
5 4 13.340828
5 6 13.118258
6 0 11.240418
6 1 14.739055
6 2 13.940032
6 3 12.201596
6 4 10.924941
6 5 13.118258
