trucks_count 1
drones_count 1
customers 6
depot 0 0
Coordinate X         Coordinate Y         Dronable Demand
X	Y	Dronable	Demand	Drone_service	Truck_service	Lw
3714.17363878189	1281.44031136971	1	0.13040440227302	60	60	3600
-2607.66950805955	2880.97553201409	1	1.01478649738604	60	60	3600
-7801.96255728728	6967.07616500734	1	0.641990232158878	60	60	1800
-941.264239460944	7881.40657583149	1	0.653835761211656	60	60	1800
-4581.87577393802	3031.1498519762	1	0.570633579156062	60	60	2700
-1622.6464497528	-6063.62786552477	1	0.355069857157226	60	60	2700
