trucks_count 1
drones_count 1
customers 6
depot 0 0
Coordinate X         Coordinate Y         Dronable Demand
X	Y	Dronable	Demand	Drone_service	Truck_service	Lw
3712.73196348908	4009.98609107081	1	1.01749433432669	60	60	3600
3350.27827096511	-2383.19471742693	1	0.96378445809879	60	60	1800
-6707.41180249541	6900.01423516193	1	0.889901952664395	60	60	2700
1431.79432203469	-434.930456349053	1	0.433899228233508	60	60	3600
4356.43113403728	-4506.99022512367	1	0.98277905425531	60	60	1800
-6382.66847463	-946.008108674261	1	0.116914910353598	60	60	2700
