# i j vmax_ij_m_per_s; symmetric values generated with Uniform(0.7,0.95)*15.6
0 1 14.775388
0 2 12.515692
0 3 13.865850
0 4 12.022687
0 5 11.037802
0 6 12.863218
1 0 14.775388
1 2 11.060214
1 3 10.976344
1 4 10.998309
1 5 13.096703
1 6 14.666803
2 0 12.515692
2 1 11.060214
2 3 11.074196
2 4 12.579363
2 5 13.122238
2 6 13.931763
3 0 13.865850
3 1 10.976344
3 2 11.074196
3 4 12.586312
3 5 14.558401
3 6 14.677084
4 0 12.022687
4 1 10.998309
4 2 12.579363
4 3 12.586312
4 5 13.488489
4 6 12.134711
5 0 11.037802
5 1 13.096703
5 2 13.122238
5 3 14.558401
5 4 13.488489
5 6 12.277032
6 0 12.863218
6 1 14.666803
6 2 13.931763
6 3 14.677084
6 4 12.134711
6 5 12.277032
