trucks_count 1
drones_count 1
customers 6
depot 0 0
Coordinate X         Coordinate Y         Dronable Demand
X	Y	Dronable	Demand	Drone_service	Truck_service	Lw
3705.52358702506	1559.31498957634	1	0.917023910106958	60	60	1800
953.216206847002	3482.75163726451	1	0.7087742278673	60	60	1800
-1234.65850815674	6564.70530536592	1	0.995480538294358	60	60	3600
-2796.31358991817	6263.58486236893	1	0.468196614035621	60	60	3600
767.765673913776	6082.50819032525	1	0.775546446649167	60	60	2700
2004.02068155296	-7544.70956423205	1	0.0601200749497469	60	60	2700
