# i j vmax_ij_m_per_s; symmetric values generated with Uniform(0.7,0.95)*15.6
0 1 13.607678
0 2 12.460435
0 3 12.866088
0 4 13.390695
0 5 14.560882
0 6 11.897472
1 0 13.607678
1 2 14.433979
1 3 12.061477
1 4 11.903985
1 5 12.577948
1 6 14.120203
2 0 12.460435
2 1 14.433979
2 3 12.065376
2 4 13.168674
2 5 11.647484
2 6 13.782606
3 0 12.866088
3 1 12.061477
3 2 12.065376
3 4 11.218924
3 5 14.523697
3 6 13.365421
4 0 13.390695
4 1 11.903985
4 2 13.168674
4 3 11.218924
4 5 11.155377
4 6 13.662987
5 0 14.560882
5 1 12.577948
5 2 11.647484
5 3 14.523697
5 4 11.155377
5 6 14.294421
6 0 11.897472
6 1 14.120203
6 2 13.782606
6 3 13.365421
6 4 13.662987
6 5 14.294421
