# i j vmax_ij_m_per_s; symmetric values generated with Uniform(0.7,0.95)*15.6
0 1 10.954159
0 2 13.403733
0 3 11.151969
0 4 13.335450
0 5 12.251332
0 6 13.042758
1 0 10.954159
1 2 12.295974
1 3 12.395212
1 4 14.178529
1 5 12.796193
1 6 12.703333
2 0 13.403733
2 1 12.295974
2 3 13.547147
2 4 13.984371
2 5 14.750573
2 6 11.964677
3 0 11.151969
3 1 12.395212
3 2 13.547147
3 4 14.008962
3 5 14.540888
3 6 13.637771
4 0 13.335450
4 1 14.178529
4 2 13.984371
4 3 14.008962
4 5 13.021436
4 6 12.805483
5 0 12.251332
5 1 12.796193
5 2 14.750573
5 3 14.540888
5 4 13.021436
5 6 13.485031
6 0 13.042758
6 1 12.703333
6 2 11.964677
6 3 13.637771
6 4 12.805483
6 5 13.485031
