trucks_count 1
drones_count 1
customers 6
depot 0 0
Coordinate X         Coordinate Y         Dronable Demand
X	Y	Dronable	Demand	Drone_service	Truck_service	Lw
7399.5137717077	-7239.80378323845	1	1.06344358762879	60	60	1800
-14803.5858337294	-2961.06207834397	1	0.50476603692306	60	60	2700
6287.08854240082	12592.9166108307	1	0.853147403418805	60	60	3600
13391.8408325081	10370.0734672935	1	0.722430532815883	60	60	3600
8668.38709125064	-15953.3056750105	1	0.156168397739014	60	60	1800
-1885.33579515306	-6335.2615532807	1	0.24148023704238	60	60	2700
