# i j l theta_ijl; 12 hourly segments, theta=round(Uniform(0.9,1.0)*base_L[l],2)
0 1 0 0.73
0 1 1 0.48
0 1 2 0.68
0 1 3 0.73
0 1 4 0.83
0 1 5 0.66
0 1 6 0.64
0 1 7 0.82
0 1 8 0.84
0 1 9 0.63
0 1 10 0.60
0 1 11 0.50
0 2 0 0.79
0 2 1 0.48
0 2 2 0.67
0 2 3 0.76
0 2 4 0.87
0 2 5 0.64
0 2 6 0.70
0 2 7 0.82
0 2 8 0.87
0 2 9 0.63
0 2 10 0.56
0 2 11 0.46
0 3 0 0.79
0 3 1 0.50
0 3 2 0.63
0 3 3 0.76
0 3 4 0.84
0 3 5 0.65
0 3 6 0.67
0 3 7 0.84
0 3 8 0.81
0 3 9 0.70
0 3 10 0.58
0 3 11 0.46
0 4 0 0.76
0 4 1 0.46
0 4 2 0.66
0 4 3 0.80
0 4 4 0.85
0 4 5 0.68
0 4 6 0.64
0 4 7 0.87
0 4 8 0.82
0 4 9 0.64
0 4 10 0.57
0 4 11 0.48
0 5 0 0.78
0 5 1 0.46
0 5 2 0.63
0 5 3 0.75
0 5 4 0.87
0 5 5 0.67
0 5 6 0.67
0 5 7 0.82
0 5 8 0.88
0 5 9 0.63
0 5 10 0.55
0 5 11 0.45
0 6 0 0.72
0 6 1 0.47
0 6 2 0.63
0 6 3 0.74
0 6 4 0.86
0 6 5 0.63
0 6 6 0.68
0 6 7 0.88
0 6 8 0.85
0 6 9 0.64
0 6 10 0.59
0 6 11 0.47
1 0 0 0.76
1 0 1 0.50
1 0 2 0.65
1 0 3 0.73
1 0 4 0.89
1 0 5 0.63
1 0 6 0.63
1 0 7 0.85
1 0 8 0.85
1 0 9 0.67
1 0 10 0.54
1 0 11 0.47
1 2 0 0.78
1 2 1 0.47
1 2 2 0.66
1 2 3 0.79
1 2 4 0.82
1 2 5 0.64
1 2 6 0.68
1 2 7 0.87
1 2 8 0.84
1 2 9 0.67
1 2 10 0.59
1 2 11 0.46
1 3 0 0.75
1 3 1 0.45
1 3 2 0.69
1 3 3 0.77
1 3 4 0.81
1 3 5 0.70
1 3 6 0.68
1 3 7 0.83
1 3 8 0.82
1 3 9 0.64
1 3 10 0.56
1 3 11 0.47
1 4 0 0.73
1 4 1 0.46
1 4 2 0.68
1 4 3 0.78
1 4 4 0.82
1 4 5 0.66
1 4 6 0.64
1 4 7 0.82
1 4 8 0.88
1 4 9 0.66
1 4 10 0.59
1 4 11 0.45
1 5 0 0.73
1 5 1 0.47
1 5 2 0.66
1 5 3 0.78
1 5 4 0.83
1 5 5 0.69
1 5 6 0.66
1 5 7 0.84
1 5 8 0.90
1 5 9 0.65
1 5 10 0.60
1 5 11 0.49
1 6 0 0.79
1 6 1 0.45
1 6 2 0.68
1 6 3 0.76
1 6 4 0.82
1 6 5 0.65
1 6 6 0.64
1 6 7 0.87
1 6 8 0.86
1 6 9 0.65
1 6 10 0.55
1 6 11 0.46
2 0 0 0.79
2 0 1 0.48
2 0 2 0.63
2 0 3 0.73
2 0 4 0.82
2 0 5 0.65
2 0 6 0.65
2 0 7 0.82
2 0 8 0.87
2 0 9 0.68
2 0 10 0.60
2 0 11 0.45
2 1 0 0.78
2 1 1 0.49
2 1 2 0.66
2 1 3 0.73
2 1 4 0.85
2 1 5 0.69
2 1 6 0.68
2 1 7 0.87
2 1 8 0.82
2 1 9 0.63
2 1 10 0.54
2 1 11 0.45
2 3 0 0.73
2 3 1 0.49
2 3 2 0.65
2 3 3 0.77
2 3 4 0.84
2 3 5 0.63
2 3 6 0.70
2 3 7 0.84
2 3 8 0.87
2 3 9 0.65
2 3 10 0.60
2 3 11 0.49
2 4 0 0.77
2 4 1 0.48
2 4 2 0.65
2 4 3 0.73
2 4 4 0.88
2 4 5 0.68
2 4 6 0.63
2 4 7 0.88
2 4 8 0.83
2 4 9 0.65
2 4 10 0.56
2 4 11 0.46
2 5 0 0.76
2 5 1 0.47
2 5 2 0.69
2 5 3 0.74
2 5 4 0.85
2 5 5 0.63
2 5 6 0.66
2 5 7 0.84
2 5 8 0.89
2 5 9 0.64
2 5 10 0.55
2 5 11 0.47
2 6 0 0.76
2 6 1 0.48
2 6 2 0.63
2 6 3 0.74
2 6 4 0.84
2 6 5 0.65
2 6 6 0.64
2 6 7 0.86
2 6 8 0.83
2 6 9 0.64
2 6 10 0.55
2 6 11 0.48
3 0 0 0.77
3 0 1 0.50
3 0 2 0.63
3 0 3 0.77
3 0 4 0.85
3 0 5 0.66
3 0 6 0.68
3 0 7 0.85
3 0 8 0.81
3 0 9 0.65
3 0 10 0.58
3 0 11 0.45
3 1 0 0.76
3 1 1 0.48
3 1 2 0.64
3 1 3 0.73
3 1 4 0.89
3 1 5 0.66
3 1 6 0.68
3 1 7 0.88
3 1 8 0.90
3 1 9 0.70
3 1 10 0.59
3 1 11 0.48
3 2 0 0.73
3 2 1 0.49
3 2 2 0.67
3 2 3 0.74
3 2 4 0.82
3 2 5 0.69
3 2 6 0.69
3 2 7 0.86
3 2 8 0.89
3 2 9 0.69
3 2 10 0.56
3 2 11 0.47
3 4 0 0.76
3 4 1 0.49
3 4 2 0.68
3 4 3 0.78
3 4 4 0.82
3 4 5 0.67
3 4 6 0.63
3 4 7 0.86
3 4 8 0.82
3 4 9 0.69
3 4 10 0.58
3 4 11 0.48
3 5 0 0.79
3 5 1 0.47
3 5 2 0.64
3 5 3 0.73
3 5 4 0.83
3 5 5 0.66
3 5 6 0.65
3 5 7 0.88
3 5 8 0.86
3 5 9 0.64
3 5 10 0.57
3 5 11 0.49
3 6 0 0.79
3 6 1 0.48
3 6 2 0.70
3 6 3 0.74
3 6 4 0.82
3 6 5 0.70
3 6 6 0.68
3 6 7 0.83
3 6 8 0.89
3 6 9 0.67
3 6 10 0.55
3 6 11 0.47
4 0 0 0.74
4 0 1 0.50
4 0 2 0.67
4 0 3 0.74
4 0 4 0.85
4 0 5 0.65
4 0 6 0.66
4 0 7 0.82
4 0 8 0.85
4 0 9 0.70
4 0 10 0.59
4 0 11 0.47
4 1 0 0.80
4 1 1 0.46
4 1 2 0.69
4 1 3 0.75
4 1 4 0.88
4 1 5 0.67
4 1 6 0.67
4 1 7 0.89
4 1 8 0.87
4 1 9 0.67
4 1 10 0.55
4 1 11 0.49
4 2 0 0.74
4 2 1 0.49
4 2 2 0.67
4 2 3 0.80
4 2 4 0.88
4 2 5 0.66
4 2 6 0.69
4 2 7 0.82
4 2 8 0.81
4 2 9 0.66
4 2 10 0.57
4 2 11 0.47
4 3 0 0.77
4 3 1 0.45
4 3 2 0.65
4 3 3 0.78
4 3 4 0.84
4 3 5 0.67
4 3 6 0.63
4 3 7 0.82
4 3 8 0.84
4 3 9 0.67
4 3 10 0.55
4 3 11 0.49
4 5 0 0.75
4 5 1 0.49
4 5 2 0.68
4 5 3 0.73
4 5 4 0.86
4 5 5 0.68
4 5 6 0.65
4 5 7 0.86
4 5 8 0.87
4 5 9 0.65
4 5 10 0.58
4 5 11 0.49
4 6 0 0.76
4 6 1 0.47
4 6 2 0.67
4 6 3 0.72
4 6 4 0.82
4 6 5 0.67
4 6 6 0.67
4 6 7 0.88
4 6 8 0.86
4 6 9 0.63
4 6 10 0.54
4 6 11 0.45
5 0 0 0.76
5 0 1 0.49
5 0 2 0.68
5 0 3 0.77
5 0 4 0.85
5 0 5 0.67
5 0 6 0.64
5 0 7 0.82
5 0 8 0.82
5 0 9 0.65
5 0 10 0.56
5 0 11 0.49
5 1 0 0.75
5 1 1 0.49
5 1 2 0.64
5 1 3 0.78
5 1 4 0.86
5 1 5 0.64
5 1 6 0.69
5 1 7 0.90
5 1 8 0.83
5 1 9 0.66
5 1 10 0.58
5 1 11 0.47
5 2 0 0.78
5 2 1 0.48
5 2 2 0.69
5 2 3 0.77
5 2 4 0.89
5 2 5 0.70
5 2 6 0.67
5 2 7 0.88
5 2 8 0.90
5 2 9 0.70
5 2 10 0.60
5 2 11 0.50
5 3 0 0.75
5 3 1 0.48
5 3 2 0.66
5 3 3 0.80
5 3 4 0.89
5 3 5 0.66
5 3 6 0.68
5 3 7 0.89
5 3 8 0.90
5 3 9 0.66
5 3 10 0.58
5 3 11 0.49
5 4 0 0.76
5 4 1 0.48
5 4 2 0.69
5 4 3 0.78
5 4 4 0.88
5 4 5 0.64
5 4 6 0.65
5 4 7 0.82
5 4 8 0.86
5 4 9 0.69
5 4 10 0.60
5 4 11 0.48
5 6 0 0.75
5 6 1 0.45
5 6 2 0.66
5 6 3 0.78
5 6 4 0.87
5 6 5 0.69
5 6 6 0.65
5 6 7 0.84
5 6 8 0.83
5 6 9 0.67
5 6 10 0.56
5 6 11 0.46
6 0 0 0.79
6 0 1 0.48
6 0 2 0.69
6 0 3 0.79
6 0 4 0.85
6 0 5 0.69
6 0 6 0.66
6 0 7 0.86
6 0 8 0.85
6 0 9 0.68
6 0 10 0.57
6 0 11 0.48
6 1 0 0.74
6 1 1 0.47
6 1 2 0.69
6 1 3 0.72
6 1 4 0.90
6 1 5 0.70
6 1 6 0.69
6 1 7 0.86
6 1 8 0.82
6 1 9 0.63
6 1 10 0.57
6 1 11 0.49
6 2 0 0.76
6 2 1 0.49
6 2 2 0.69
6 2 3 0.74
6 2 4 0.90
6 2 5 0.65
6 2 6 0.68
6 2 7 0.90
6 2 8 0.89
6 2 9 0.64
6 2 10 0.58
6 2 11 0.48
6 3 0 0.79
6 3 1 0.46
6 3 2 0.69
6 3 3 0.79
6 3 4 0.85
6 3 5 0.64
6 3 6 0.66
6 3 7 0.84
6 3 8 0.82
6 3 9 0.64
6 3 10 0.59
6 3 11 0.48
6 4 0 0.74
6 4 1 0.47
6 4 2 0.66
6 4 3 0.75
6 4 4 0.84
6 4 5 0.69
6 4 6 0.69
6 4 7 0.83
6 4 8 0.85
6 4 9 0.64
6 4 10 0.56
6 4 11 0.50
6 5 0 0.79
6 5 1 0.48
6 5 2 0.69
6 5 3 0.78
6 5 4 0.81
6 5 5 0.65
6 5 6 0.66
6 5 7 0.82
6 5 8 0.87
6 5 9 0.68
6 5 10 0.59
6 5 11 0.48
