trucks_count 1
drones_count 1
customers 6
depot 0 0
Coordinate X         Coordinate Y         Dronable Demand
X	Y	Dronable	Demand	Drone_service	Truck_service	Lw
7408.16382346452	8575.7220181756	1	0.67013384216063	60	60	2700
13822.3279717433	-3562.8381835944	1	0.657772171682431	60	60	2700
-280.215986350422	12995.2872306617	1	0.109412241902255	60	60	3600
-846.509577224363	-4105.50433962322	1	0.248260097955091	60	60	1800
-12774.6548362218	-2911.26425316993	1	0.0537119386460335	60	60	1800
-5512.00268664847	-4854.18009438377	1	0.955945128146119	60	60	3600
