# i j vmax_ij_m_per_s; symmetric values generated with Uniform(0.7,0.95)*15.6
0 1 11.121298
0 2 13.492864
0 3 14.634251
0 4 12.719986
0 5 12.285051
0 6 13.334049
1 0 11.121298
1 2 11.848633
1 3 11.287870
1 4 14.283841
1 5 11.479460
1 6 12.181255
2 0 13.492864
2 1 11.848633
2 3 11.532819
2 4 12.330902
2 5 10.961968
2 6 11.080987
3 0 14.634251
3 1 11.287870
3 2 11.532819
3 4 14.321933
3 5 14.054682
3 6 13.484886
4 0 12.719986
4 1 14.283841
4 2 12.330902
4 3 14.321933
4 5 11.434010
4 6 14.541190
5 0 12.285051
5 1 11.479460
5 2 10.961968
5 3 14.054682
5 4 11.434010
5 6 13.851992
6 0 13.334049
6 1 12.181255
6 2 11.080987
6 3 13.484886
6 4 14.541190
6 5 13.851992
