trucks_count 1
drones_count 1
customers 6
depot 0 0
Coordinate X         Coordinate Y         Dronable Demand
X	Y	Dronable	Demand	Drone_service	Truck_service	Lw
7416.81387522134	-7795.55313965174	1	0.276824079794852	60	60	1800
10261.4422568368	-4164.61380922413	1	0.81077832333942	60	60	3600
-6847.52003548097	13397.6573708721	1	0.499657080385706	60	60	1800
-15084.8604665775	13605.7168942186	1	1.65018427166239	60	60	2700
-2030.89580445295	10130.7771686707	1	1.08523549645067	60	60	2700
-9138.67005776459	-3373.09767624545	1	0.53643000235224	60	60	3600
