trucks_count 1
drones_count 1
customers 6
depot 0 0
Coordinate X         Coordinate Y         Dronable Demand
X	Y	Dronable	Demand	Drone_service	Truck_service	Lw
7413.93052463573	-2338.46158024952	1	0.0299339949509049	60	60	3600
-10009.4626647346	-14692.9552673476	1	0.759776284052169	60	60	3600
-4658.41852589722	13263.533990802	1	0.747568817788841	60	60	2700
-10338.7438232069	-3026.95669052175	1	0.68813314701377	60	60	1800
15845.7180114976	-4945.50298552907	1	0.36340097154992	60	60	2700
13528.0854128603	6862.14183745557	1	0.298275055548612	60	60	1800
