# i j vmax_ij_m_per_s; symmetric values generated with Uniform(0.7,0.95)*15.6
0 1 11.055024
0 2 11.877770
0 3 13.894099
0 4 13.520629
0 5 12.676787
0 6 12.764250
1 0 11.055024
1 2 13.720712
1 3 10.951337
1 4 12.205051
1 5 11.655807
1 6 11.923526
2 0 11.877770
2 1 13.720712
2 3 14.000851
2 4 11.096929
2 5 14.181139
2 6 14.298254
3 0 13.894099
3 1 10.951337
3 2 14.000851
3 4 11.712455
3 5 14.737211
3 6 14.233409
4 0 13.520629
4 1 12.205051
4 2 11.096929
4 3 11.712455
4 5 12.742984
4 6 13.488009
5 0 12.676787
5 1 11.655807
5 2 14.181139
5 3 14.737211
5 4 12.742984
5 6 13.341035
6 0 12.764250
6 1 11.923526
6 2 14.298254
6 3 14.233409
6 4 13.488009
6 5 13.341035
