# i j vmax_ij_m_per_s; symmetric values generated with Uniform(0.7,0.95)*15.6
0 1 14.111436
0 2 11.802541
0 3 13.039028
0 4 11.922497
0 5 13.119616
0 6 12.685449
1 0 14.111436
1 2 12.292171
1 3 13.381397
1 4 13.440143
1 5 11.569311
1 6 12.824513
2 0 11.802541
2 1 12.292171
2 3 12.038194
2 4 12.797131
2 5 12.800838
2 6 13.893979
3 0 13.039028
3 1 13.381397
3 2 12.038194
3 4 13.276033
3 5 12.971628
3 6 14.814527
4 0 11.922497
4 1 13.440143
4 2 12.797131
4 3 13.276033
4 5 13.668596
4 6 13.903687
5 0 13.119616
5 1 11.569311
5 2 12.800838
5 3 12.971628
5 4 13.668596
5 6 12.090790
6 0 12.685449
6 1 12.824513
6 2 13.893979
6 3 14.814527
6 4 13.903687
6 5 12.090790
