# i j vmax_ij_m_per_s; symmetric values generated with Uniform(0.7,0.95)*15.6
0 1 11.198025
0 2 12.351031
0 3 13.371393
0 4 12.511921
0 5 14.370337
0 6 11.973810
1 0 11.198025
1 2 11.529566
1 3 13.022256
1 4 13.899559
1 5 11.291325
1 6 12.153243
2 0 12.351031
2 1 11.529566
2 3 13.063826
2 4 13.235222
2 5 13.161256
2 6 12.076866
3 0 13.371393
3 1 13.022256
3 2 13.063826
3 4 11.374991
3 5 13.457991
3 6 12.355466
4 0 12.511921
4 1 13.899559
4 2 13.235222
4 3 11.374991
4 5 13.321803
4 6 11.153721
5 0 14.370337
5 1 11.291325
5 2 13.161256
5 3 13.457991
5 4 13.321803
5 6 13.525435
6 0 11.973810
6 1 12.153243
6 2 12.076866
6 3 12.355466
6 4 11.153721
6 5 13.525435
