trucks_count 1
drones_count 1
customers 6
depot 0 0
Coordinate X         Coordinate Y         Dronable Demand
X	Y	Dronable	Demand	Drone_service	Truck_service	Lw
1857.80753713217	-723.552734165701	1	0.377294487116967	60	60	1800
3763.89147636307	-3974.1268694621	1	1.89430563138996	60	60	3600
3598.44334396042	3517.0689275212	1	0.394078494755743	60	60	1800
-1657.16128057312	52.171804006016	1	0.873772277292186	60	60	2700
1286.60865904334	-2762.05479565162	1	0.158488087159196	60	60	2700
1568.68790746737	2456.07630871753	1	0.593224803960854	60	60	3600
