# i j vmax_ij_m_per_s; symmetric values generated with Uniform(0.7,0.95)*15.6
0 1 11.176083
0 2 14.096756
0 3 11.551916
0 4 12.091853
0 5 13.567173
0 6 11.834580
1 0 11.176083
1 2 11.832605
1 3 11.986617
1 4 13.574443
1 5 11.776308
1 6 14.660545
2 0 14.096756
2 1 11.832605
2 3 12.661088
2 4 14.275461
2 5 13.814214
2 6 13.788123
3 0 11.551916
3 1 11.986617
3 2 12.661088
3 4 14.474818
3 5 12.707202
3 6 14.231383
4 0 12.091853
4 1 13.574443
4 2 14.275461
4 3 14.474818
4 5 12.866532
4 6 13.164885
5 0 13.567173
5 1 11.776308
5 2 13.814214
5 3 12.707202
5 4 12.866532
5 6 12.455872
6 0 11.834580
6 1 14.660545
6 2 13.788123
6 3 14.231383
6 4 13.164885
6 5 12.455872
