trucks_count 1
drones_count 1
customers 6
depot 0 0
Coordinate X         Coordinate Y         Dronable Demand
X	Y	Dronable	Demand	Drone_service	Truck_service	Lw
1859.97005007138	3230.32859628264	1	1.11796472475119	60	60	1800
2873.67004763643	3922.12922413047	1	0.0848147052278993	60	60	3600
1956.61721177261	3617.66170238414	1	0.784323367034431	60	60	3600
2829.95111699378	-3566.72276762834	1	0.399601842431394	60	60	1800
3972.54829708039	498.455559808532	1	0.056031628066215	60	60	2700
662.021064688343	2826.34679334694	1	0.173709711962212	60	60	2700
