trucks_count 1
drones_count 1
customers 6
depot 0 0
Coordinate X         Coordinate Y         Dronable Demand
X	Y	Dronable	Demand	Drone_service	Truck_service	Lw
1859.24933233015	-3452.09839396163	1	0.87107465680486	60	60	3600
-2194.05618275641	1290.04385959961	1	0.0338126490430299	60	60	1800
2503.89258916855	3584.13073746143	1	1.03223507064233	60	60	2700
4016.48027783642	321.808716281385	1	1.70580899179843	60	60	1800
395.001751068044	-3270.6144787414	1	0.468177120063081	60	60	3600
-1717.98994775026	-2661.54332822781	1	1.06953473136335	60	60	2700
