# i j vmax_ij_m_per_s; symmetric values generated with Uniform(0.7,0.95)*15.6
0 1 12.072241
0 2 11.897019
0 3 14.610515
0 4 10.968345
0 5 11.382940
0 6 11.135150
1 0 12.072241
1 2 14.137373
1 3 13.345450
1 4 14.195208
1 5 14.019900
1 6 14.816848
2 0 11.897019
2 1 14.137373
2 3 12.825960
2 4 11.850884
2 5 13.354234
2 6 13.487318
3 0 14.610515
3 1 13.345450
3 2 12.825960
3 4 12.231005
3 5 11.148561
3 6 11.175539
4 0 10.968345
4 1 14.195208
4 2 11.850884
4 3 12.231005
4 5 14.007453
4 6 13.461485
5 0 11.382940
5 1 14.019900
5 2 13.354234
5 3 11.148561
5 4 14.007453
5 6 11.579570
6 0 11.135150
6 1 14.816848
6 2 13.487318
6 3 11.175539
6 4 13.461485
6 5 11.579570
