# i j vmax_ij_m_per_s; symmetric values generated with Uniform(0.7,0.95)*15.6
0 1 12.688108
0 2 14.071175
0 3 11.333215
0 4 13.015688
0 5 13.725536
0 6 13.318935
1 0 12.688108
1 2 12.505746
1 3 13.387713
1 4 13.902801
1 5 14.690318
1 6 12.551109
2 0 14.071175
2 1 12.505746
2 3 12.103172
2 4 12.551009
2 5 11.890197
2 6 14.524097
3 0 11.333215
3 1 13.387713
3 2 12.103172
3 4 13.841070
3 5 13.759312
3 6 14.765198
4 0 13.015688
4 1 13.902801
4 2 12.551009
4 3 13.841070
4 5 11.441982
4 6 14.124008
5 0 13.725536
5 1 14.690318
5 2 11.890197
5 3 13.759312
5 4 11.441982
5 6 13.386139
6 0 13.318935
6 1 12.551109
6 2 14.524097
6 3 14.765198
6 4 14.124008
6 5 13.386139
