trucks_count 1
drones_count 1
customers 6
depot 0 0
Coordinate X         Coordinate Y         Dronable Demand
X	Y	Dronable	Demand	Drone_service	Truck_service	Lw
1855.64514409814	3369.26605529113	1	1.54719215870474	60	60	3600
-3392.58709491029	-3823.68272324432	1	0.91278241881154	60	60	2700
-2806.43064375694	3416.47627256343	1	0.0038336562722921	60	60	3600
1902.42644176516	3671.0662557352	1	0.213962712152978	60	60	1800
-1399.33097899371	2024.13460907788	1	0.260944529354558	60	60	2700
2475.35463034123	2085.80582408812	1	1.01273992975473	60	60	1800
