trucks_count 1
drones_count 1
customers 100
depot 0 0
Coordinate X Coordinate Y Dronable Demand
X Y Dronable Demand Drone_service Truck_service Lw
-2139.441 360.521 1 1.42 60 60 3600
-3592.739 -3443.595 1 1.24 60 60 3600
-101.389 1595.405 1 1.74 60 60 3600
-2921.893 3277.060 1 0.29 60 60 3600
-1563.998 -1520.230 1 1.68 60 60 3600
-3921.651 383.720 1 0.61 60 60 3600
222.441 -438.456 1 0.21 60 60 3600
3705.130 -4132.443 1 1.69 60 60 3600
-2708.254 -1903.271 1 0.44 60 60 3600
-3039.141 808.172 1 0.56 60 60 3600
-914.135 1584.262 1 0.76 60 60 3600
-4961.680 -2520.485 1 1.46 60 60 3600
2144.201 182.966 1 1.38 60 60 3600
1096.741 924.446 1 0.39 60 60 3600
4987.256 -4134.892 1 0.55 60 60 3600
-2009.795 1398.257 1 0.47 60 60 3600
1115.593 -840.188 1 0.41 60 60 3600
1394.808 3265.383 1 1.26 60 60 3600
-1415.968 -3512.691 1 0.21 60 60 3600
-1575.482 3816.751 1 0.41 60 60 3600
-4498.559 3275.892 1 0.45 60 60 3600
761.375 1492.144 1 0.83 60 60 3600
-3977.500 -2247.295 1 0.30 60 60 3600
2101.540 -2752.587 1 1.70 60 60 3600
-2804.457 1991.259 1 0.47 60 60 3600
-4976.964 -1982.194 1 1.02 60 60 3600
-1854.822 2132.413 1 1.85 60 60 3600
-629.214 -3028.104 1 1.21 60 60 3600
345.104 762.787 1 1.12 60 60 3600
-1204.792 2193.093 1 1.12 60 60 3600
-2833.712 -1340.560 1 0.37 60 60 3600
-3816.230 1916.129 1 0.52 60 60 3600
-4834.684 1400.472 1 1.31 60 60 3600
-3799.737 4456.173 1 0.95 60 60 3600
870.632 2872.713 1 0.36 60 60 3600
1005.048 -3563.175 1 1.02 60 60 3600
2025.062 -386.269 1 1.58 60 60 3600
-2176.522 -1398.691 1 0.28 60 60 3600
3090.968 -1603.553 1 1.74 60 60 3600
-3283.832 3644.338 1 1.86 60 60 3600
4546.659 -2293.919 1 0.57 60 60 3600
490.193 -902.494 1 0.30 60 60 3600
3129.441 767.574 1 0.33 60 60 3600
-3234.322 1535.793 1 0.37 60 60 3600
-4454.225 4447.980 1 1.11 60 60 3600
1001.504 -1384.810 1 0.21 60 60 3600
-246.811 9.785 1 0.34 60 60 3600
1079.365 2136.832 1 0.60 60 60 3600
-235.411 -3561.116 1 1.99 60 60 3600
-4125.978 -1573.931 1 1.06 60 60 3600
-2206.078 4474.452 1 0.33 60 60 3600
2487.372 -2232.322 1 1.16 60 60 3600
4138.252 -1482.192 1 1.57 60 60 3600
-639.398 -999.142 1 0.86 60 60 3600
4394.853 -993.264 1 1.59 60 60 3600
-4527.097 -2927.438 1 1.27 60 60 3600
-3787.505 3880.393 1 1.98 60 60 3600
-575.090 -1893.264 1 0.21 60 60 3600
668.716 -54.424 1 1.06 60 60 3600
-2700.034 4942.441 1 0.63 60 60 3600
-3373.914 -4687.407 1 0.25 60 60 3600
-3040.513 239.605 1 1.48 60 60 3600
-4755.285 -3903.948 1 0.75 60 60 3600
-2615.376 -350.380 1 1.13 60 60 3600
-1603.479 2928.306 1 1.53 60 60 3600
-1297.088 37.793 1 1.40 60 60 3600
1055.171 -4237.284 1 1.52 60 60 3600
1429.582 2746.075 1 1.74 60 60 3600
2103.847 -1819.503 1 1.04 60 60 3600
3347.580 -3243.553 1 1.72 60 60 3600
174.293 2340.514 1 0.42 60 60 3600
-3938.466 -4039.547 1 1.82 60 60 3600
1808.950 2420.052 1 1.25 60 60 3600
2174.984 -3984.878 1 0.29 60 60 3600
-4144.305 4965.963 1 0.28 60 60 3600
1232.758 -2183.353 1 1.11 60 60 3600
-4518.627 1950.026 1 0.23 60 60 3600
2083.093 -3281.992 1 1.13 60 60 3600
3948.827 -2836.667 1 0.98 60 60 3600
-3181.185 2396.786 1 1.03 60 60 3600
-2662.356 -2891.582 1 0.81 60 60 3600
-1912.261 3331.752 1 0.56 60 60 3600
2151.071 778.071 1 1.97 60 60 3600
2114.655 1913.346 1 1.35 60 60 3600
-2918.744 4224.583 1 1.28 60 60 3600
438.356 -2956.926 1 1.80 60 60 3600
-4919.580 -1317.194 1 1.41 60 60 3600
-2521.376 2700.434 1 1.51 60 60 3600
-461.469 1015.205 1 1.87 60 60 3600
-3949.108 1193.762 1 0.70 60 60 3600
594.700 -4498.797 1 1.40 60 60 3600
3024.965 -4630.545 1 0.66 60 60 3600
3754.955 -2009.460 1 1.13 60 60 3600
1768.492 -1443.642 1 0.91 60 60 3600
-3403.762 -283.643 1 1.63 60 60 3600
-934.327 -359.252 1 1.67 60 60 3600
-1214.800 -2024.699 1 0.84 60 60 3600
-3285.090 4959.306 1 1.52 60 60 3600
-1343.989 622.646 1 1.71 60 60 3600
1532.686 1235.563 1 0.52 60 60 3600
