trucks_count 1
drones_count 1
customers 100
depot 0 0
Coordinate X Coordinate Y Dronable Demand
X Y Dronable Demand Drone_service Truck_service Lw
768.317 -3615.690 1 1.68 60 60 3600
916.660 -2189.163 1 1.42 60 60 3600
255.593 2748.969 1 0.21 60 60 3600
908.782 -23.077 1 1.41 60 60 3600
2156.194 1007.001 1 1.44 60 60 3600
-3787.505 3880.393 1 0.45 60 60 3600
-2216.980 -1863.909 1 1.29 60 60 3600
-1879.442 4637.090 1 1.08 60 60 3600
789.165 1229.318 1 0.49 60 60 3600
-4392.878 4827.247 1 0.99 60 60 3600
-3922.181 -1229.908 1 1.60 60 60 3600
-4104.112 4387.667 1 1.22 60 60 3600
2744.222 -4463.554 1 0.34 60 60 3600
-4596.956 1445.190 1 1.50 60 60 3600
1429.582 2746.075 1 1.25 60 60 3600
561.538 771.804 1 1.80 60 60 3600
1614.870 3248.429 1 1.90 60 60 3600
-2950.846 1124.510 1 1.35 60 60 3600
-3099.719 2195.731 1 0.72 60 60 3600
-815.063 1770.533 1 0.25 60 60 3600
4546.659 -2293.919 1 1.62 60 60 3600
-2186.509 973.237 1 1.97 60 60 3600
683.629 3128.459 1 1.18 60 60 3600
3948.827 -2836.667 1 1.96 60 60 3600
-1448.943 4015.691 1 1.26 60 60 3600
2025.062 -386.269 1 0.33 60 60 3600
-4919.580 -1317.194 1 1.15 60 60 3600
199.931 1317.417 1 1.69 60 60 3600
1808.950 2420.052 1 0.49 60 60 3600
-956.858 359.831 1 1.19 60 60 3600
-1484.267 289.510 1 0.78 60 60 3600
1532.686 1235.563 1 1.62 60 60 3600
-2764.872 4.144 1 1.26 60 60 3600
-2644.423 2978.022 1 0.68 60 60 3600
1909.985 1924.266 1 0.85 60 60 3600
1942.701 274.760 1 1.24 60 60 3600
1451.624 -1781.988 1 1.11 60 60 3600
-4252.954 -660.974 1 0.25 60 60 3600
-2004.427 1624.660 1 0.28 60 60 3600
4260.374 -1206.508 1 1.86 60 60 3600
4686.975 -3822.606 1 1.94 60 60 3600
970.909 1911.498 1 1.13 60 60 3600
-2919.835 -2011.808 1 1.04 60 60 3600
438.356 -2956.926 1 0.92 60 60 3600
-3402.681 4485.094 1 0.93 60 60 3600
4899.679 -4446.510 1 1.30 60 60 3600
-4844.838 4112.651 1 1.38 60 60 3600
-4668.809 2392.590 1 0.58 60 60 3600
3164.443 -4034.192 1 1.76 60 60 3600
3129.441 767.574 1 1.63 60 60 3600
-3373.914 -4687.407 1 0.52 60 60 3600
-1204.792 2193.093 1 0.56 60 60 3600
-3349.056 3171.318 1 1.72 60 60 3600
-3421.086 32.082 1 1.35 60 60 3600
1416.747 -51.374 1 0.55 60 60 3600
-1854.822 2132.413 1 1.78 60 60 3600
-3957.141 1763.108 1 0.95 60 60 3600
-2139.441 360.521 1 1.81 60 60 3600
1115.593 -840.188 1 1.88 60 60 3600
-1673.592 -1345.080 1 0.90 60 60 3600
406.918 -4251.066 1 0.40 60 60 3600
-4212.163 -2498.522 1 0.26 60 60 3600
1272.873 -2847.799 1 1.56 60 60 3600
4617.283 -2815.027 1 0.95 60 60 3600
-46.922 -2238.612 1 1.56 60 60 3600
-1603.479 2928.306 1 1.77 60 60 3600
-3523.296 -3127.201 1 0.26 60 60 3600
-1434.352 1339.202 1 1.08 60 60 3600
-2820.618 -1098.038 1 1.20 60 60 3600
-4161.603 -1941.109 1 1.09 60 60 3600
4365.234 -716.545 1 1.41 60 60 3600
-3938.466 -4039.547 1 2.00 60 60 3600
93.179 2045.883 1 1.04 60 60 3600
-2420.849 3617.711 1 1.43 60 60 3600
2103.847 -1819.503 1 0.26 60 60 3600
-4209.523 3318.638 1 1.72 60 60 3600
-3173.152 -3898.738 1 0.89 60 60 3600
-4779.645 -3069.382 1 1.91 60 60 3600
1769.468 -3164.739 1 1.34 60 60 3600
-3355.239 -919.704 1 1.25 60 60 3600
2872.217 -2562.375 1 0.22 60 60 3600
-4994.832 -124.489 1 0.45 60 60 3600
-1415.968 -3512.691 1 1.19 60 60 3600
2150.187 -1084.290 1 0.63 60 60 3600
-710.972 824.325 1 1.57 60 60 3600
-2280.384 -1002.949 1 1.20 60 60 3600
2101.540 -2752.587 1 1.92 60 60 3600
-1587.548 -314.279 1 0.57 60 60 3600
-2700.034 4942.441 1 0.99 60 60 3600
195.400 -4825.099 1 0.31 60 60 3600
-639.398 -999.142 1 0.81 60 60 3600
-738.106 -2070.697 1 0.71 60 60 3600
335.470 -1311.094 1 1.05 60 60 3600
-4525.590 749.751 1 0.55 60 60 3600
2755.540 -2013.411 1 0.93 60 60 3600
-1150.554 -680.566 1 1.52 60 60 3600
-4777.608 -2417.536 1 0.59 60 60 3600
-63.342 104.786 1 1.60 60 60 3600
1099.256 706.437 1 0.69 60 60 3600
2174.984 -3984.878 1 0.85 60 60 3600
