trucks_count 10
drones_count 10
customers 500
depot 0 0
Coordinate X         Coordinate Y         Dronable Demand
X	Y	Dronable	Demand	Drone_service	Truck_service	Lw
-7498.58383317923	-737.935163156799	1	0.817712088216631	60	60	2700
9125.91077725798	10446.9386927431	1	0.283814863916592	60	60	1800
13524.6492792662	-12753.6362264108	1	1.73718586278372	60	60	3600
2256.90980451102	59.9260560421131	1	0.419313675284656	60	60	2700
10901.7623485048	-5573.11760247199	1	1.81273084419009	60	60	3600
6064.1202186604	14891.7358229539	1	0.869182269874768	60	60	1800
7680.40729337912	-9715.54701124966	1	0.0703773803674562	60	60	3600
-914.637027197006	14354.2588266234	1	1.74985976903959	60	60	3600
-16035.3898563647	6395.7462947774	1	0.115148654804584	60	60	3600
14038.6141507675	557.821942445814	1	1.51772492261141	60	60	1800
-8006.75357690962	915.226027037866	1	1.75110277261687	60	60	1800
7582.83692676681	1483.4834988695	1	0.94153999727793	60	60	3600
12415.8201253882	-12876.9688506742	1	0.92810296809471	60	60	2700
15560.9657198649	815.197898526848	1	0.613236212240702	60	60	1800
-14594.2528512145	-11124.344472339	1	1.14087177441534	60	60	1800
11288.4171197223	9633.15549375074	1	1.9962701254614	60	60	2700
-9642.77947931223	13230.0642743202	1	1.52705797164114	60	60	1800
-13625.5834473098	-4658.32702163377	1	1.08165147155094	60	60	2700
-13647.9799618609	14268.0370501601	1	0.941299121640066	60	60	1800
4473.97905197483	-6722.21091488791	1	1.60697678438232	60	60	1800
5948.05966709038	14128.2746440448	1	0.0178002091567323	60	60	1800
-15798.3586523918	-14308.7872821927	1	1.50731907324384	60	60	1800
7853.64423401113	1548.88419358506	1	1.89603473255124	60	60	1800
14953.7209889168	3884.98469840338	1	1.89661923289445	60	60	2700
-11679.4432704541	-3383.49595127287	1	1.53916157590417	60	60	2700
15043.9986077278	2609.39048372693	1	1.47560903419597	60	60	2700
-1459.2521366111	7679.82527412555	1	0.985717516836875	60	60	2700
13182.6960021039	-9257.89150055586	1	0.0111367447745625	60	60	2700
3955.7167551556	12626.7634355514	1	0.493192864560264	60	60	3600
3299.3797612642	-6022.9389242738	1	0.204445311685014	60	60	1800
-5531.65372910744	-9043.36272290452	1	1.01959330323538	60	60	3600
6786.12137009613	15005.4053377117	1	0.537008223473986	60	60	3600
1640.83041231999	-1702.65422738917	1	1.09907848772635	60	60	3600
11737.0713664634	4715.34319224897	1	0.206822198167449	60	60	3600
-3893.7555052999	-11449.5627462343	1	1.06431872592577	60	60	1800
13207.9267534481	-12111.6761287889	1	0.0965832494086963	60	60	1800
7482.76672278918	11904.1753354163	1	1.23478932698733	60	60	2700
-15837.0954180834	-11036.898778216	1	1.7380976200257	60	60	1800
9852.61260330896	3207.23662856533	1	1.50833958294488	60	60	2700
-1059.78281806634	-994.925719362362	1	1.74771167358127	60	60	3600
-6047.14034131196	15343.1965078417	1	0.716022642879276	60	60	2700
-11329.6521555589	4411.29236056433	1	0.0021189418228156	60	60	3600
4180.76904559709	8805.62232695748	1	0.924756080239819	60	60	2700
-9331.06589015297	13387.1332625707	1	0.42826640070803	60	60	1800
-3285.64744948191	1387.4600826017	1	1.93065905252744	60	60	2700
-13591.9835566163	8550.30057934577	1	1.57784872444594	60	60	1800
12904.3852228001	2540.94065883665	1	1.61094082703974	60	60	3600
-7859.96904949299	-10304.5581498576	1	1.95736314997146	60	60	3600
-7279.75496628518	7698.76783706341	1	1.5233943648113	60	60	2700
-6357.79685636342	-2147.67360481796	1	0.816397756335837	60	60	3600
11547.9654513047	12491.7487696292	1	1.94927983287412	60	60	1800
-2311.32298190722	4654.53803173717	1	0.184569485800292	60	60	3600
10759.415268723	-9105.03289714444	1	0.584427364804057	60	60	3600
-16047.1420412929	10840.8607954196	1	1.68499532490863	60	60	1800
-8092.30368134713	4575.65192413186	1	0.991918328369703	60	60	2700
-9539.31821071576	15956.7785302579	1	0.322317617090733	60	60	1800
14337.2822346616	9577.20101994205	1	1.56223082686174	60	60	1800
16089.6899618251	-1536.86796696812	1	1.19353261564535	60	60	1800
2650.0473640611	13754.554975839	1	0.842508374330849	60	60	2700
-7791.08731557938	-3386.00014802315	1	0.809019544177191	60	60	3600
8467.01217018609	13385.9486488689	1	0.270346445343871	60	60	1800
-2713.34930067666	6218.35094163234	1	1.63589403003576	60	60	1800
10314.9737915215	-5638.60912514639	1	0.208458774730687	60	60	2700
-1369.84482889612	-14536.7906874921	1	0.511194424919513	60	60	1800
-3409.1179144336	-15173.5975441917	1	0.245503905526448	60	60	2700
-4572.08618289109	781.152031345634	1	1.68800026811222	60	60	2700
13915.904823026	9368.46368216324	1	1.7345587317611	60	60	2700
9964.36169078719	-11238.7034234425	1	1.13265008954893	60	60	2700
6839.15848036305	-11569.8981340399	1	0.90022656628418	60	60	3600
5803.7608122221	-12692.6142347183	1	0.646795561746128	60	60	3600
-11354.6533179746	-8793.1197957015	1	0.711636923476517	60	60	2700
6002.83821454997	669.290740543668	1	1.04055582288822	60	60	1800
2653.827747708	15810.4455488012	1	1.44873309040183	60	60	1800
-9072.89300390909	10676.2596543682	1	1.01082127942232	60	60	3600
-423.127359484056	12406.178551575	1	0.0905388689217036	60	60	2700
-7024.38121778446	8404.08221346443	1	1.35356237759759	60	60	3600
15228.93721296	-1431.98896167475	1	1.03644481141136	60	60	2700
-8232.2831147165	2154.23278475007	1	0.0309733025581868	60	60	1800
10971.4351653539	1802.24195286525	1	1.80610489897979	60	60	1800
52.5618086013756	-4663.82191126222	1	0.958476824777676	60	60	1800
7003.6359103789	8902.11401304494	1	0.727807932588451	60	60	1800
9926.82964287177	6960.77342623142	1	1.64264636713346	60	60	3600
8079.32477257769	4758.21386069048	1	0.845742487175988	60	60	3600
3112.84697696547	-14293.1508036451	1	0.265932170349644	60	60	3600
12132.520641543	14663.1737631086	1	1.22535921173455	60	60	2700
-673.446443815441	-9317.27498769171	1	1.74662380320698	60	60	2700
-5277.80083857653	-12098.640560281	1	1.31479401703293	60	60	2700
14916.7387784733	-10480.5239694567	1	0.82271329004372	60	60	2700
14636.0822633411	14467.5119913836	1	1.60809578710461	60	60	3600
-7829.35915877808	903.170938952606	1	0.0064138001009469	60	60	3600
-1879.02954533643	1605.82043070552	1	0.90348650107088	60	60	2700
-3257.52048706188	10700.0152448972	1	0.349548965470843	60	60	1800
1344.17744000648	1823.46370286032	1	1.28650629481671	60	60	3600
-3520.59033568267	4977.33426254475	1	0.791025287522492	60	60	2700
-3836.47685815629	6767.79087720744	1	1.52791561150081	60	60	3600
13375.6867250847	9084.93516021111	1	1.55968361188845	60	60	2700
-12493.5658139988	14595.577876997	1	1.64276411249851	60	60	2700
-1383.84525674051	-3496.77254356938	1	1.66014815517476	60	60	2700
7367.79691526602	-11585.3961501934	1	0.615612688140614	60	60	2700
-3218.37730358804	11432.6324608101	1	0.0276210625126614	60	60	3600
6701.9526403005	10306.5955008361	1	0.656023078880002	60	60	1800
-7650.83504719905	-7780.98431053015	1	0.637815792333358	60	60	1800
9653.16626843941	-8439.75523590154	1	1.99087075484611	60	60	2700
2387.22530599679	-12973.1488787324	1	0.950603798820038	60	60	1800
6280.09183040546	6022.34309408955	1	1.6052563434939	60	60	1800
13592.7109883337	7637.29975895146	1	0.888434301839271	60	60	2700
9778.1795387123	-8225.49091696284	1	1.72980281164864	60	60	3600
-5283.65574284042	14958.8951862414	1	1.0152058794829	60	60	3600
14396.1245117599	14713.1600744086	1	0.0836543782462873	60	60	1800
-3204.32778780584	3801.74009758152	1	0.907996303523054	60	60	3600
6348.78601608614	-5742.90443991636	1	0.797591849905981	60	60	2700
15210.1105170764	7256.19514596913	1	1.65782730705973	60	60	2700
1659.50494013434	2196.15034612919	1	0.02719698866366	60	60	3600
15097.4982504421	-1133.44558658479	1	0.185637981587771	60	60	1800
4144.37719440702	7917.23504924101	1	0.724939771025012	60	60	2700
-9281.40096859163	-10660.2773929518	1	1.80433424441048	60	60	3600
11346.8789223102	8326.01553946578	1	0.646018923186057	60	60	1800
-14911.7039164834	-2032.8873022899	1	1.01184133576361	60	60	2700
-2907.55568581386	11287.7740193088	1	1.11758241855664	60	60	1800
-6388.49559798058	-13270.1960197468	1	1.86690143390644	60	60	1800
5591.96751043698	-7717.32398278406	1	0.983508534307049	60	60	2700
11181.8474700991	7213.42228682524	1	0.84722401551725	60	60	2700
11324.9763139991	9549.2296332155	1	0.486263306056791	60	60	3600
14353.4866598598	-10447.7441896515	1	0.631838398370168	60	60	3600
13611.2729187513	-13436.0685395609	1	0.840006116849182	60	60	1800
1464.73652596978	-2959.87581614882	1	1.35256470936349	60	60	2700
-8485.65772372881	8021.07575341903	1	0.326363591342134	60	60	3600
4801.63751045472	-5748.14219315937	1	1.00048751104311	60	60	1800
-7869.51777311035	12459.7188243978	1	1.66170878471874	60	60	1800
-10125.5316250761	-3126.95383687644	1	0.971417532946575	60	60	3600
6633.74421678239	12735.5025351384	1	1.09427113245366	60	60	3600
1915.72373040236	-2845.34999122417	1	1.69455705301548	60	60	1800
10947.0978625136	-14829.7189326537	1	0.71945427711813	60	60	1800
15878.5900746331	4578.97518800458	1	0.0113475036103257	60	60	2700
-6972.11228053008	-12273.3752805537	1	1.13162037686745	60	60	3600
15785.7417302731	13640.6062606638	1	0.685544544637498	60	60	1800
9537.84222873319	-4300.09214508082	1	0.573302067620018	60	60	3600
13347.9211338381	-9274.31331413491	1	0.665877274519675	60	60	3600
8584.71650200776	4779.63138713701	1	1.08067528937149	60	60	3600
12572.4842040327	43.3427933124558	1	1.61208439173328	60	60	1800
-8606.30380561828	3754.82456554931	1	1.89756432531628	60	60	1800
1952.45388270617	-8611.12721709036	1	0.383277787467426	60	60	2700
417.258178876931	-671.342484817303	1	0.93138917619991	60	60	3600
-14380.330422057	-9239.78370195859	1	0.104483167637686	60	60	2700
8286.65374470768	-9521.28915963931	1	1.97328941908857	60	60	2700
-2605.19233387104	-1592.28116469825	1	1.58976056258867	60	60	2700
-375.00356810026	-8668.51545307588	1	1.66086667859123	60	60	2700
15568.5235585914	-4709.34054160181	1	0.229946735755262	60	60	3600
15900.265404673	-1236.51299683112	1	0.292998689482994	60	60	2700
-12164.6708717936	-11470.747113715	1	1.09308548042793	60	60	2700
13366.8710781883	-2994.04081574452	1	1.87290568448755	60	60	1800
-3971.49120277281	-4749.64842892771	1	0.823620487498044	60	60	3600
-10463.0439540298	-10014.3207669924	1	1.9529505858707	60	60	1800
-9854.77031016519	-1278.03565303367	1	0.582771340347009	60	60	1800
6914.69831719805	12857.3448495468	1	1.25763726361127	60	60	3600
1458.97769607042	-6927.71369101763	1	1.88174420997134	60	60	1800
15801.3048155292	-9153.67347780687	1	0.929151941432087	60	60	2700
7275.54825941168	2107.53946855537	1	1.93855736509684	60	60	2700
-1875.85515063594	-15907.8873095997	1	0.497522652746304	60	60	3600
15432.8929368317	6335.88062121126	1	1.00175829481903	60	60	3600
15236.2591223157	-6223.0710138882	1	1.20063298258986	60	60	3600
-15149.237866263	-14164.3816202772	1	1.93730872999797	60	60	2700
-14526.7576762983	5583.10559981542	1	1.57370836669256	60	60	2700
-1271.61120672568	4346.66686186491	1	1.95608733945544	60	60	3600
479.939283923266	-12665.0044000779	1	0.986123769176588	60	60	3600
2586.63066459202	15460.3852644195	1	1.59942568305763	60	60	1800
3395.95937248772	-15147.7974076481	1	0.883797936518961	60	60	1800
-7051.66521392138	-10509.5648147703	1	0.0778701645817803	60	60	1800
7794.96686903952	-11684.0757003368	1	1.12872555956246	60	60	2700
-15522.4409972094	-2331.96075320174	1	0.925420774017456	60	60	3600
10543.7868308606	-3798.32766544001	1	1.02563461742005	60	60	2700
3357.99135056459	6746.16943807419	1	1.63249604097923	60	60	2700
-13996.7814383844	-15380.577859386	1	1.4852482868773	60	60	2700
9182.06441621186	889.670304549378	1	1.98738317280823	60	60	3600
1405.56442489369	13269.8294640522	1	1.08390883672809	60	60	3600
5734.91273324492	7048.41186002407	1	1.97942443849493	60	60	3600
5566.86261279549	7800.34646994243	1	0.134618803841262	60	60	3600
2862.02320696012	5463.81457728637	1	1.74595033288325	60	60	3600
8944.64493606739	-13959.8801861563	1	1.65826804582788	60	60	1800
-14807.7800103107	5737.14815365388	1	1.05260122921832	60	60	3600
7171.72723678106	12003.8641078262	1	1.6762523787172	60	60	2700
3329.48076177481	434.091889103171	1	1.86088526751272	60	60	1800
-12270.5239639602	-13084.5180237393	1	0.864782868868885	60	60	3600
-8684.70460075911	-14468.012050673	1	0.738091467197946	60	60	1800
10728.7555094715	-3751.46066305975	1	0.0969960106650399	60	60	2700
491.053451868425	11711.8950868366	1	0.217849506220495	60	60	3600
-11461.5555304133	-13918.607615284	1	1.04014844040955	60	60	1800
12933.372810327	12741.0572108638	1	0.522575009644817	60	60	3600
15756.7671782291	13362.6460853238	1	0.97813964161971	60	60	2700
-8265.30848166517	13276.5492710169	1	0.611877137403479	60	60	1800
-12651.2192479985	9816.55334483579	1	1.56790821251282	60	60	2700
-12748.8210422287	93.4140303302022	1	0.246433559512022	60	60	1800
-5947.02400848445	6844.56527676614	1	1.89546387143604	60	60	3600
1793.8536342869	3513.64544158646	1	0.656975544014486	60	60	2700
-14886.323779683	-2173.58571723469	1	0.638846719681294	60	60	2700
-15984.7443419787	-10576.6480642531	1	1.28011972757197	60	60	1800
-12073.1580479891	5215.08673154084	1	0.494900173403619	60	60	2700
-12832.9710445325	-12079.4885060012	1	1.8249954224401	60	60	1800
-9562.83114304729	-3336.69829778619	1	0.594953227512351	60	60	2700
13807.7013790242	-1076.06132843545	1	1.84131987474469	60	60	3600
8688.06902155897	-3573.23574127693	1	1.06808393186244	60	60	2700
4879.59426452493	11689.4575635417	1	0.837588501333912	60	60	2700
6325.3456195339	-11212.3895559351	1	0.497632268960846	60	60	2700
-4866.61923587151	-1635.59475802388	1	0.457689835101359	60	60	1800
7650.71053041772	-7710.91297377838	1	1.31065881911768	60	60	2700
-9103.797203784	9743.66625678444	1	0.0445246488794526	60	60	1800
-10091.0662213691	-833.147553089588	1	1.44428972487675	60	60	3600
12717.1037041486	12754.7900450315	1	0.225983539962894	60	60	1800
-7159.7645120059	-2427.34968734439	1	1.88029497738725	60	60	1800
-14362.8525925179	-6016.72262158946	1	1.8730542887242	60	60	2700
-9948.45680330946	10069.2519072796	1	1.13386299912898	60	60	2700
6721.474427768	-4544.5286414327	1	1.48118275187832	60	60	1800
-1578.38763575565	12451.5851916778	1	0.35763544926119	60	60	3600
13056.9147341845	-1002.13507454374	1	1.01985241283964	60	60	3600
-2596.07703003288	10650.5430018666	1	1.58052693710313	60	60	3600
11131.6620859209	12166.1029441509	1	1.4863424090385	60	60	1800
-12673.1440746796	-4895.52559229158	1	0.177077960575995	60	60	2700
5842.80280294093	11823.8178757531	1	1.62244061568469	60	60	1800
14803.5920410749	6154.99911396601	1	0.530935131548281	60	60	1800
6468.37301677105	11128.9180450923	1	1.94048602339514	60	60	1800
9227.88949850649	1784.74552490266	1	1.59593765010671	60	60	1800
7003.65869531347	-10176.499132387	1	1.00291802074875	60	60	3600
14229.001079558	-5732.03968537809	1	0.295636043148208	60	60	2700
-2065.45136856777	-3835.22409635164	1	1.01029044577182	60	60	3600
-16041.9475545189	-3738.39458597046	1	0.164955374852809	60	60	3600
-6127.71561011944	12065.7351568128	1	0.988467554759629	60	60	3600
6424.98342513464	6616.73408266075	1	1.91006529633032	60	60	3600
-12038.2646970632	-13849.7495987755	1	0.511239832318787	60	60	2700
-7684.74371858766	6770.6383732969	1	0.0268294044957613	60	60	2700
-5250.11932219566	-10722.8186627402	1	0.225012307446998	60	60	3600
-728.204229016497	-10059.815023447	1	0.0405528626197444	60	60	1800
-4954.7063639356	14662.1085584039	1	0.63152028238488	60	60	2700
5671.39977245827	-11785.5807574659	1	1.92005821519226	60	60	1800
-2465.28103627883	-4268.97785621401	1	0.648410785955601	60	60	3600
-2621.91033964717	-15229.808762013	1	1.27884628288477	60	60	3600
12523.6247075846	-4034.28294918434	1	0.719437591087229	60	60	1800
-2339.65057239707	-5563.48714676885	1	0.915125652936441	60	60	3600
14180.8770427118	10428.411044864	1	1.42778698778427	60	60	1800
-7520.51217843427	-3916.7792716025	1	1.26556252745357	60	60	1800
12092.7057422336	12253.0912795509	1	1.720889373865	60	60	1800
14642.4203644961	-9207.89212654692	1	1.39423052634229	60	60	3600
-413.192486596169	8373.19867759356	1	0.719650058330497	60	60	2700
-12461.6043855037	-10828.2946754323	1	0.936757026963412	60	60	1800
4524.57917287217	6084.2627327745	1	1.52816409316224	60	60	1800
-15051.5352337085	8352.51164738103	1	1.88297166812304	60	60	1800
6432.61766532065	2169.82230480162	1	1.11198338849574	60	60	3600
-8364.82086254113	-9256.1574758823	1	1.6545455702153	60	60	3600
-7626.38237452302	15900.9211815013	1	0.53008525677593	60	60	3600
-9732.00755853058	-1943.7772568804	1	0.356554985745192	60	60	3600
-3042.9467257676	5860.48413924177	1	0.394507635873824	60	60	3600
15319.9212272942	-12118.9499453981	1	0.339177985621455	60	60	1800
14680.8265645375	5325.00847705877	1	0.244442678174345	60	60	3600
8404.85427392785	-3191.09755424052	1	0.550689965577162	60	60	3600
13772.6362847782	-3170.45996904625	1	0.358444365729936	60	60	1800
-9719.40213640604	-2033.24711251726	1	1.01635380534569	60	60	2700
5677.19112044896	13745.3883401742	1	0.514392868609865	60	60	3600
-3025.04448657137	-790.359347155483	1	1.73401440462116	60	60	3600
9702.06731488224	-3058.1882850886	1	0.673166613811787	60	60	2700
1008.56403619117	12285.7557273821	1	1.15284561890593	60	60	3600
10640.7446364953	14101.8443035567	1	1.54274990201532	60	60	3600
2420.64444962782	2554.04206259671	1	0.780743291754406	60	60	2700
1626.41934740431	15800.497384534	1	0.117518639767134	60	60	3600
-8819.98315986036	-3874.13252269915	1	1.91237836627417	60	60	3600
11443.7092972718	-15164.158730851	1	0.851778860366449	60	60	1800
7603.80278961585	-15137.3593165085	1	0.0200134462125054	60	60	2700
9596.07818060865	8217.30519767788	1	1.73700962214012	60	60	1800
12913.4411776762	-7548.45411357021	1	0.681288124352917	60	60	3600
14213.0849701223	10950.9331926882	1	0.499172372517318	60	60	2700
-10974.8805461126	12181.2112641661	1	0.441005242328464	60	60	1800
-10247.1333642167	11673.745252487	1	0.402184570584182	60	60	2700
9579.65413620262	9229.99031096882	1	1.229149464784	60	60	2700
14736.0612530007	892.836447482477	1	1.58331968594063	60	60	1800
-4022.0665701239	8545.21168363496	1	1.51787303567107	60	60	3600
8604.21010029406	5945.32666489188	1	1.68287014275838	60	60	3600
32.1806168236441	-6412.59207600506	1	1.56714735122352	60	60	2700
4871.63440540471	-9197.28146533868	1	1.01867317733621	60	60	1800
6999.3712147509	-9861.0826009773	1	0.758127844730013	60	60	2700
-10655.7795709786	-12183.0464790783	1	1.03282317089771	60	60	3600
-1680.54290523621	14812.2950190896	1	0.674636056601249	60	60	3600
5956.32993989605	1381.88761018972	1	0.654578290026151	60	60	3600
1737.69071028309	-9229.65247636888	1	1.81004744932386	60	60	3600
8450.15944466166	10074.8361230786	1	1.75571374870411	60	60	2700
-7230.68903659712	1741.68987637825	1	0.605386140346457	60	60	1800
-7636.07196220937	8309.45067365841	1	0.639348871611473	60	60	1800
3094.13329745548	-15817.9859690976	1	0.877944173719216	60	60	3600
1828.47378587132	15177.5460551454	1	0.252589816873824	60	60	3600
-8958.36448265956	9766.47338517808	1	0.763904833202362	60	60	2700
-11941.8856100732	14533.0756343367	1	0.172631395259245	60	60	3600
-13966.1747855891	6321.4578742952	1	1.12698510335203	60	60	3600
11714.850173868	8668.81316251443	1	1.78349354622725	60	60	3600
-7024.07508823986	7284.3835338965	1	1.02892130112378	60	60	1800
-16051.7761710627	4532.74786139289	1	1.2161595816742	60	60	2700
15717.9191955131	-7069.83539533258	1	1.6962373977794	60	60	2700
-5033.71766117197	-7554.91683869376	1	0.257366247992357	60	60	2700
13714.7590543408	-13644.9145017496	1	0.0797458840720028	60	60	3600
9510.99567888659	-1132.42798552137	1	0.0955924330487106	60	60	3600
-15157.4871798227	14500.4960970172	1	0.903407378992287	60	60	2700
-6845.42919533261	-6754.73994163298	1	0.828294039329371	60	60	1800
-238.169763097169	6881.38527459371	1	1.66522200798146	60	60	3600
15310.2772648989	13374.9656077644	1	1.54334844295524	60	60	1800
12452.5574260795	-15724.2354666954	1	0.941171186636254	60	60	2700
-5190.33706590043	14387.1888519517	1	1.67306288566392	60	60	3600
-9384.63236607995	-9289.7749857516	1	0.0475308058811052	60	60	3600
9661.00870372553	8673.00283322713	1	1.74608828697955	60	60	2700
-60.897081748048	3078.79845583207	1	0.11323033545833	60	60	3600
-7832.7524190886	3274.70115557297	1	1.78496721660688	60	60	2700
6588.88249914587	9930.47450344951	1	0.730620283165066	60	60	3600
6786.16954882467	-11907.2435498099	1	0.580760872605674	60	60	1800
-8902.44478070221	3136.84675382149	1	0.200195526460891	60	60	2700
-9501.38586509604	10505.8637651655	1	0.842877986467089	60	60	1800
10487.9856388744	-6969.61454499601	1	0.507794781379647	60	60	1800
-2317.35422690475	-6613.2584731094	1	0.487897346350507	60	60	1800
-6138.06758973608	-15398.7757999219	1	0.0359092966104	60	60	3600
-1787.51544150933	-4150.18847597839	1	1.98893752612814	60	60	3600
-11368.4525578286	-9796.04476427287	1	0.466707476833634	60	60	1800
3015.8837755829	-1805.14236386588	1	1.14266227094586	60	60	2700
12121.7161615584	-15529.0128124398	1	1.05267188864425	60	60	1800
-4975.73878039461	10123.5965940691	1	1.18515783677444	60	60	3600
-10792.490897682	-8066.65281710085	1	0.373572981784453	60	60	2700
6033.19587849088	-14734.4198325008	1	1.87091023011775	60	60	3600
-15036.129370334	-10975.7540095708	1	0.977868273303702	60	60	1800
-3572.22942143264	6880.43129802207	1	0.372721021447925	60	60	3600
11269.9356705263	-7613.30732261573	1	1.08693532109794	60	60	3600
13137.0165534708	-6995.95998784626	1	0.747192829922674	60	60	2700
11859.8079173418	5365.85422287465	1	1.83458971180045	60	60	3600
-2360.27683735641	12512.0181369314	1	1.74016423785043	60	60	1800
12811.0070313435	8682.17095626647	1	0.425545022532134	60	60	1800
12631.4161025547	-12731.1184035102	1	0.606216490216934	60	60	2700
-10745.2815582775	10664.6516989924	1	0.353155522230841	60	60	1800
-16091.23181462	1087.3063786532	1	0.280841587445589	60	60	3600
-525.3791704212	-543.267855132557	1	0.127890616927533	60	60	3600
-8007.36499256241	-10649.5562511239	1	1.82896869474534	60	60	2700
-10650.7113479771	11709.2016860881	1	1.87482141447464	60	60	1800
11561.6725005486	12868.7588269159	1	1.68338126838453	60	60	2700
-7973.11552952141	-6213.12613193222	1	1.79201791238374	60	60	1800
9176.60896556823	359.527860160692	1	0.099692461044474	60	60	2700
-300.389190698241	15989.3916882087	1	1.74253554370303	60	60	2700
11372.8279097263	-410.085479528248	1	1.62845774836924	60	60	2700
8382.2666234635	-318.859475399874	1	1.39961226352562	60	60	2700
4913.22214926372	7880.94844366829	1	1.62836660998695	60	60	2700
249.859516300321	9169.26544913084	1	1.83670698209666	60	60	3600
7166.41151414215	-4779.16350874184	1	0.046361556486676	60	60	1800
10115.5991796413	755.370526356615	1	0.354751975113934	60	60	1800
1853.94012078852	-14682.6698922648	1	1.11512460878941	60	60	1800
15897.8912187797	-15515.1149087927	1	1.16074097298882	60	60	3600
-9313.55487368708	-466.224493280506	1	0.347949345971555	60	60	2700
468.190298727522	3263.7466885167	1	0.324380291965084	60	60	1800
-11566.6910797112	-7450.23561480809	1	0.276282259984073	60	60	2700
-7837.65417352424	4113.31546528592	1	1.75356442662064	60	60	3600
2054.19251353813	-10827.9285103955	1	0.049194847796654	60	60	1800
10415.9441987231	-11677.2455630189	1	0.493973584914355	60	60	2700
11504.0112155053	-268.566644416436	1	0.858089914559043	60	60	1800
-3317.39259997722	-5993.29015804287	1	1.69662190829133	60	60	1800
3101.28820069491	-2024.35027327088	1	0.547405742721412	60	60	1800
14643.7364604711	-15517.7594130917	1	0.185409327625837	60	60	1800
7602.11851400512	-9743.84622791562	1	0.932324238529506	60	60	2700
7648.58122723935	-11348.1899061172	1	0.678458602807058	60	60	3600
-9768.70350669667	-4488.87855886556	1	0.0037187811112133	60	60	2700
-732.190130332161	7380.92482368139	1	0.705854359482617	60	60	2700
-7204.64683433852	-13252.6779560302	1	1.54571214788179	60	60	2700
6781.21951204351	-9941.24628189423	1	0.165425706613042	60	60	3600
7635.50686890287	16044.9392781226	1	0.978249041601286	60	60	3600
2774.76102614921	5377.37138169406	1	1.92491101407184	60	60	1800
-12904.0586911353	8554.057137931	1	1.26289816864365	60	60	2700
12766.937767038	-1280.8611221707	1	1.75779871723278	60	60	1800
-13052.1207686905	-7539.55166170629	1	0.43138273757302	60	60	2700
7269.78154390738	13021.7497144631	1	0.146594717535934	60	60	2700
-9214.82621782084	5911.32160126681	1	0.963454155902354	60	60	1800
7031.83787494718	14490.3965400681	1	0.492492442879715	60	60	1800
-11946.3105931106	4683.33268334712	1	1.77121832140967	60	60	2700
3345.57440396742	2753.41517654713	1	1.08022699650644	60	60	2700
5277.95263685722	-14706.2167270547	1	1.51380171839569	60	60	3600
-9471.68810954544	1183.00294542321	1	0.560858590006872	60	60	1800
-8346.725214856	-2458.1385457294	1	0.532832034073319	60	60	2700
12695.7746485731	9123.89977341913	1	0.652741878036956	60	60	1800
-12041.6033050011	12124.0205195476	1	0.537333546016561	60	60	2700
518.315504109142	559.006113498329	1	1.49061260347203	60	60	3600
-10272.7299709967	3846.93089901041	1	1.88847905387309	60	60	1800
-8422.82850423318	14221.1559398474	1	0.0440166540063221	60	60	2700
-1773.62763210114	-15106.1925061047	1	1.08444603786175	60	60	1800
5058.72147085805	12547.1249696896	1	0.852689819197718	60	60	2700
3594.86269687873	2825.55833641824	1	1.45546781621355	60	60	3600
2558.60672812744	10849.3097921949	1	0.674059702400043	60	60	3600
-4134.96921755761	-10409.5594758794	1	1.77435214063909	60	60	1800
-3839.07409792275	15802.0120029568	1	1.67948480090514	60	60	3600
-12710.673928227	-7704.96865611038	1	0.353828605526247	60	60	2700
8731.88045025556	-3311.78977377608	1	0.205776477929428	60	60	3600
13535.47745708	11320.7489634793	1	0.715642322592654	60	60	3600
5902.20100327939	2886.36989533429	1	0.511818251889578	60	60	1800
-15648.536772494	12295.4572617597	1	0.0483307439115863	60	60	2700
8237.57964421618	-12853.0302144238	1	0.45394220249483	60	60	3600
-10400.120678082	-7215.30065674135	1	0.803987212843569	60	60	1800
5095.6021843161	4901.45876125023	1	0.361172675274464	60	60	1800
14699.5886544479	6590.32097193635	1	1.81698669053017	60	60	3600
9797.66412062436	314.725829447826	1	1.04707546231133	60	60	1800
-3353.11984446472	1502.23426579195	1	0.204227349175712	60	60	1800
-15485.037548953	-8931.87027469461	1	0.749763160430183	60	60	3600
-7671.72687538616	12452.9705930405	1	1.88168376245191	60	60	2700
-3095.90060167868	1596.8282299006	1	1.84156315812679	60	60	2700
7353.38016233799	15700.0616468177	1	0.51514226392088	60	60	3600
-11873.4770103898	10007.9885710886	1	0.838454020152844	60	60	1800
4182.68663572482	-5818.01824306318	1	0.856013472043726	60	60	3600
-1278.77244751911	-2070.07753296748	1	1.12525001546671	60	60	1800
6984.76313599646	2690.07171549223	1	0.036573491629939	60	60	1800
-11088.7640202709	6761.51744179143	1	0.408265613728443	60	60	1800
12657.190451125	-3879.79686557866	1	0.960033240685461	60	60	1800
7289.40899919575	-3239.30403098991	1	1.72742666401847	60	60	2700
7579.44630401873	3382.47453899747	1	1.72513804285507	60	60	2700
-9299.69122747306	7548.5381287222	1	1.60691666134184	60	60	2700
8446.03076074971	13723.7013519828	1	0.859302255340731	60	60	1800
-6761.76325326978	-12572.0711431579	1	0.741569013767704	60	60	1800
672.31553839547	-15430.9821253221	1	0.536624317051791	60	60	2700
-2376.00981413302	-1127.7282283482	1	0.47155985871622	60	60	1800
-10137.9659327734	-5614.14512901237	1	1.20943071638824	60	60	3600
15065.7609667959	-13145.0387229666	1	1.96674173729145	60	60	3600
-13884.8043477847	3016.35092297604	1	0.567267050971832	60	60	2700
-1160.01940057506	986.338271732292	1	0.152873624392034	60	60	2700
8145.31202287134	9756.00426416689	1	1.79917216890385	60	60	3600
-14213.259015785	6181.18395067683	1	0.823613099532182	60	60	2700
9465.06747833526	-12126.8957638614	1	1.60723201815538	60	60	1800
-3658.92638443706	12585.6602634686	1	0.463123613880118	60	60	2700
-11858.9594998815	3635.31888410533	1	1.8124561630146	60	60	3600
-12593.2286037066	-1843.60232485792	1	0.738442285116326	60	60	3600
1670.60302927179	-4644.80742079206	1	0.303424442064369	60	60	1800
5330.79760851382	13723.7900311504	1	1.92166705157975	60	60	1800
12999.4778123727	-7901.2236413348	1	0.174601881285983	60	60	2700
-14121.8384991283	-5570.30187775811	1	0.522274384246793	60	60	3600
2263.36098552197	12307.7886920082	1	0.76420280239246	60	60	3600
-11632.8240166179	12694.0883544058	1	1.07807511115863	60	60	1800
-5027.95679756443	-7531.20195367067	1	0.572342986382695	60	60	1800
12971.640695663	-5943.50134726318	1	1.16589278797042	60	60	1800
-10051.7816314254	-12617.6118132661	1	1.76459041360015	60	60	1800
1018.16319879476	2319.70447123502	1	0.206792532920239	60	60	3600
6302.03751280832	4011.11562814893	1	1.9272460603593	60	60	2700
-3345.32764498182	-7377.70592786137	1	1.98013809821988	60	60	3600
1886.27624768219	-15689.985877783	1	1.80878386266529	60	60	1800
-13879.8709408548	14729.9583415918	1	1.61296114168132	60	60	1800
15028.0371409255	-3098.2183335877	1	0.44219361966137	60	60	2700
-6823.509887496	10510.5670595037	1	1.52626444380267	60	60	2700
5489.11174194595	-13652.3729087294	1	1.69330085140721	60	60	3600
-15843.3042816149	-12357.1018723075	1	1.4779921967922	60	60	1800
14396.3079244869	-4577.25137773799	1	0.0040528740376556	60	60	1800
5204.62383314034	-14197.2502756968	1	1.56706589555078	60	60	1800
-12433.49818542	9276.92802048894	1	0.30840894678623	60	60	2700
11073.7297602948	10431.1954035688	1	1.52049084243105	60	60	3600
-13271.3448227862	-12057.6186445395	1	1.39944034807583	60	60	1800
13339.5772181418	10936.8288247744	1	0.282013644806589	60	60	3600
-3145.50199824808	-2587.92799519902	1	1.22479200815258	60	60	3600
-8945.74851294172	-1302.02827041052	1	0.0557941685455003	60	60	1800
-7126.10839814444	-339.212817794207	1	1.62160189477062	60	60	1800
8992.11477090089	-12823.3523122525	1	1.52365798433351	60	60	2700
1365.73479403993	-164.323013158559	1	0.757676297597912	60	60	2700
6887.75090161457	5502.44730260571	1	1.85172010496722	60	60	2700
4063.50062909033	-10847.2960725849	1	1.06488208574522	60	60	3600
-14930.5425238302	2370.85918359134	1	1.55055773849131	60	60	1800
13360.3530199034	-5205.23438021491	1	0.536519060954734	60	60	1800
2529.18114829176	13905.4993935929	1	0.49991168103447	60	60	2700
1466.42037582816	7966.55226678364	1	0.887964557661786	60	60	2700
-13551.2748683269	467.498474930373	1	1.84862228821829	60	60	3600
-5080.3523483437	-5291.81881292676	1	0.868974294774178	60	60	1800
3936.97361779691	4714.94635629526	1	0.413407698311948	60	60	2700
-13129.7464425849	-11190.904831468	1	0.033841816846902	60	60	2700
3385.43774976676	13803.7449743328	1	0.386447036782943	60	60	2700
-2093.40643550203	-5479.36359780062	1	0.207166980529146	60	60	2700
-7195.11211549647	11785.3250137289	1	0.265492989564717	60	60	2700
-1689.06773839534	8641.58850549102	1	0.405707868559595	60	60	2700
-11189.9832814408	-9218.50509176266	1	0.472708779700913	60	60	2700
5013.00814646019	320.60466348324	1	1.08059608381507	60	60	2700
-8284.9392136254	15628.0555264585	1	0.755963709052489	60	60	2700
-5606.13795739906	-11375.0282377998	1	0.0167190354482288	60	60	2700
-9243.96132278184	9979.77543227022	1	1.59332273600718	60	60	3600
-9223.9614204449	9445.53551988956	1	0.729043072332299	60	60	1800
-12749.4193553073	-15126.0185539105	1	1.1108219325951	60	60	3600
2027.04402640759	-1478.67303796217	1	1.54960655377975	60	60	2700
2824.23009257884	9723.60912445667	1	1.5995686025614	60	60	3600
-16088.2704744768	-15087.1152724735	1	1.50625141045518	60	60	3600
9928.67791540159	-11695.7126074453	1	1.45312633322205	60	60	2700
-12731.5180952678	-351.241435963935	1	0.455366647867408	60	60	2700
12280.2015195762	-4966.72035254804	1	0.904734051384966	60	60	2700
-12039.2980303739	-15976.4672354165	1	1.90752568856737	60	60	1800
-14829.9368106925	5746.06246872903	1	1.05705161445201	60	60	1800
13289.1166041695	12023.1602585525	1	1.71807659304778	60	60	1800
833.62878947362	-11482.9307367015	1	0.536948008417548	60	60	3600
15096.9351479135	13585.8045530487	1	0.739802930689485	60	60	2700
-12358.5395351593	-9057.19538552547	1	0.67346457265161	60	60	1800
-8910.57470171643	10052.1215661068	1	1.72151465195394	60	60	3600
1117.28702154582	7952.26836735598	1	0.703534510583387	60	60	1800
11448.5307781017	-532.720736127623	1	0.341796683337094	60	60	1800
-6985.24062520439	-10470.8605924344	1	1.51312133364236	60	60	1800
13599.10944917	5393.84324145363	1	1.3376744500753	60	60	3600
7141.34759726151	-2198.25706379028	1	1.51134641605164	60	60	3600
-11379.5924759219	14286.05923241	1	1.52179949328186	60	60	1800
4605.15162099564	-8815.68844826958	1	0.955574765893378	60	60	3600
3293.64083870541	12373.9917693685	1	1.99965932359904	60	60	2700
-14645.757581526	-14727.0974563519	1	1.04403592267683	60	60	3600
-2989.99284985651	10124.1405282048	1	1.77039751705022	60	60	2700
15069.9547391324	7678.62110672193	1	1.34270185320658	60	60	3600
2815.15874437791	14980.7260334936	1	0.279701192108002	60	60	3600
16000.8158098024	-15409.3768974773	1	1.43798281036257	60	60	1800
8826.99156534408	10629.8365209289	1	0.0891954292684076	60	60	2700
