trucks_count 10
drones_count 10
customers 500
depot 0 0
Coordinate X         Coordinate Y         Dronable Demand
X	Y	Dronable	Demand	Drone_service	Truck_service	Lw
13611.2729187513	-13436.0685395609	1	0.840006116849182	60	60	3600
-2863.52119294513	14907.3068144409	1	1.81681629198341	60	60	2700
2816.49374194091	11773.7528979657	1	1.99407699263849	60	60	1800
3242.31294595149	-13718.0972809517	1	0.4245942488854	60	60	3600
15482.9789550327	-5276.38561262869	1	0.199839381229242	60	60	2700
-15144.315150206	14890.5060448126	1	1.62213150893996	60	60	3600
3094.13329745548	-15817.9859690976	1	0.877944173719216	60	60	2700
-1326.80012579908	-14324.7139607974	1	1.80787466793097	60	60	3600
-5606.13795739906	-11375.0282377998	1	0.0167190354482288	60	60	1800
-9997.68064951572	11283.0056599178	1	0.343411108385145	60	60	3600
-1736.68099936664	-13134.9640219335	1	1.17508604552406	60	60	1800
-695.791843976129	3008.14174168451	1	1.13050479345281	60	60	3600
-11858.9594998815	3635.31888410533	1	1.8124561630146	60	60	1800
8450.15944466166	10074.8361230786	1	1.75571374870411	60	60	3600
-5027.95679756443	-7531.20195367067	1	0.572342986382695	60	60	3600
2194.24804815824	6114.73417191037	1	0.969049756626709	60	60	2700
3858.05824743998	6825.61816075075	1	0.921672507151212	60	60	1800
-137.714301181393	-5906.81346127635	1	0.49168923182896	60	60	1800
2631.04899803168	6430.89378572537	1	0.506431662453284	60	60	1800
11181.6588515907	-9433.92888914048	1	1.52228758013636	60	60	3600
-6761.76325326978	-12572.0711431579	1	0.741569013767704	60	60	2700
-1883.19746549781	-2916.04560860282	1	0.409221923653673	60	60	3600
15378.1744849229	1373.16093496506	1	1.10917290955059	60	60	3600
10465.8236374283	3966.32698210525	1	0.978758554118697	60	60	1800
11729.6327344228	-11161.6310565215	1	0.272696360255031	60	60	2700
-9471.68810954544	1183.00294542321	1	0.560858590006872	60	60	1800
-5843.689565722	13743.822906993	1	0.40157296959265	60	60	1800
7171.72723678106	12003.8641078262	1	1.6762523787172	60	60	1800
7195.85545984364	-3407.57227398648	1	0.226575596309043	60	60	1800
-10654.9465055375	8305.62960225832	1	0.959246858385313	60	60	1800
-9691.92872635839	5414.79423589314	1	0.43744006555061	60	60	2700
10115.5991796413	755.370526356615	1	0.354751975113934	60	60	1800
-14716.9562908277	-2042.4905145868	1	1.9404860103447	60	60	3600
7003.65869531347	-10176.499132387	1	1.00291802074875	60	60	3600
8032.26435452081	-3326.36054265234	1	0.827589271519643	60	60	2700
12850.6557987334	-15920.2256841495	1	0.710761406389352	60	60	2700
8446.03076074971	13723.7013519828	1	0.859302255340731	60	60	3600
2529.18114829176	13905.4993935929	1	0.49991168103447	60	60	1800
-7051.66521392138	-10509.5648147703	1	0.0778701645817803	60	60	3600
-1445.40705413666	-14801.572906098	1	0.57529967492528	60	60	1800
14777.94838186	-5064.55304893443	1	1.56555137375176	60	60	3600
15488.6138269004	10997.2950787205	1	0.488966482968977	60	60	1800
-9549.17590909935	9379.22891604736	1	1.95467610826762	60	60	3600
-9407.20680587501	1440.6319386901	1	1.54268805518242	60	60	2700
3043.3429087305	16029.7695319293	1	1.02859471135877	60	60	3600
12971.640695663	-5943.50134726318	1	1.16589278797042	60	60	2700
9689.14192949953	8399.20293676602	1	0.348964880155519	60	60	2700
-7945.82229583195	9367.1740634767	1	0.399184196502344	60	60	2700
1886.27624768219	-15689.985877783	1	1.80878386266529	60	60	2700
9537.84222873319	-4300.09214508082	1	0.573302067620018	60	60	3600
6468.37301677105	11128.9180450923	1	1.94048602339514	60	60	2700
1668.95129686425	6959.74235380521	1	0.865278563703698	60	60	2700
1466.42037582816	7966.55226678364	1	0.887964557661786	60	60	2700
6925.50118269733	13803.2819449388	1	1.56025030245013	60	60	1800
-2612.19680888817	5581.72757934497	1	0.281168249409739	60	60	1800
-14807.7800103107	5737.14815365388	1	1.05260122921832	60	60	3600
-6277.30171957237	15129.3343843739	1	0.21133851676055	60	60	1800
-7482.25716564779	-14585.1420808387	1	0.70562168814404	60	60	2700
13339.5772181418	10936.8288247744	1	0.282013644806589	60	60	3600
5204.62383314034	-14197.2502756968	1	1.56706589555078	60	60	1800
-9976.86181374748	-7441.68490670714	1	0.0682315956230636	60	60	1800
11823.7488461969	1694.1299831329	1	0.0549664713463817	60	60	3600
-15485.6354054247	5116.40402421682	1	1.43251497034678	60	60	1800
13056.9147341845	-1002.13507454374	1	1.01985241283964	60	60	3600
-2034.99851949047	-11548.1967263417	1	0.514013089059108	60	60	3600
-12051.4211652861	-3455.77175031194	1	1.11146163017216	60	60	3600
-14829.9368106925	5746.06246872903	1	1.05705161445201	60	60	3600
1464.73652596978	-2959.87581614882	1	1.35256470936349	60	60	2700
-7498.58383317923	-737.935163156799	1	0.817712088216631	60	60	3600
5319.8731612164	-4925.87591457966	1	1.79260143599756	60	60	1800
12733.1344286833	7415.53164262664	1	0.664872870870525	60	60	3600
9597.07146811154	9086.10871670209	1	1.54318280285369	60	60	2700
11536.3128266113	-9397.35777464834	1	0.484929267290792	60	60	1800
12766.937767038	-1280.8611221707	1	1.75779871723278	60	60	3600
15878.5900746331	4578.97518800458	1	0.0113475036103257	60	60	2700
-15036.129370334	-10975.7540095708	1	0.977868273303702	60	60	3600
8194.18676525017	-15668.3103411921	1	1.11971799031144	60	60	1800
-3557.60599350081	-14211.4781256098	1	1.11988670898776	60	60	2700
4069.3594064226	6702.86930945133	1	0.833809816696939	60	60	1800
6352.67565253423	9641.14429157291	1	0.71539498149043	60	60	1800
6914.69831719805	12857.3448495468	1	1.25763726361127	60	60	3600
7362.03021409481	-671.213031388982	1	1.81576536277567	60	60	2700
-9031.43050216905	1136.99560898293	1	0.900990170756381	60	60	3600
-10651.3944748554	-8207.98975518691	1	0.327609520952698	60	60	2700
13360.3530199034	-5205.23438021491	1	0.536519060954734	60	60	3600
15785.7417302731	13640.6062606638	1	0.685544544637498	60	60	1800
-14115.5170533023	3571.38454874983	1	1.81539066119453	60	60	3600
645.881232172432	957.515971222885	1	1.73865054015456	60	60	2700
10954.7904864536	-7607.15545312448	1	0.918616270345982	60	60	2700
-10400.120678082	-7215.30065674135	1	0.803987212843569	60	60	3600
-11462.3319505408	-10741.7303750623	1	1.61646730571184	60	60	3600
-9719.40213640604	-2033.24711251726	1	1.01635380534569	60	60	1800
11372.8279097263	-410.085479528248	1	1.62845774836924	60	60	3600
5755.32440106278	10875.4883482715	1	1.28868566248126	60	60	1800
-1179.16656276806	-978.836152176751	1	0.925706771091642	60	60	2700
14001.2154954053	-1186.79403778052	1	0.990122795866262	60	60	2700
15717.9191955131	-7069.83539533258	1	1.6962373977794	60	60	3600
-826.188184484465	-9834.11349139059	1	0.0100858424636079	60	60	1800
12452.5574260795	-15724.2354666954	1	0.941171186636254	60	60	1800
-661.477070518496	-446.965974404519	1	1.82508571337098	60	60	1800
-8265.30848166517	13276.5492710169	1	0.611877137403479	60	60	1800
2086.95335769798	-16068.5157363014	1	0.953512734036966	60	60	2700
-9450.74501194067	-14031.8425855998	1	0.631586225840343	60	60	3600
13541.7756030848	10520.154277806	1	0.0117095852560697	60	60	2700
-7837.65417352424	4113.31546528592	1	1.75356442662064	60	60	1800
9500.18871560217	6304.82176450447	1	1.07812525689716	60	60	3600
2774.76102614921	5377.37138169406	1	1.92491101407184	60	60	3600
14180.8770427118	10428.411044864	1	1.42778698778427	60	60	1800
4576.37311691397	-6446.26847293851	1	0.300239191109023	60	60	2700
7648.58122723935	-11348.1899061172	1	0.678458602807058	60	60	3600
-5250.11932219566	-10722.8186627402	1	0.225012307446998	60	60	1800
-9513.77901435471	251.12814611161	1	0.106787674430797	60	60	2700
-300.389190698241	15989.3916882087	1	1.74253554370303	60	60	1800
-2907.55568581386	11287.7740193088	1	1.11758241855664	60	60	1800
10717.7600740498	-12733.8879305385	1	0.131215722383284	60	60	1800
6002.83821454997	669.290740543668	1	1.04055582288822	60	60	1800
-14481.4642816572	15344.9624555592	1	0.0758639868078975	60	60	1800
-8684.70460075911	-14468.012050673	1	0.738091467197946	60	60	1800
-9642.77947931223	13230.0642743202	1	1.52705797164114	60	60	3600
-15497.3272699171	-12961.1490809295	1	0.931498033238217	60	60	3600
13714.7590543408	-13644.9145017496	1	0.0797458840720028	60	60	2700
-10025.0413418698	-11323.5133721	1	1.4509107527442	60	60	3600
7577.73762115129	8359.2722426858	1	0.20589302476811	60	60	1800
-11329.6521555589	4411.29236056433	1	0.0021189418228156	60	60	2700
-14362.8525925179	-6016.72262158946	1	1.8730542887242	60	60	1800
1915.72373040236	-2845.34999122417	1	1.69455705301548	60	60	1800
4949.33037352779	8025.09628029407	1	0.284375596750187	60	60	1800
11181.8474700991	7213.42228682524	1	0.84722401551725	60	60	3600
-3994.85874576605	2123.96081480282	1	1.36501241910437	60	60	3600
-7684.74371858766	6770.6383732969	1	0.0268294044957613	60	60	2700
10487.9856388744	-6969.61454499601	1	0.507794781379647	60	60	3600
6450.46563757737	-13766.7154301295	1	0.174832270508767	60	60	2700
-1556.80099024679	690.570030295856	1	1.57095431712983	60	60	3600
11643.8815333117	6792.05837731252	1	0.230640225811403	60	60	2700
6436.14535175515	5914.94569364871	1	1.62195471859071	60	60	1800
-12874.435043212	961.781063051663	1	1.80359794242118	60	60	3600
11624.7169096067	-11842.4967260482	1	0.895120472331345	60	60	3600
6044.78729838294	8417.92719389005	1	1.23939636321708	60	60	3600
2825.72558406478	11962.1673502119	1	0.790254090378181	60	60	1800
9797.66412062436	314.725829447826	1	1.04707546231133	60	60	2700
14736.0612530007	892.836447482477	1	1.58331968594063	60	60	3600
11547.9654513047	12491.7487696292	1	1.94927983287412	60	60	2700
-12041.6033050011	12124.0205195476	1	0.537333546016561	60	60	3600
11448.5307781017	-532.720736127623	1	0.341796683337094	60	60	1800
12132.520641543	14663.1737631086	1	1.22535921173455	60	60	2700
-9210.35850599164	-11950.180438439	1	1.49132063551517	60	60	3600
2446.03836095868	-7837.24587295639	1	0.306584788469925	60	60	2700
-11497.2589776106	3196.83180791843	1	0.0795731311127863	60	60	3600
10111.3729749846	868.220710046726	1	0.0117335942890718	60	60	1800
-1369.84482889612	-14536.7906874921	1	0.511194424919513	60	60	2700
13347.9211338381	-9274.31331413491	1	0.665877274519675	60	60	3600
8688.06902155897	-3573.23574127693	1	1.06808393186244	60	60	2700
-4008.69732100311	11251.6799324053	1	1.91808853740144	60	60	3600
9662.42578480534	12823.7503484546	1	1.72973125624734	60	60	1800
2270.85222718962	803.611535516385	1	1.626273245486	60	60	2700
3299.3797612642	-6022.9389242738	1	0.204445311685014	60	60	3600
10994.2863344029	-4143.40976692204	1	0.978923301528721	60	60	2700
-2598.39570752227	7208.93613547207	1	1.29495328204042	60	60	1800
5400.16462740167	1083.66181171945	1	1.86240829956934	60	60	2700
8826.99156534408	10629.8365209289	1	0.0891954292684076	60	60	2700
-14594.2528512145	-11124.344472339	1	1.14087177441534	60	60	3600
-8625.83710493692	11539.2575010525	1	1.5124161395564	60	60	2700
-13879.8709408548	14729.9583415918	1	1.61296114168132	60	60	3600
-14939.1204269428	8664.20669174463	1	0.249850208264642	60	60	1800
-7159.7645120059	-2427.34968734439	1	1.88029497738725	60	60	3600
-9562.83114304729	-3336.69829778619	1	0.594953227512351	60	60	3600
3429.84082943094	7686.26498333362	1	1.33912166926618	60	60	1800
4825.62213874454	-13992.0359897473	1	1.17409166297321	60	60	2700
11684.3807577516	-14545.103219223	1	1.69724133071167	60	60	1800
-5490.91829178986	5686.00312022948	1	0.885935317491357	60	60	1800
-5778.47850880086	-4906.72370324285	1	0.435490893625098	60	60	1800
-9119.66703834971	-8644.80334767015	1	1.80366956871716	60	60	2700
1346.38306865437	2832.88450661722	1	1.02427675367535	60	60	1800
1117.28702154582	7952.26836735598	1	0.703534510583387	60	60	1800
-5186.00468249559	-13054.1259984219	1	0.773116674646719	60	60	2700
5890.97928769569	6325.44981105362	1	1.3283959614939	60	60	3600
-4966.84092557965	-10912.7025051756	1	1.77280935575861	60	60	2700
881.580529749776	-7655.26085689685	1	0.194315453276044	60	60	2700
-14930.5425238302	2370.85918359134	1	1.55055773849131	60	60	2700
15756.7671782291	13362.6460853238	1	0.97813964161971	60	60	2700
9630.73633446043	-2542.27223693151	1	1.87505978247955	60	60	3600
-9214.82621782084	5911.32160126681	1	0.963454155902354	60	60	1800
15593.9269975401	-2665.08961971599	1	0.0338267284945556	60	60	3600
2684.65292567039	-1985.89837622831	1	1.12103061867461	60	60	3600
4801.63751045472	-5748.14219315937	1	1.00048751104311	60	60	1800
15560.9657198649	815.197898526848	1	0.613236212240702	60	60	3600
-5190.33706590043	14387.1888519517	1	1.67306288566392	60	60	3600
-238.169763097169	6881.38527459371	1	1.66522200798146	60	60	2700
14708.0701213472	-9791.78005498939	1	0.902007151897606	60	60	1800
7650.71053041772	-7710.91297377838	1	1.31065881911768	60	60	2700
-9726.13121396317	-5412.22412610021	1	1.61115337086568	60	60	2700
1225.5267873086	-11655.3398018163	1	0.571088754544343	60	60	2700
-12197.8661675514	12972.6446602367	1	0.200714385155728	60	60	3600
-9223.9614204449	9445.53551988956	1	0.729043072332299	60	60	3600
-5277.80083857653	-12098.640560281	1	1.31479401703293	60	60	3600
11018.5649544515	-14594.3016696828	1	1.49871121186584	60	60	1800
5489.11174194595	-13652.3729087294	1	1.69330085140721	60	60	1800
13653.478203703	-14053.5403341406	1	0.915753459128253	60	60	2700
-3345.32764498182	-7377.70592786137	1	1.98013809821988	60	60	1800
166.711318659928	-7925.66622692223	1	1.80046631069705	60	60	2700
-1278.77244751911	-2070.07753296748	1	1.12525001546671	60	60	2700
-8485.65772372881	8021.07575341903	1	0.326363591342134	60	60	3600
-14526.7576762983	5583.10559981542	1	1.57370836669256	60	60	2700
-5840.66933743894	5076.6850625298	1	0.391084680744111	60	60	3600
10467.7714678263	15435.6950826119	1	0.112269449244474	60	60	2700
14213.0849701223	10950.9331926882	1	0.499172372517318	60	60	1800
10651.2636468212	-13882.697163972	1	1.99645594523754	60	60	2700
-8093.65144719883	15210.2640110104	1	1.89448726479897	60	60	2700
6422.91777241588	6065.59217824586	1	1.92681791639424	60	60	2700
-6823.509887496	10510.5670595037	1	1.52626444380267	60	60	3600
-12856.221072382	14452.3332122972	1	1.62416995500866	60	60	1800
-2708.77208626798	-1161.90159058611	1	0.798935856124277	60	60	1800
-720.386098888428	-12280.0901348013	1	1.63469627443352	60	60	1800
8255.15347268333	-14882.3279109919	1	0.977943058971424	60	60	3600
1884.13578607301	2440.128226428	1	1.7448759707682	60	60	1800
-9331.06589015297	13387.1332625707	1	0.42826640070803	60	60	3600
-12524.4105061114	-8932.80703860082	1	1.81306435346798	60	60	2700
-1725.28433320107	-8218.03524503459	1	1.93141130812995	60	60	1800
13375.6867250847	9084.93516021111	1	1.55968361188845	60	60	3600
10206.0734275511	-15270.4678948607	1	1.04225450678872	60	60	2700
-578.525766135376	-6517.39988719809	1	0.957305039418085	60	60	1800
-13591.9835566163	8550.30057934577	1	1.57784872444594	60	60	3600
8944.64493606739	-13959.8801861563	1	1.65826804582788	60	60	3600
2362.8583658623	7342.7063065108	1	1.6956106205504	60	60	3600
15065.7609667959	-13145.0387229666	1	1.96674173729145	60	60	1800
-5791.98129503109	-5304.41471086465	1	0.202111001574011	60	60	1800
13270.3414440058	-10333.7202309393	1	0.782369626515873	60	60	3600
7774.70842136767	-7925.72521419448	1	1.43071530871414	60	60	3600
13674.6858135693	-10020.5699038537	1	0.307080686241956	60	60	2700
11079.9063332722	2676.46366644879	1	0.769249544838924	60	60	3600
4523.723970124	1453.60327521809	1	0.273162651295665	60	60	2700
-9313.55487368708	-466.224493280506	1	0.347949345971555	60	60	3600
10884.7308195096	-7394.10149150696	1	0.880555883153028	60	60	3600
5104.41853987928	1504.08687419097	1	0.722238385734327	60	60	1800
8779.43460959001	979.432497291185	1	1.97199537448055	60	60	2700
-1819.59629104005	11117.5565523351	1	0.178236278286629	60	60	1800
-12771.8971196804	15700.1031740445	1	1.54948974930416	60	60	1800
8604.21010029406	5945.32666489188	1	1.68287014275838	60	60	1800
-682.21595634014	-8142.76400776079	1	0.205066163062084	60	60	1800
1344.17744000648	1823.46370286032	1	1.28650629481671	60	60	3600
-13205.2707834784	-703.256912468153	1	1.6528196860087	60	60	2700
14194.0447860212	-11221.5196617915	1	0.602393396813662	60	60	2700
-1634.50112411559	-14948.9739829661	1	1.62399777215366	60	60	2700
-1467.09154131597	-8747.33811876443	1	0.477942223054399	60	60	1800
-12170.466502028	13399.288282331	1	1.78381380782704	60	60	1800
-6009.89508355744	-11799.4499046491	1	0.846819803023636	60	60	1800
12999.7077077491	1694.71596294104	1	0.0395753049411527	60	60	3600
1266.89423033908	-1670.58491027805	1	0.599518339473106	60	60	1800
-8284.9392136254	15628.0555264585	1	0.755963709052489	60	60	2700
-7671.72687538616	12452.9705930405	1	1.88168376245191	60	60	1800
8236.27166896955	6557.37073388561	1	1.60726013240297	60	60	3600
7794.96686903952	-11684.0757003368	1	1.12872555956246	60	60	3600
-12270.5239639602	-13084.5180237393	1	0.864782868868885	60	60	3600
-6127.71561011944	12065.7351568128	1	0.988467554759629	60	60	3600
15228.93721296	-1431.98896167475	1	1.03644481141136	60	60	2700
-9072.89300390909	10676.2596543682	1	1.01082127942232	60	60	1800
-10125.5316250761	-3126.95383687644	1	0.971417532946575	60	60	2700
11561.6725005486	12868.7588269159	1	1.68338126838453	60	60	1800
-7455.94069949738	-14976.7885398366	1	1.9541515653016	60	60	3600
6280.09183040546	6022.34309408955	1	1.6052563434939	60	60	1800
-1459.2521366111	7679.82527412555	1	0.985717516836875	60	60	1800
-1689.06773839534	8641.58850549102	1	0.405707868559595	60	60	2700
12513.071000628	-1052.88560597317	1	1.11301063229472	60	60	2700
491.053451868425	11711.8950868366	1	0.217849506220495	60	60	3600
8286.65374470768	-9521.28915963931	1	1.97328941908857	60	60	1800
2824.23009257884	9723.60912445667	1	1.5995686025614	60	60	1800
129.230527759451	3819.30583423039	1	0.990868973941508	60	60	2700
-15913.9989733087	-11715.2967398201	1	1.93058159591426	60	60	1800
-14734.6271231493	-6068.87770425824	1	1.63929916814752	60	60	1800
10651.159271151	-2076.58290645865	1	1.99953510798442	60	60	3600
-4047.65525306362	-2383.93866232092	1	1.58358409870693	60	60	1800
3345.57440396742	2753.41517654713	1	1.08022699650644	60	60	3600
-5978.05022813199	-14995.9297485596	1	0.23401341590958	60	60	3600
-15109.7462234597	-14552.3214049597	1	1.71083115963114	60	60	2700
3932.73519524048	3699.43212166227	1	0.226727850496017	60	60	3600
8897.83199925465	-7999.75811512222	1	0.0944738928157351	60	60	1800
-9014.16898123066	-9047.56693048473	1	0.0958676495582203	60	60	3600
-12669.820213768	2857.9851586834	1	0.456168828734544	60	60	3600
-12904.0586911353	8554.057137931	1	1.26289816864365	60	60	1800
3843.44369864766	-834.85930695695	1	1.26045198102724	60	60	1800
15523.3686994592	11306.7395207855	1	1.46540267770867	60	60	3600
-914.637027197006	14354.2588266234	1	1.74985976903959	60	60	1800
-6555.22932360807	-7923.06091561781	1	1.39737245986617	60	60	2700
9340.45554466802	-698.073447287592	1	0.215094957339879	60	60	2700
-8092.30368134713	4575.65192413186	1	0.991918328369703	60	60	2700
-12985.4778963533	-14035.3907293864	1	0.895305468694767	60	60	2700
2256.90980451102	59.9260560421131	1	0.419313675284656	60	60	1800
-6539.06982567026	-13734.4347046527	1	1.11034777635448	60	60	2700
-10293.4105145459	12626.4033187208	1	1.22636389057078	60	60	2700
-12821.1483526255	14444.2732793459	1	0.0957575962066647	60	60	2700
-6948.36425463175	7425.42085813122	1	1.15924707430006	60	60	3600
-4576.288354982	-7962.46200036068	1	1.52639198893549	60	60	1800
-7821.73281562246	13396.1051341924	1	0.210389568978201	60	60	3600
1495.451979857	9134.95443187207	1	0.48593720828014	60	60	1800
6424.98342513464	6616.73408266075	1	1.91006529633032	60	60	3600
-9806.17125395725	-10504.085595564	1	1.37955622852762	60	60	2700
-5752.7487557161	7725.36433046052	1	1.86201808474418	60	60	2700
-13436.8329646116	3985.02271539943	1	1.05169374389647	60	60	3600
3469.07303526441	-7161.21459968814	1	1.77926578142654	60	60	2700
-6734.5712250746	3558.7918363376	1	0.718498822738174	60	60	2700
6782.97810737129	15938.9707338849	1	1.88338259537279	60	60	3600
5095.6021843161	4901.45876125023	1	0.361172675274464	60	60	3600
-910.13924638236	-1518.27636008138	1	0.533416393306962	60	60	2700
-9201.81277205445	3697.52199507108	1	0.116059028303575	60	60	3600
2815.15874437791	14980.7260334936	1	0.279701192108002	60	60	2700
-3257.52048706188	10700.0152448972	1	0.349548965470843	60	60	2700
15932.617348695	13786.2861172391	1	1.85246913963076	60	60	3600
-8571.77288471916	3197.67701917734	1	1.64934350950877	60	60	3600
14396.1245117599	14713.1600744086	1	0.0836543782462873	60	60	1800
-1376.05902588586	-13146.5678398893	1	0.94054873211791	60	60	3600
8079.82044100383	-8106.92657319517	1	0.323965131743509	60	60	1800
3636.07822334797	3466.37011431527	1	0.995631240511332	60	60	2700
-13129.7464425849	-11190.904831468	1	0.033841816846902	60	60	3600
12904.3852228001	2540.94065883665	1	1.61094082703974	60	60	1800
4063.50062909033	-10847.2960725849	1	1.06488208574522	60	60	2700
1793.8536342869	3513.64544158646	1	0.656975544014486	60	60	2700
-12837.8491191929	-15851.1595521205	1	1.654671568835	60	60	1800
12572.4842040327	43.3427933124558	1	1.61208439173328	60	60	1800
-15665.8888952787	15640.6782369163	1	1.95764976735155	60	60	1800
-13966.1747855891	6321.4578742952	1	1.12698510335203	60	60	1800
1649.46292158976	-12933.7206197998	1	1.12302099349722	60	60	2700
518.315504109142	559.006113498329	1	1.49061260347203	60	60	2700
-11946.3105931106	4683.33268334712	1	1.77121832140967	60	60	3600
-3089.13720441935	1544.86051684027	1	1.05123100427275	60	60	2700
-9854.77031016519	-1278.03565303367	1	0.582771340347009	60	60	1800
-7832.7524190886	3274.70115557297	1	1.78496721660688	60	60	1800
9983.81281749353	6667.36929958345	1	1.68604783186969	60	60	1800
-12493.5658139988	14595.577876997	1	1.64276411249851	60	60	1800
-9243.96132278184	9979.77543227022	1	1.59332273600718	60	60	1800
4473.97905197483	-6722.21091488791	1	1.60697678438232	60	60	1800
11443.7092972718	-15164.158730851	1	0.851778860366449	60	60	1800
8527.89339478632	-14004.1795128125	1	0.182514294256319	60	60	3600
-7859.96904949299	-10304.5581498576	1	1.95736314997146	60	60	2700
-12164.6708717936	-11470.747113715	1	1.09308548042793	60	60	2700
-9460.92462291745	-2905.45070144238	1	0.971012329711592	60	60	2700
-15820.3286398976	-3779.60469112002	1	1.52086473152734	60	60	2700
-5580.24340571558	12412.4834504202	1	0.404158112031731	60	60	1800
9182.06441621186	889.670304549378	1	1.98738317280823	60	60	1800
13753.8447527085	5484.44553178412	1	0.671484956324145	60	60	3600
6523.22572117131	-3860.84297486196	1	1.04635078539963	60	60	3600
4463.20712574524	6841.49661422205	1	1.65908656517745	60	60	1800
-11500.0699730363	-10114.3556402379	1	0.309821895527999	60	60	1800
-8006.75357690962	915.226027037866	1	1.75110277261687	60	60	2700
1640.83041231999	-1702.65422738917	1	1.09907848772635	60	60	1800
7275.54825941168	2107.53946855537	1	1.93855736509684	60	60	3600
14791.17976662	-5190.85091045878	1	0.0608786583100954	60	60	1800
12526.2718716162	-6489.34423441357	1	1.75757684802219	60	60	1800
-14380.330422057	-9239.78370195859	1	0.104483167637686	60	60	1800
1736.48441447582	15217.9943582594	1	1.82700358183866	60	60	2700
-3095.90060167868	1596.8282299006	1	1.84156315812679	60	60	2700
-5531.65372910744	-9043.36272290452	1	1.01959330323538	60	60	1800
-1160.01940057506	986.338271732292	1	0.152873624392034	60	60	3600
9596.07818060865	8217.30519767788	1	1.73700962214012	60	60	1800
-9103.797203784	9743.66625678444	1	0.0445246488794526	60	60	2700
-3520.59033568267	4977.33426254475	1	0.791025287522492	60	60	3600
-13611.1446624039	-1098.39297316921	1	1.10460376799043	60	60	1800
-11679.4432704541	-3383.49595127287	1	1.53916157590417	60	60	1800
-7279.24982093273	-3495.75206210289	1	0.801053415392535	60	60	2700
-15638.5480221517	10881.2373563615	1	1.81057421101856	60	60	2700
-7520.51217843427	-3916.7792716025	1	1.26556252745357	60	60	1800
3548.2129938365	1453.17984659048	1	0.234260680679567	60	60	1800
14273.912929553	-4279.28861958038	1	1.62682144888101	60	60	2700
-10137.9659327734	-5614.14512901237	1	1.20943071638824	60	60	3600
-3317.39259997722	-5993.29015804287	1	1.69662190829133	60	60	2700
12913.4411776762	-7548.45411357021	1	0.681288124352917	60	60	2700
1267.9163143367	5219.89977481703	1	1.73235703731121	60	60	3600
-8689.26753393871	5141.19992749998	1	0.203881985163831	60	60	2700
-14483.3017151193	-15673.7617717901	1	1.95412710400769	60	60	2700
-6375.69231873766	-5848.33504841034	1	0.876157016709267	60	60	3600
-15522.4409972094	-2331.96075320174	1	0.925420774017456	60	60	3600
11355.8525839461	-11082.2995950864	1	0.975719407905472	60	60	2700
4068.11278392945	-7761.30630464873	1	1.52315015904527	60	60	2700
-3353.11984446472	1502.23426579195	1	0.204227349175712	60	60	3600
417.258178876931	-671.342484817303	1	0.93138917619991	60	60	2700
-12428.1262448616	3073.47170643063	1	1.79190156409601	60	60	1800
-2829.90144007085	-15180.4233020056	1	0.118609357617585	60	60	2700
8053.95446425774	5633.47442653079	1	0.945362354778643	60	60	1800
14636.0822633411	14467.5119913836	1	1.60809578710461	60	60	2700
9579.65413620262	9229.99031096882	1	1.229149464784	60	60	2700
3066.91923525673	-8549.01077948841	1	0.638488481060498	60	60	1800
-4398.6493123045	12002.23731519	1	0.0336511611640368	60	60	1800
11859.8079173418	5365.85422287465	1	1.83458971180045	60	60	3600
11269.9356705263	-7613.30732261573	1	1.08693532109794	60	60	2700
-1850.40778509385	7864.8206190208	1	1.54924302226738	60	60	1800
13392.5034140703	12063.818048671	1	0.113542353485899	60	60	2700
-6910.787619952	10391.3235383603	1	0.593100246118421	60	60	3600
1480.98965743341	-5118.10041648466	1	1.51074732747867	60	60	3600
-11354.6533179746	-8793.1197957015	1	0.711636923476517	60	60	2700
13772.6520417909	-1786.92701405307	1	0.908269364546547	60	60	2700
-14886.323779683	-2173.58571723469	1	0.638846719681294	60	60	2700
10543.7868308606	-3798.32766544001	1	1.02563461742005	60	60	1800
10967.0316912633	-15448.7428812044	1	1.56940077059372	60	60	1800
-2093.40643550203	-5479.36359780062	1	0.207166980529146	60	60	1800
-10463.0439540298	-10014.3207669924	1	1.9529505858707	60	60	2700
-15707.6636936645	-2434.50501526003	1	1.9578609660312	60	60	2700
-9173.4246866762	-8610.77327285197	1	1.16244245528118	60	60	3600
-6321.72971682459	10088.3088705804	1	0.868959790118227	60	60	2700
3329.48076177481	434.091889103171	1	1.86088526751272	60	60	2700
-1773.62763210114	-15106.1925061047	1	1.08444603786175	60	60	1800
-10655.7795709786	-12183.0464790783	1	1.03282317089771	60	60	2700
2106.60892162675	10602.4055019137	1	1.26453544583486	60	60	3600
5250.66791332421	8709.74653285784	1	0.744470194579656	60	60	3600
7269.78154390738	13021.7497144631	1	0.146594717535934	60	60	3600
-10926.3764628765	12609.1301992009	1	0.868411891135463	60	60	3600
15525.6464129725	-7868.51301917577	1	0.253125674888694	60	60	2700
10759.6530956688	-6923.36583622499	1	0.21747113398302	60	60	3600
-7666.9223618659	-7489.20494548131	1	0.308213256398612	60	60	1800
817.044818387244	-13011.9524084335	1	1.10697597449263	60	60	1800
6891.86005618767	683.387532738877	1	1.79939096291746	60	60	2700
-5080.3523483437	-5291.81881292676	1	0.868974294774178	60	60	1800
-4975.73878039461	10123.5965940691	1	1.18515783677444	60	60	1800
-7195.11211549647	11785.3250137289	1	0.265492989564717	60	60	1800
14680.8265645375	5325.00847705877	1	0.244442678174345	60	60	3600
-13551.2748683269	467.498474930373	1	1.84862228821829	60	60	1800
-16035.3898563647	6395.7462947774	1	0.115148654804584	60	60	3600
14092.5758323705	-918.311076977534	1	1.96497079501291	60	60	3600
-7636.07196220937	8309.45067365841	1	0.639348871611473	60	60	2700
1659.50494013434	2196.15034612919	1	0.02719698866366	60	60	1800
-11790.1185311992	12125.3286527333	1	0.0437454263102541	60	60	3600
-13705.9047211986	2322.61104203847	1	0.209048257546417	60	60	3600
-14191.4953001063	14513.3935347499	1	1.07957097594691	60	60	2700
-14767.6539828898	-594.68379875924	1	1.40886397849486	60	60	3600
14916.7387784733	-10480.5239694567	1	0.82271329004372	60	60	2700
6694.57292405052	-4086.95834177271	1	0.761562361359944	60	60	3600
13688.51449457	-11133.2862821948	1	1.45249756055964	60	60	2700
1021.12602998043	12926.8005974988	1	0.84041987498528	60	60	1800
-7806.27924261633	10459.5188005977	1	0.760834403793377	60	60	2700
-8364.82086254113	-9256.1574758823	1	1.6545455702153	60	60	2700
-10993.3122072225	14127.3008481513	1	0.0156138885205349	60	60	1800
8514.83300943484	-5581.30834478498	1	1.09484578255831	60	60	2700
-12651.2192479985	9816.55334483579	1	1.56790821251282	60	60	3600
7602.11851400512	-9743.84622791562	1	0.932324238529506	60	60	1800
4879.59426452493	11689.4575635417	1	0.837588501333912	60	60	2700
1405.56442489369	13269.8294640522	1	1.08390883672809	60	60	3600
6415.79601247607	-1578.92146075004	1	0.921383623308142	60	60	2700
9539.20037610817	-6789.78151440076	1	0.507750010019025	60	60	2700
52.5618086013756	-4663.82191126222	1	0.958476824777676	60	60	3600
7181.17688283764	15351.668977513	1	1.62332049055572	60	60	2700
5927.47806355472	6631.17927415205	1	1.69661368113476	60	60	2700
-10716.5521531684	-14892.1830660368	1	0.418503000272705	60	60	1800
11324.9763139991	9549.2296332155	1	0.486263306056791	60	60	2700
7261.13195027282	-2793.81491667524	1	1.99305318198321	60	60	2700
-1879.02954533643	1605.82043070552	1	0.90348650107088	60	60	2700
6409.24339945937	6910.82384621885	1	0.807923114898903	60	60	3600
-5665.57465480064	-2793.63719389009	1	0.296311077682811	60	60	1800
8520.12568308166	9336.93537664982	1	1.61560918534278	60	60	3600
1090.31034786117	-15266.2144966243	1	1.73499121070949	60	60	2700
6701.9526403005	10306.5955008361	1	0.656023078880002	60	60	2700
-4134.96921755761	-10409.5594758794	1	1.77435214063909	60	60	2700
-15984.7443419787	-10576.6480642531	1	1.28011972757197	60	60	2700
4380.5169866917	-11669.8315716524	1	1.884101278674	60	60	1800
13839.1776088001	-3709.59373861199	1	0.901737128431444	60	60	1800
12342.6402828644	8490.48445536348	1	1.01384249181611	60	60	3600
-11368.4525578286	-9796.04476427287	1	0.466707476833634	60	60	3600
10759.415268723	-9105.03289714444	1	0.584427364804057	60	60	2700
3225.6976573132	8256.21213449211	1	1.86412816150341	60	60	3600
9465.06747833526	-12126.8957638614	1	1.60723201815538	60	60	3600
-8974.13630055623	14936.4795068161	1	1.89221363744265	60	60	3600
13807.7013790242	-1076.06132843545	1	1.84131987474469	60	60	3600
-4921.66136719112	12498.597057371	1	1.17526064594514	60	60	2700
-2989.99284985651	10124.1405282048	1	1.77039751705022	60	60	3600
5316.64342322013	756.960742012624	1	0.68480026533862	60	60	3600
3102.64147631857	-12940.9403667349	1	1.92103815737911	60	60	1800
5803.7608122221	-12692.6142347183	1	0.646795561746128	60	60	1800
-6138.06758973608	-15398.7757999219	1	0.0359092966104	60	60	1800
8276.75464654095	-6233.06978736124	1	0.423988303471296	60	60	1800
-15485.037548953	-8931.87027469461	1	0.749763160430183	60	60	1800
14374.1106880941	14858.3245628369	1	0.405463481685275	60	60	3600
3112.84697696547	-14293.1508036451	1	0.265932170349644	60	60	1800
-10182.7974708654	-16010.2652055361	1	0.668263474030485	60	60	3600
2303.3559448601	-9540.66113154086	1	0.579369342626607	60	60	3600
-732.190130332161	7380.92482368139	1	0.705854359482617	60	60	2700
15254.6853363634	14341.3059498678	1	0.930396995937571	60	60	3600
8382.2666234635	-318.859475399874	1	1.39961226352562	60	60	3600
-13074.0308374649	-12438.7703270891	1	0.711788911047451	60	60	2700
15801.3048155292	-9153.67347780687	1	0.929151941432087	60	60	2700
-2465.28103627883	-4268.97785621401	1	0.648410785955601	60	60	3600
-8902.44478070221	3136.84675382149	1	0.200195526460891	60	60	3600
10542.7069585687	-1679.77399008478	1	0.0134650489269835	60	60	3600
-4452.86758904096	14011.7231278551	1	0.871881671241403	60	60	3600
-15233.0331254737	-6169.68955548108	1	0.341387076771606	60	60	2700
12333.2222842468	-15377.1302164099	1	0.0976104935564438	60	60	1800
-13426.5014951941	15629.3176764556	1	0.239363220951437	60	60	1800
-11632.8240166179	12694.0883544058	1	1.07807511115863	60	60	2700
-14888.1282914136	2535.71826315324	1	1.56344732899873	60	60	1800
9703.30310886282	-3984.22545885837	1	0.676779274117192	60	60	2700
2562.82401689455	10933.0145665275	1	0.730189543385759	60	60	1800
15096.9351479135	13585.8045530487	1	0.739802930689485	60	60	2700
7518.49518428999	3055.22446173597	1	0.202005999517958	60	60	3600
9907.42096362226	-6357.18600374114	1	0.0836069125000883	60	60	2700
-3857.4621650014	-6772.54363332728	1	0.820225909690532	60	60	1800
11288.4171197223	9633.15549375074	1	1.9962701254614	60	60	3600
-9395.53890219198	-15349.0522348136	1	1.57522179090267	60	60	3600
14481.0864583606	6554.49408709226	1	1.37289013731897	60	60	1800
-531.971901612687	-13376.2556418404	1	0.584733425749225	60	60	2700
-3025.04448657137	-790.359347155483	1	1.73401440462116	60	60	1800
13426.2083080111	-10799.3578093654	1	0.188873231311578	60	60	2700
-9527.04207286076	-13056.6671495581	1	1.76195366296664	60	60	3600
-3893.7555052999	-11449.5627462343	1	1.06431872592577	60	60	1800
-1153.19438390042	-12260.1114673162	1	0.46575621730214	60	60	2700
