id x_km y_km x_m y_m dronable demand_kg drone_service_sec truck_service_sec deadline_sec
1 -7.605704 7.185110 -7605.703682 7185.110194 0 8.28 60 60 3600
2 7.012751 5.677749 7012.750917 5677.749260 1 0.50 60 60 3600
3 -4.809326 -9.981905 -4809.325634 -9981.904793 1 4.87 60 60 3600
4 5.798123 7.336234 5798.122785 7336.234468 1 3.06 60 60 3600
5 6.456110 0.784585 6456.109852 784.584983 1 0.81 60 60 2700
6 4.489012 1.455332 4489.012154 1455.332251 1 4.40 60 60 2700
7 -8.065892 -1.666353 -8065.892423 -1666.352532 1 4.18 60 60 3600
8 -9.393681 1.913154 -9393.680957 1913.153985 1 3.85 60 60 3600
9 -5.028779 -5.805982 -5028.778802 -5805.981790 0 6.61 60 60 3600
10 -5.220806 -8.456922 -5220.806250 -8456.922004 1 1.32 60 60 3600
11 -3.258809 -9.631522 -3258.808576 -9631.521879 0 5.76 60 60 3600
12 2.401912 -5.953267 2401.912390 -5953.266657 0 9.25 60 60 2700
13 -3.354488 -0.422862 -3354.487535 -422.861758 1 1.99 60 60 1800
14 -6.270117 7.391555 -6270.117428 7391.555021 1 1.04 60 60 3600
15 8.902932 -7.965246 8902.932091 -7965.246026 1 2.60 60 60 3600
16 0.964405 8.590785 964.404796 8590.785377 1 2.02 60 60 3600
17 -0.365526 -5.635005 -365.525650 -5635.005308 1 2.50 60 60 2700
18 8.912972 -0.485019 8912.972100 -485.019110 1 4.59 60 60 3600
19 6.593619 -7.852066 6593.619029 -7852.065738 1 1.87 60 60 3600
20 -6.460299 8.767199 -6460.298589 8767.199438 1 4.37 60 60 3600
21 -1.624556 9.612978 -1624.556046 9612.978084 1 3.86 60 60 3600
22 0.052047 -3.740592 52.046696 -3740.592378 1 4.77 60 60 1800
23 8.319054 -9.475185 8319.053941 -9475.185300 1 3.94 60 60 3600
24 7.143357 -6.998894 7143.357269 -6998.894066 1 0.60 60 60 3600
25 -9.268857 9.074712 -9268.857492 9074.711518 1 3.07 60 60 3600
26 -3.716816 -8.590914 -3716.815692 -8590.913740 1 2.77 60 60 3600
27 8.845189 4.584821 8845.188882 4584.821280 0 5.93 60 60 3600
28 0.843172 7.581688 843.171820 7581.687856 1 3.76 60 60 3600
29 -3.388684 2.397899 -3388.683728 2397.899174 1 2.68 60 60 2700
30 7.147931 2.107034 7147.930997 2107.034042 0 7.43 60 60 3600
31 3.972504 1.904759 3972.504180 1904.758540 1 1.40 60 60 2700
32 -2.833803 -6.469368 -2833.802819 -6469.367803 1 2.40 60 60 3600
33 -2.512588 -3.909690 -2512.587904 -3909.689986 1 4.85 60 60 2700
34 5.915562 6.407942 5915.561960 6407.941818 1 0.95 60 60 3600
35 0.335319 7.665421 335.319069 7665.420754 1 3.23 60 60 3600
36 -7.510146 7.941598 -7510.145930 7941.597950 1 0.54 60 60 3600
37 -9.562518 8.063069 -9562.517584 8063.068592 0 8.46 60 60 3600
38 6.784963 8.252423 6784.963070 8252.423498 1 3.69 60 60 3600
39 0.972313 -8.862250 972.313090 -8862.249988 0 9.67 60 60 3600
40 -8.881174 -6.369544 -8881.174051 -6369.543614 1 4.69 60 60 3600
41 7.848608 -5.410326 7848.608360 -5410.326136 1 4.02 60 60 3600
42 1.102026 -8.206099 1102.025781 -8206.099060 1 4.20 60 60 3600
43 -4.912907 -1.814869 -4912.907010 -1814.869219 1 4.95 60 60 2700
44 9.399978 3.926508 9399.978196 3926.508426 1 3.41 60 60 3600
45 7.081171 0.888343 7081.170877 888.343239 1 0.90 60 60 3600
46 2.806929 -1.900590 2806.928659 -1900.589738 1 2.83 60 60 1800
47 -9.005971 5.346816 -9005.970959 5346.816370 1 1.06 60 60 3600
48 -5.339658 -6.385536 -5339.658303 -6385.535674 1 2.31 60 60 3600
49 9.011695 -6.838373 9011.694659 -6838.372633 1 0.88 60 60 3600
50 -6.666918 -5.878582 -6666.918021 -5878.581830 1 2.80 60 60 3600
51 0.063013 2.091805 63.012533 2091.805302 1 3.56 60 60 1800
52 -7.568037 -2.933516 -7568.036855 -2933.516349 0 9.49 60 60 3600
53 8.463543 9.067155 8463.543398 9067.155243 1 3.87 60 60 3600
54 7.164058 -0.659036 7164.058367 -659.035764 1 1.49 60 60 3600
55 -3.108868 -5.492527 -3108.867807 -5492.527217 1 3.46 60 60 2700
56 -0.972770 -6.851179 -972.769614 -6851.179104 1 0.73 60 60 2700
57 6.024853 2.626717 6024.852930 2626.717048 0 9.07 60 60 2700
58 6.796842 9.877491 6796.841786 9877.491172 1 2.34 60 60 3600
59 4.335655 9.218382 4335.654795 9218.381710 1 2.31 60 60 3600
60 -2.217482 6.889820 -2217.481831 6889.820449 0 8.08 60 60 3600
61 -3.973684 -6.711215 -3973.684411 -6711.215414 1 2.71 60 60 3600
62 -5.497668 -4.813998 -5497.667810 -4813.997638 1 4.05 60 60 3600
63 9.793195 -0.391806 9793.195325 -391.805975 1 3.06 60 60 3600
64 -7.755042 -0.994802 -7755.041660 -994.801756 1 3.22 60 60 3600
65 8.124380 2.342124 8124.379914 2342.123863 1 2.39 60 60 3600
66 5.710473 -4.349813 5710.473053 -4349.812581 1 3.40 60 60 3600
67 9.537029 4.939493 9537.029435 4939.492843 1 4.77 60 60 3600
68 -8.847533 1.701296 -8847.533309 1701.295769 1 3.36 60 60 3600
69 9.757090 -9.351646 9757.089625 -9351.646031 1 3.23 60 60 3600
70 -1.156550 3.151144 -1156.549604 3151.144451 1 1.96 60 60 1800
71 -4.569649 8.622400 -4569.648633 8622.399600 1 3.04 60 60 3600
72 4.962676 8.627050 4962.676426 8627.049524 1 4.55 60 60 3600
73 3.112925 -6.252886 3112.924701 -6252.886440 1 3.61 60 60 2700
74 9.309982 -5.260459 9309.982400 -5260.458896 0 7.27 60 60 3600
75 -7.458372 9.680376 -7458.371678 9680.376152 1 2.61 60 60 3600
76 6.853245 -5.187531 6853.245062 -5187.530540 1 1.32 60 60 3600
77 9.199292 -2.764086 9199.292015 -2764.085963 1 2.73 60 60 3600
78 8.491822 -7.088167 8491.822247 -7088.167265 0 6.41 60 60 3600
79 -9.980328 -2.884542 -9980.327783 -2884.542345 1 0.89 60 60 3600
80 6.824623 -4.608114 6824.622510 -4608.113966 1 2.21 60 60 3600
81 -0.849192 -5.425127 -849.191911 -5425.127173 1 4.20 60 60 2700
82 0.085732 5.956033 85.732373 5956.032600 1 2.78 60 60 2700
83 -9.145137 -1.691611 -9145.136767 -1691.611172 0 9.81 60 60 3600
84 4.292389 -1.553414 4292.388804 -1553.413748 1 2.67 60 60 2700
85 -2.127495 0.357745 -2127.494821 357.745371 1 2.40 60 60 1800
86 9.795725 -7.605401 9795.724768 -7605.401427 1 2.81 60 60 3600
87 -7.369210 8.731920 -7369.210260 8731.920372 1 1.36 60 60 3600
88 3.332221 -9.334344 3332.221104 -9334.344024 1 0.95 60 60 3600
89 -9.781150 -3.835176 -9781.150455 -3835.175795 0 9.33 60 60 3600
90 6.162252 5.597529 6162.251701 5597.529396 1 4.06 60 60 3600
91 -5.522981 9.458503 -5522.981494 9458.503497 1 1.42 60 60 3600
92 -0.436982 3.263334 -436.982266 3263.333885 0 6.01 60 60 1800
93 4.951406 -5.720388 4951.405797 -5720.388378 0 9.27 60 60 3600
94 9.915237 -6.922804 9915.236947 -6922.803755 1 0.61 60 60 3600
95 9.751682 -1.799813 9751.681707 -1799.813301 0 5.22 60 60 3600
96 9.689714 1.617187 9689.714401 1617.187353 0 8.91 60 60 3600
97 -0.787593 9.950592 -787.593005 9950.592282 0 9.86 60 60 3600
98 -0.916013 -0.005133 -916.012842 -5.133180 1 1.84 60 60 1800
99 9.617284 2.974021 9617.284247 2974.020846 1 1.60 60 60 3600
100 -9.754599 -9.610055 -9754.598601 -9610.055329 1 2.43 60 60 3600
