trucks_count 1
drones_count 1
customers 100
depot 0 0
Coordinate X Coordinate Y Dronable Demand
X Y Dronable Demand Drone_service Truck_service Lw
1900.726 2182.362 1 0.43 60 60 3600
-4.640 -2898.244 1 1.43 60 60 3600
-2222.207 1819.436 1 0.47 60 60 3600
-1440.868 2399.503 1 1.72 60 60 3600
-248.983 1849.838 1 0.38 60 60 3600
2981.161 -3647.177 1 1.31 60 60 3600
-4503.205 -2345.423 1 0.51 60 60 3600
-2764.872 4.144 1 1.76 60 60 3600
-3921.651 383.720 1 0.51 60 60 3600
867.898 3233.568 1 1.39 60 60 3600
2144.201 182.966 1 1.55 60 60 3600
-3414.856 2115.709 1 1.02 60 60 3600
-1950.464 2387.235 1 1.62 60 60 3600
-3869.242 -3299.937 1 0.53 60 60 3600
2487.372 -2232.322 1 0.25 60 60 3600
-177.784 1344.490 1 0.68 60 60 3600
-3234.322 1535.793 1 1.91 60 60 3600
3754.955 -2009.460 1 1.77 60 60 3600
-2077.097 23.244 1 1.07 60 60 3600
-4.583 561.654 1 0.32 60 60 3600
-4716.958 3258.336 1 1.22 60 60 3600
-1603.479 2928.306 1 1.92 60 60 3600
4643.899 -4458.923 1 1.06 60 60 3600
-1137.979 826.952 1 1.70 60 60 3600
195.400 -4825.099 1 0.88 60 60 3600
-240.400 -1804.520 1 1.10 60 60 3600
-1868.873 4946.682 1 1.18 60 60 3600
679.451 -423.439 1 1.97 60 60 3600
-4261.548 3018.019 1 0.28 60 60 3600
-2833.712 -1340.560 1 1.88 60 60 3600
-1484.267 289.510 1 1.13 60 60 3600
3203.768 -1846.409 1 1.54 60 60 3600
4667.884 -1372.175 1 1.82 60 60 3600
1242.247 1238.012 1 1.04 60 60 3600
-3039.141 808.172 1 0.30 60 60 3600
-2662.356 -2891.582 1 1.01 60 60 3600
3024.965 -4630.545 1 1.32 60 60 3600
1670.069 2900.515 1 1.70 60 60 3600
2150.187 -1084.290 1 0.43 60 60 3600
-4782.680 -3443.617 1 0.61 60 60 3600
-3509.225 -2050.414 1 1.73 60 60 3600
-4454.225 4447.980 1 0.25 60 60 3600
-3557.259 4850.368 1 1.30 60 60 3600
-4668.809 2392.590 1 1.65 60 60 3600
-3019.322 -4289.360 1 1.97 60 60 3600
-235.411 -3561.116 1 0.30 60 60 3600
407.292 1543.530 1 1.50 60 60 3600
-3007.641 4850.491 1 0.56 60 60 3600
-2258.165 750.108 1 0.33 60 60 3600
-738.106 -2070.697 1 0.92 60 60 3600
2295.412 -4529.221 1 1.55 60 60 3600
-4125.978 -1573.931 1 0.27 60 60 3600
-2420.849 3617.711 1 1.00 60 60 3600
1693.541 949.626 1 1.45 60 60 3600
-66.917 -376.952 1 1.13 60 60 3600
1826.793 -1949.191 1 1.41 60 60 3600
255.593 2748.969 1 1.87 60 60 3600
-1093.000 -1179.614 1 0.79 60 60 3600
-815.063 1770.533 1 1.43 60 60 3600
-2694.338 2399.792 1 1.67 60 60 3600
-2979.051 3952.005 1 0.92 60 60 3600
1768.492 -1443.642 1 1.35 60 60 3600
1272.873 -2847.799 1 0.35 60 60 3600
2150.187 -3518.168 1 1.70 60 60 3600
-3349.056 3171.318 1 1.32 60 60 3600
836.659 -3366.384 1 1.47 60 60 3600
490.193 -902.494 1 0.33 60 60 3600
-1602.596 4478.582 1 0.98 60 60 3600
2101.540 -2752.587 1 1.84 60 60 3600
4686.975 -3822.606 1 0.46 60 60 3600
-4596.956 1445.190 1 1.25 60 60 3600
-4994.832 -124.489 1 1.04 60 60 3600
-3522.548 3819.601 1 0.43 60 60 3600
1266.440 469.214 1 2.00 60 60 3600
-2826.909 -515.994 1 0.28 60 60 3600
-2105.676 -1181.350 1 1.82 60 60 3600
-629.214 -3028.104 1 0.45 60 60 3600
2872.217 -2562.375 1 0.82 60 60 3600
4046.881 -4142.139 1 0.22 60 60 3600
-1806.403 1256.157 1 0.90 60 60 3600
-4167.901 1932.092 1 1.70 60 60 3600
1404.073 -4286.583 1 1.09 60 60 3600
711.034 312.731 1 1.50 60 60 3600
-4976.964 -1982.194 1 0.86 60 60 3600
1592.380 -3438.474 1 0.41 60 60 3600
4546.659 -2293.919 1 1.58 60 60 3600
-3373.914 -4687.407 1 0.64 60 60 3600
-4033.776 3647.934 1 1.10 60 60 3600
1398.269 2259.139 1 1.27 60 60 3600
-1912.261 3331.752 1 0.22 60 60 3600
-1420.696 -1711.801 1 0.43 60 60 3600
-2941.940 -3469.121 1 1.28 60 60 3600
-4527.097 -2927.438 1 1.81 60 60 3600
1232.758 -2183.353 1 0.48 60 60 3600
-1716.124 -479.277 1 1.40 60 60 3600
3617.047 -1454.741 1 1.04 60 60 3600
3129.441 767.574 1 1.66 60 60 3600
970.909 1911.498 1 1.18 60 60 3600
1173.490 2763.675 1 0.70 60 60 3600
2520.971 -546.837 1 0.67 60 60 3600
