trucks_count 1
drones_count 1
customers 100
depot 0 0
Coordinate X Coordinate Y Dronable Demand
X Y Dronable Demand Drone_service Truck_service Lw
-2139.441 360.521 1 1.00 60 60 3600
-4834.684 1400.472 1 1.13 60 60 3600
-4680.532 -2726.193 1 0.73 60 60 3600
-3592.739 -3443.595 1 0.58 60 60 3600
-2694.338 2399.792 1 0.45 60 60 3600
-729.325 -1749.962 1 0.39 60 60 3600
-1420.696 -1711.801 1 1.93 60 60 3600
-4782.680 -3443.617 1 0.44 60 60 3600
-2447.246 -1294.563 1 0.43 60 60 3600
2150.187 -3518.168 1 0.59 60 60 3600
4365.234 -716.545 1 1.04 60 60 3600
2487.372 -2232.322 1 1.73 60 60 3600
974.515 1638.374 1 0.48 60 60 3600
-215.655 -3195.619 1 1.38 60 60 3600
3164.443 -4034.192 1 0.74 60 60 3600
1005.048 -3563.175 1 0.74 60 60 3600
-2206.078 4474.452 1 0.41 60 60 3600
-3949.108 1193.762 1 0.82 60 60 3600
-2833.452 3700.511 1 1.83 60 60 3600
-639.398 -999.142 1 0.92 60 60 3600
-3234.322 1535.793 1 0.77 60 60 3600
-1448.943 4015.691 1 1.44 60 60 3600
93.179 2045.883 1 0.86 60 60 3600
1266.440 469.214 1 1.60 60 60 3600
1055.171 -4237.284 1 1.26 60 60 3600
-4126.227 4615.127 1 0.84 60 60 3600
1079.365 2136.832 1 0.98 60 60 3600
-4921.534 4416.031 1 0.30 60 60 3600
-4161.603 -1941.109 1 0.96 60 60 3600
805.606 -901.169 1 0.28 60 60 3600
3481.934 -1922.719 1 1.76 60 60 3600
2144.201 182.966 1 1.14 60 60 3600
-4518.627 1950.026 1 1.69 60 60 3600
3571.060 -3041.518 1 1.03 60 60 3600
-3595.160 -2522.801 1 1.98 60 60 3600
-1912.261 3331.752 1 0.69 60 60 3600
52.804 758.390 1 1.35 60 60 3600
-934.327 -359.252 1 0.21 60 60 3600
-710.972 824.325 1 1.24 60 60 3600
222.441 -438.456 1 1.95 60 60 3600
2872.217 -2562.375 1 0.27 60 60 3600
2329.136 -4941.216 1 0.75 60 60 3600
406.918 -4251.066 1 1.89 60 60 3600
3129.441 767.574 1 0.57 60 60 3600
21.315 -2041.264 1 0.51 60 60 3600
-4060.464 137.870 1 1.68 60 60 3600
-2555.308 654.428 1 0.48 60 60 3600
3705.130 -4132.443 1 1.62 60 60 3600
-2004.427 1624.660 1 0.71 60 60 3600
-3569.636 2320.521 1 0.81 60 60 3600
-4252.954 -660.974 1 0.43 60 60 3600
-277.095 -1386.212 1 0.28 60 60 3600
-2919.835 -2011.808 1 1.61 60 60 3600
1416.747 -51.374 1 0.67 60 60 3600
2525.180 -4036.719 1 0.70 60 60 3600
561.538 771.804 1 0.33 60 60 3600
-2298.104 2860.000 1 1.50 60 60 3600
-4261.548 3018.019 1 1.86 60 60 3600
-4525.590 749.751 1 0.31 60 60 3600
-3734.939 3239.290 1 0.69 60 60 3600
908.782 -23.077 1 0.64 60 60 3600
1195.605 -1620.318 1 1.97 60 60 3600
-1400.971 818.859 1 1.32 60 60 3600
-839.340 143.647 1 0.30 60 60 3600
-4956.557 2979.146 1 1.19 60 60 3600
-4772.391 -2047.954 1 0.44 60 60 3600
4138.252 -1482.192 1 0.42 60 60 3600
4987.256 -4134.892 1 0.26 60 60 3600
916.660 -2189.163 1 0.22 60 60 3600
-2930.238 -126.348 1 0.50 60 60 3600
-4412.125 -4008.488 1 0.22 60 60 3600
-4212.163 -2498.522 1 1.17 60 60 3600
-3285.090 4959.306 1 1.77 60 60 3600
-4994.832 -124.489 1 1.39 60 60 3600
1555.352 -2918.532 1 1.87 60 60 3600
2670.883 -1435.393 1 1.88 60 60 3600
1503.722 3069.237 1 1.11 60 60 3600
1768.492 -1443.642 1 1.21 60 60 3600
4546.659 -2293.919 1 1.50 60 60 3600
-1156.425 -3010.360 1 0.78 60 60 3600
-2642.137 -4200.772 1 1.03 60 60 3600
-4340.178 3671.189 1 0.39 60 60 3600
-3314.989 -4279.386 1 1.17 60 60 3600
-423.661 1547.426 1 1.96 60 60 3600
515.572 2813.168 1 0.86 60 60 3600
1262.211 -1112.888 1 1.00 60 60 3600
-3922.181 -1229.908 1 0.64 60 60 3600
1904.758 911.388 1 0.80 60 60 3600
-3219.492 -4851.081 1 1.60 60 60 3600
3891.066 -2261.321 1 1.71 60 60 3600
-1547.682 2147.964 1 1.78 60 60 3600
-1868.873 4946.682 1 1.55 60 60 3600
-2157.410 2325.864 1 1.09 60 60 3600
2150.187 -1084.290 1 0.96 60 60 3600
2520.971 -546.837 1 1.82 60 60 3600
-1873.871 -269.539 1 1.81 60 60 3600
2873.765 -4896.577 1 1.37 60 60 3600
-901.903 2219.487 1 0.83 60 60 3600
-2918.744 4224.583 1 1.03 60 60 3600
-3039.141 808.172 1 1.18 60 60 3600
