trucks_count 1
drones_count 1
customers 100
depot 0 0
Coordinate X Coordinate Y Dronable Demand
X Y Dronable Demand Drone_service Truck_service Lw
1532.686 1235.563 1 0.32 60 60 3600
4987.256 -4134.892 1 1.20 60 60 3600
-3799.737 4456.173 1 1.87 60 60 3600
3203.768 -1846.409 1 1.11 60 60 3600
53.989 -196.458 1 0.43 60 60 3600
-4697.576 1222.104 1 0.24 60 60 3600
-2688.830 4126.065 1 1.61 60 60 3600
1266.440 469.214 1 0.63 60 60 3600
-3137.994 -70.243 1 1.95 60 60 3600
-4755.285 -3903.948 1 0.48 60 60 3600
-1739.725 1832.828 1 1.73 60 60 3600
-240.400 -1804.520 1 1.70 60 60 3600
3129.441 767.574 1 1.38 60 60 3600
199.931 1317.417 1 1.17 60 60 3600
-2691.917 804.126 1 0.91 60 60 3600
967.739 -4006.373 1 0.69 60 60 3600
-4518.627 1950.026 1 0.63 60 60 3600
-1563.998 -1520.230 1 0.47 60 60 3600
1847.656 -837.321 1 1.89 60 60 3600
1768.492 -1443.642 1 1.22 60 60 3600
-4275.807 217.185 1 1.79 60 60 3600
-3922.181 -1229.908 1 1.72 60 60 3600
2000.047 2541.480 1 1.85 60 60 3600
-4261.548 3018.019 1 0.91 60 60 3600
-2826.909 -515.994 1 1.07 60 60 3600
-1806.403 1256.157 1 1.60 60 60 3600
-3366.889 -3556.284 1 1.52 60 60 3600
2101.540 -2752.587 1 1.35 60 60 3600
195.400 -4825.099 1 1.97 60 60 3600
682.455 2599.556 1 1.95 60 60 3600
-2820.618 -1098.038 1 0.84 60 60 3600
1938.710 -3469.544 1 0.52 60 60 3600
-1297.088 37.793 1 1.36 60 60 3600
836.659 -3366.384 1 0.96 60 60 3600
-3314.989 -4279.386 1 1.80 60 60 3600
3164.443 -4034.192 1 0.45 60 60 3600
-2887.691 3069.493 1 0.33 60 60 3600
2520.971 -546.837 1 0.60 60 60 3600
908.782 -23.077 1 0.40 60 60 3600
-432.027 363.382 1 1.15 60 60 3600
-1575.482 3816.751 1 1.93 60 60 3600
-629.214 -3028.104 1 0.80 60 60 3600
-4153.716 -3417.168 1 1.86 60 60 3600
-1440.868 2399.503 1 0.45 60 60 3600
-1912.261 3331.752 1 1.65 60 60 3600
-2377.502 4583.378 1 0.71 60 60 3600
-4427.974 -2747.589 1 0.47 60 60 3600
4138.252 -1482.192 1 1.52 60 60 3600
-3569.636 2320.521 1 1.67 60 60 3600
805.606 -901.169 1 0.61 60 60 3600
-1868.873 4946.682 1 0.31 60 60 3600
-2157.410 2325.864 1 0.96 60 60 3600
-4525.590 749.751 1 1.11 60 60 3600
66.117 -4185.009 1 0.84 60 60 3600
-1175.433 1511.392 1 1.29 60 60 3600
3617.047 -1454.741 1 1.73 60 60 3600
244.338 1869.408 1 0.80 60 60 3600
1555.352 -2918.532 1 0.84 60 60 3600
-235.411 -3561.116 1 1.57 60 60 3600
-3122.208 1969.340 1 1.61 60 60 3600
1398.269 2259.139 1 1.92 60 60 3600
3033.799 -2952.474 1 2.00 60 60 3600
2174.984 -3984.878 1 1.09 60 60 3600
4546.659 -2293.919 1 0.48 60 60 3600
-3655.541 -137.736 1 1.09 60 60 3600
-4956.557 2979.146 1 0.42 60 60 3600
-3157.137 4445.854 1 1.45 60 60 3600
-423.661 1547.426 1 1.34 60 60 3600
-2105.676 -1181.350 1 1.55 60 60 3600
1173.490 2763.675 1 1.03 60 60 3600
1222.085 1668.943 1 1.58 60 60 3600
4365.234 -716.545 1 1.13 60 60 3600
-1716.124 -479.277 1 0.66 60 60 3600
-3283.832 3644.338 1 1.29 60 60 3600
642.859 -1664.178 1 1.09 60 60 3600
2114.655 1913.346 1 1.28 60 60 3600
345.104 762.787 1 1.89 60 60 3600
2533.535 -4500.712 1 1.39 60 60 3600
1416.747 -51.374 1 1.68 60 60 3600
-3219.492 -4851.081 1 1.46 60 60 3600
1614.870 3248.429 1 1.48 60 60 3600
-4454.225 4447.980 1 0.79 60 60 3600
-739.561 -1529.080 1 1.80 60 60 3600
-3929.321 -4440.310 1 1.42 60 60 3600
-4976.964 -1982.194 1 1.93 60 60 3600
-3750.591 -2330.317 1 0.48 60 60 3600
-3949.108 1193.762 1 1.93 60 60 3600
2135.409 -2207.331 1 0.66 60 60 3600
2167.522 -161.715 1 1.67 60 60 3600
-2298.104 2860.000 1 0.87 60 60 3600
-2919.835 -2011.808 1 1.58 60 60 3600
1136.493 -4687.385 1 0.22 60 60 3600
438.356 -2956.926 1 0.93 60 60 3600
-3787.505 3880.393 1 1.77 60 60 3600
-4884.921 291.903 1 1.38 60 60 3600
-4332.217 -1597.008 1 0.98 60 60 3600
-3185.457 945.396 1 0.42 60 60 3600
-1603.479 2928.306 1 0.62 60 60 3600
1262.211 -1112.888 1 1.76 60 60 3600
594.700 -4498.797 1 1.13 60 60 3600
