trucks_count 10
drones_count 10
customers 500
depot 0 0
Coordinate X         Coordinate Y         Dronable Demand
X	Y	Dronable	Demand	Drone_service	Truck_service	Lw
1604.11144650651	3586.19324920076	1	1.91110592424017	60	60	3600
1704.91014368224	19549.9731603378	1	0.690005544469186	60	60	1800
8764.84793926526	290.137923900414	1	1.79834503018453	60	60	3600
-8313.31058465847	-7864.11509680433	1	0.994039445258472	60	60	2700
5826.47418176745	-15881.8455295641	1	1.73180517947716	60	60	3600
5009.6890464998	-5402.62124507253	1	1.52281325018855	60	60	2700
19792.7135077854	-17831.1307742182	1	1.59959217308206	60	60	1800
-27067.3413536372	29244.7874395499	1	1.53820172989115	60	60	3600
-20780.2855492118	26611.5531209548	1	0.742513175572333	60	60	1800
-27807.3689825262	15980.8131078067	1	0.578715306637101	60	60	2700
-30558.0959861218	-27707.9717583874	1	1.68445864865146	60	60	3600
10442.0969467004	10748.7555285733	1	0.320422059703207	60	60	1800
-13487.2406189465	12965.0748968506	1	0.198189583325788	60	60	1800
-555.194447514302	6959.96369788721	1	1.60218583662757	60	60	1800
-3645.50150027976	-10429.1598868896	1	1.26224069448806	60	60	3600
20833.8183574864	25065.3879294109	1	0.666243229176563	60	60	3600
-16200.4110232107	-27278.4540424544	1	0.840853426284725	60	60	1800
-24270.2362897897	-20082.7659883476	1	0.0106050729048194	60	60	2700
12621.7773477188	-12830.3618741353	1	1.69323654924876	60	60	2700
-21013.6264594788	24715.0632370422	1	0.879765226763366	60	60	2700
-15813.9669839512	20760.0220201296	1	1.13551655933899	60	60	1800
-13541.2463661573	26905.713164152	1	0.146586277639682	60	60	3600
-18324.2823707759	-27108.3257241879	1	0.0994657253030476	60	60	1800
6963.15669100764	-1318.86902516701	1	0.588441905133678	60	60	2700
27326.5091777083	6286.10729121897	1	1.8043965737216	60	60	2700
-26493.7122587126	10282.295325252	1	0.723467603830292	60	60	3600
-31930.0128077838	-29494.8353242012	1	1.32811939105854	60	60	3600
25354.4331680422	20060.0877240674	1	0.360932818184589	60	60	2700
-29134.0503507309	-28407.1171440665	1	1.53259975336718	60	60	1800
11223.1036813497	-9734.70851753986	1	0.530237371231953	60	60	3600
16429.9922148591	3340.48230361017	1	1.73783195334336	60	60	2700
14148.2267843754	8208.47920234025	1	0.85933565665549	60	60	3600
-22137.4655801889	-25234.0416668557	1	1.82620887479046	60	60	3600
14492.4323004768	-3933.41666603127	1	1.03611318941718	60	60	3600
14716.2526768389	9885.10743478644	1	0.774279838835605	60	60	2700
-15717.3139445069	-21603.0243085302	1	0.337005913459774	60	60	1800
1322.67063913779	-11992.1444481599	1	1.94799536844114	60	60	2700
-11817.7606418228	1398.07636656801	1	0.0056505938766482	60	60	2700
-30598.8697155064	6807.55351194936	1	0.37948370870964	60	60	3600
22559.7705873248	20903.3223091863	1	0.124150763774191	60	60	1800
30802.0042482222	-19930.3628806596	1	1.95862620041655	60	60	1800
14822.7669931548	-28038.3279479814	1	1.73276456623571	60	60	2700
-12838.2360828978	-10767.0593975085	1	1.16218343830846	60	60	3600
-5873.88768539284	5413.80287862916	1	1.00981587137484	60	60	1800
7528.64812366853	20982.1201035685	1	1.13377229116869	60	60	2700
-29864.9602185822	12758.3651884969	1	0.657117746940506	60	60	3600
-17052.101250362	31666.5194512957	1	1.91148261791716	60	60	2700
-27509.5230621067	-15613.7594707434	1	0.629481145122107	60	60	1800
-27309.9273120449	30386.9769191063	1	1.07221913137312	60	60	3600
-27680.6323293865	1513.65125322515	1	1.59366258036963	60	60	1800
5449.83667100289	29194.6038945762	1	0.0530125281297759	60	60	2700
-23430.6166529167	-22099.4459494151	1	1.64485569152553	60	60	1800
-18830.2851527856	-13117.8279732021	1	0.673139875221579	60	60	1800
-4523.28635754141	-3343.50950479364	1	0.959648176833595	60	60	2700
-17722.8306922044	23653.1616727323	1	1.91269187984443	60	60	1800
13151.7064158985	25441.5765881845	1	1.79161929159732	60	60	1800
16678.2227937674	31059.4686545572	1	0.929644596934568	60	60	2700
32075.7180382268	-7642.88795112409	1	1.96153247863929	60	60	1800
-4023.72510460773	9533.80030838132	1	0.554550740608772	60	60	2700
-9773.96154664623	-20302.6806618228	1	1.78690373203399	60	60	1800
12179.3663416626	22939.175958837	1	1.78522007024906	60	60	1800
18434.7427170291	29633.694440933	1	1.25684136050552	60	60	2700
-10382.0295809574	-9390.62677044187	1	0.278554630991666	60	60	1800
-30950.790980684	-7371.28870227414	1	0.822419420551315	60	60	3600
-8644.46007975962	9562.15042000449	1	1.12038930458375	60	60	3600
10407.2138136855	5051.79568484972	1	1.86346102698188	60	60	3600
12200.2845038473	9172.01958442301	1	0.226405270839393	60	60	1800
-12548.4915518064	-29029.0841715126	1	1.27276229033614	60	60	3600
23334.3409030771	-9389.76762400633	1	0.701479413071173	60	60	2700
27740.6057515583	24519.6556863134	1	0.425578329325784	60	60	2700
-15359.1680833065	13372.5809735019	1	0.77600356680815	60	60	3600
-8032.87320513374	-10789.1641520676	1	0.1486922560143	60	60	2700
-25816.2247500275	25267.9012223793	1	1.92025052280823	60	60	3600
-6018.48064392148	6574.18429826129	1	1.89675619586762	60	60	3600
-14536.2295727175	2681.89987267141	1	1.95256194478083	60	60	3600
-18872.6140663991	28232.7320293351	1	1.2188507541751	60	60	3600
-26450.4908097858	-23807.790866517	1	1.63208338482643	60	60	2700
25075.6961589335	14905.664285196	1	1.64424536268292	60	60	2700
27470.2958678315	11648.900008566	1	0.68311447093839	60	60	2700
-20142.7605373099	-12046.5593447932	1	1.59564045939727	60	60	2700
7636.6299462189	-19050.3929983043	1	0.764974644979644	60	60	1800
-734.210119024168	27933.0260390615	1	0.337356939842142	60	60	3600
24743.7139807697	-23462.6512924104	1	1.55255532879075	60	60	2700
-2127.71743918259	30165.1537766649	1	0.172650719029291	60	60	1800
-32112.9972734633	-20470.0126627698	1	0.317379978162712	60	60	1800
17223.4886931006	-15539.627562339	1	0.366149084319469	60	60	1800
-1520.19116768403	2384.82616753391	1	0.819801496378277	60	60	1800
-28596.365330677	21436.0480634945	1	1.44139010616497	60	60	2700
3658.50437074363	3255.33407667115	1	1.97628746924799	60	60	3600
-21830.3234241999	-21944.0293205193	1	1.65336699427497	60	60	2700
-23009.5865787022	14341.5746364021	1	1.56200997974277	60	60	1800
16537.54919423	22495.7339081379	1	1.12987627920968	60	60	1800
-22410.3724349076	19826.9987924223	1	0.519245844009378	60	60	1800
-11135.4931954428	-21638.6553200274	1	1.01864950288778	60	60	2700
-1172.8006537068	7843.22267720665	1	0.513821616263219	60	60	1800
25290.466179783	-29881.8872501769	1	1.71188661760442	60	60	3600
2080.86484249683	-21661.6294468354	1	0.0607057003143939	60	60	2700
-27145.4186724464	11334.2218362136	1	0.694471425235978	60	60	1800
27010.283889348	26015.8147727283	1	1.86519462299622	60	60	2700
-18009.7905153052	18571.6147396223	1	1.67147214893904	60	60	2700
22083.212893551	30617.6581417805	1	1.41767497132166	60	60	2700
4192.79851921956	-27542.608516484	1	0.408366665788433	60	60	3600
-11048.3721261515	-10922.5043843321	1	1.66077324119641	60	60	3600
23633.0791706264	30889.8429729254	1	1.59797100718709	60	60	1800
21854.5112480973	-21890.0001095001	1	0.990411997433245	60	60	3600
-22092.6073758671	20551.6173596609	1	1.01699482608301	60	60	1800
28730.1006396693	17539.7567956336	1	1.73733685628406	60	60	3600
12040.7788422256	4897.56506393327	1	1.02030958395439	60	60	2700
-19895.7716404916	21748.1557448825	1	0.724955950044991	60	60	2700
-9218.97970105062	18937.0875363613	1	1.4438739302308	60	60	1800
16633.1721102823	22226.9084231286	1	1.85743665227419	60	60	2700
-29436.1072761235	-1511.22877297995	1	0.0949242378713081	60	60	2700
-16162.951840793	13478.0441391531	1	0.914752075461783	60	60	3600
12194.835142254	-29712.526032589	1	1.90811889181977	60	60	3600
23077.8346650379	13771.6092270949	1	0.264078179146408	60	60	1800
18224.4662061599	-12423.3433558861	1	1.53730530247155	60	60	2700
-607.848857050003	30200.7770866948	1	1.9952431060502	60	60	3600
3293.80618007962	-2900.01746307303	1	1.74683038213956	60	60	1800
-22359.1858991891	-28892.4310728863	1	0.384456055198737	60	60	3600
7033.4970259268	22375.8357731628	1	0.208850782664411	60	60	1800
5520.13104699802	-9332.6036185109	1	0.314163192854246	60	60	3600
22097.8490706621	-20224.5291627196	1	0.61670168121569	60	60	2700
19252.6832368296	29289.069470591	1	1.26651151988175	60	60	1800
8990.87434765507	3987.76601283939	1	1.66563163660559	60	60	2700
-4507.25634134484	-21150.365527482	1	0.190427683356651	60	60	2700
16936.6988940632	-19639.1493307415	1	1.81989466580148	60	60	2700
-14941.8646968946	-11164.0979736032	1	1.94043480448401	60	60	3600
-4859.7409840051	23572.3736277719	1	0.0959991144386951	60	60	2700
-27005.8318727736	30744.6548978018	1	1.98010566242197	60	60	2700
15312.332586975	176.070303795159	1	1.55970832553414	60	60	2700
-25717.3456339413	-5306.75428291025	1	1.9521139115916	60	60	3600
-27540.8602302699	-25388.0117812518	1	0.672234717904024	60	60	3600
28442.5754369918	-26571.4342040119	1	0.125868974020612	60	60	3600
-12048.7578457192	-24583.4167208143	1	1.86550655367062	60	60	2700
23528.7919771008	21517.3799677086	1	0.560799225116894	60	60	1800
16772.7393550682	2031.55766107243	1	1.19111836237069	60	60	2700
727.183837386603	14411.9533738179	1	1.64300814843528	60	60	1800
-349.667844638911	27374.917685197	1	0.284402877504159	60	60	1800
9152.72979233357	11357.5959965424	1	0.344797329590776	60	60	2700
25729.3039398733	29830.2777347693	1	0.952365902063426	60	60	2700
6529.14272753837	-14057.3040244165	1	0.555077869001967	60	60	2700
6622.91777346067	27838.6939756666	1	0.164983329749956	60	60	2700
6428.5619722559	23286.5451605476	1	1.57082493736179	60	60	1800
24291.0879689149	20411.6801807584	1	1.70897888917275	60	60	1800
14883.2727210564	-4236.09333603267	1	0.405594791902574	60	60	2700
30234.0890132302	18599.9446230484	1	1.70886287684139	60	60	2700
11800.7525852896	-15738.4379434961	1	0.561595136183056	60	60	3600
-23288.4752236524	16015.8778329888	1	1.80624135165815	60	60	1800
-21019.7956897174	-26262.8283679588	1	0.286116981081316	60	60	2700
947.415943148785	28004.0999514485	1	1.94222981742439	60	60	2700
25472.2239421527	12577.9598283027	1	1.7667883806334	60	60	1800
-29177.2263066537	23937.8839293342	1	1.50545842030767	60	60	1800
-12251.5320778268	-15067.5630996906	1	1.07098239652621	60	60	1800
5258.26474978607	27809.8542870489	1	0.169085205472818	60	60	1800
4040.12062977632	-1106.4396159799	1	1.1589075746532	60	60	2700
-12843.2070089847	-5334.04007647356	1	1.23541452865434	60	60	2700
14408.6479892489	13782.8343531431	1	1.44627197577189	60	60	2700
-21631.8804485529	11505.2254327154	1	1.81032215867281	60	60	3600
-621.579267917025	-298.597720473262	1	0.662457801315021	60	60	2700
20883.5106931255	27017.6159764125	1	1.9387072244676	60	60	1800
-12029.4728589459	-11265.7714080424	1	1.81616243670118	60	60	1800
-11175.3359614881	6028.48787400756	1	1.78284861861451	60	60	3600
-16622.1130811268	-28024.46357676	1	0.953995479861077	60	60	1800
28186.709106778	23982.344275516	1	1.84561134852301	60	60	3600
-15958.1173244124	-25922.2918833637	1	1.59907922640624	60	60	1800
-4101.19577090872	-2078.99707858833	1	0.845467840961252	60	60	2700
-29387.0699095872	7106.85440888001	1	0.544194407295805	60	60	2700
-6424.1853915784	26392.7668206358	1	1.85577648138138	60	60	2700
-19100.5240696981	14969.8767943324	1	0.106659721720377	60	60	2700
25305.8587897704	-1183.56261747263	1	0.777060042706047	60	60	1800
-4215.1763442564	5889.39332102833	1	1.82875571371455	60	60	1800
-10339.4936156641	22445.552197447	1	0.533333058196195	60	60	2700
8832.37863171478	-21028.6741080535	1	0.143334491296322	60	60	3600
-23017.3513168181	-10036.0767685867	1	1.60799559434157	60	60	1800
31090.5174998226	13896.3487589857	1	0.172635550605895	60	60	2700
-19685.4987753166	29420.655545353	1	0.411846736126837	60	60	3600
11865.9895455781	22464.1956675698	1	0.0824568621808646	60	60	3600
-15184.7586220273	12726.7750518285	1	1.12638996938136	60	60	3600
-6535.73631819499	-24699.5201970383	1	0.503194786337114	60	60	3600
-24663.037068974	-15523.6236760238	1	1.97458424599946	60	60	3600
-10288.096587922	-9508.99950099427	1	1.66640293135086	60	60	1800
15503.9292436189	-26513.5280122622	1	1.93628487067451	60	60	1800
25609.8580004534	-31908.0536740716	1	1.58916320995636	60	60	2700
-30550.8105604742	-10762.193866399	1	1.51180503746955	60	60	3600
23115.5792160757	-9007.62466959255	1	0.0173985845234735	60	60	1800
-24429.8226506616	25918.443260227	1	0.474027462323503	60	60	2700
-15925.7779502395	-29314.4379998446	1	0.116033850297384	60	60	3600
31019.9473063503	10949.6100337556	1	1.27323010282082	60	60	1800
29784.4757082252	-26375.8825672851	1	0.376422567709975	60	60	2700
22871.9766439246	10303.31579449	1	1.45851815445767	60	60	1800
-21596.5368587144	-11742.1960713762	1	1.54314329435843	60	60	1800
10408.4289188833	-14063.7676455789	1	1.51783597767654	60	60	2700
12789.5348039757	-23098.4212398898	1	1.73141266406541	60	60	1800
8725.3852795322	-1714.2592066033	1	0.114280904397193	60	60	1800
14161.8693059422	13723.9624695734	1	0.203895098904706	60	60	1800
-5046.30529616654	8081.38593485476	1	1.94373728536239	60	60	2700
6312.563073366	-9138.81646759194	1	0.461998926283058	60	60	1800
12001.2819399026	-17974.4084900638	1	0.538142711969669	60	60	2700
-16066.1715704723	-28518.363579467	1	0.661316716345957	60	60	3600
-21907.2632077142	-20277.446405128	1	0.553431305789594	60	60	3600
-14488.0266615399	-24184.8877193286	1	0.974269345485322	60	60	3600
16233.5787538908	12647.4216263706	1	0.169679035755813	60	60	2700
2146.31686634525	-14649.0667072349	1	0.346237895680223	60	60	1800
9504.77909191181	-21202.4052130063	1	0.744496497840697	60	60	3600
25607.8249417346	-24802.911408882	1	0.646811147948948	60	60	3600
6471.70167368629	-5410.11510230623	1	0.522361408256756	60	60	3600
-8351.65559711205	-10046.2576786565	1	0.382698125227835	60	60	2700
-30327.7592363692	-12676.4028114605	1	1.30472225019149	60	60	2700
7424.56352018115	-19610.3759858146	1	1.96965052159514	60	60	3600
17771.1065131367	16756.9907947439	1	1.61179643370931	60	60	1800
-5700.25104060529	1479.22211477996	1	1.6103089869321	60	60	3600
-22217.7695100158	27781.1385665887	1	1.30340866521262	60	60	3600
8915.58269678245	-29501.5485077527	1	0.242336585775312	60	60	3600
26041.971628764	19538.7341567102	1	1.92913537661985	60	60	3600
7635.2175643677	7924.216175453	1	1.34457833608682	60	60	1800
10536.6928869053	2875.84009827448	1	1.50553189492757	60	60	3600
-9748.76936580042	23462.3087786044	1	0.663968018788436	60	60	3600
14398.9435977448	-15184.5954777182	1	0.313313963404621	60	60	2700
29637.5051393649	-10210.6396422974	1	1.78344621196019	60	60	1800
22846.9161533385	-17939.6814746196	1	1.0629476833501	60	60	1800
-18588.0485025848	-24366.7796505775	1	1.60349049367094	60	60	2700
30938.632528074	14802.9105109253	1	1.27934009271263	60	60	1800
25173.6176985384	10751.450277085	1	1.49582885263327	60	60	1800
22368.7836681919	-26298.0168757321	1	1.59721742597481	60	60	3600
17450.5078183036	-9370.78345636744	1	1.99952754028184	60	60	2700
26014.9742121628	-15478.9885430435	1	0.847148380706331	60	60	2700
3998.46000312365	31149.0513133661	1	1.8120725936708	60	60	1800
-20617.9368010432	16883.4035128791	1	0.110262877136239	60	60	2700
6374.03219517662	27882.7404631602	1	1.13504232108584	60	60	3600
2074.6122749588	-25167.8639503472	1	1.72644495188574	60	60	3600
-15975.1032551911	-18949.6516887982	1	0.0405551561012124	60	60	3600
21349.3480818617	17185.6452713717	1	1.84770032706869	60	60	2700
-4552.87764722338	12762.7935011076	1	0.566571525758056	60	60	2700
-6599.22619608587	-28726.4664181537	1	0.175137629817493	60	60	3600
-7620.82539766865	4477.98124494171	1	1.54737810198881	60	60	3600
-20776.755940084	31009.8880613399	1	1.70663870527392	60	60	3600
22814.9188763679	-26675.240053634	1	1.90549481731855	60	60	1800
1471.34644843618	9433.73444661705	1	0.806087657296841	60	60	3600
-23312.3198277097	24936.5323933433	1	1.65545107039673	60	60	1800
18237.2277832738	15281.6724126807	1	0.648630444959563	60	60	2700
17016.9717341494	5278.6241877225	1	0.566822577699515	60	60	2700
30351.7036816879	31210.5703957302	1	0.634744504911478	60	60	3600
19714.1283741327	12714.2640567703	1	1.14861015218339	60	60	3600
15811.092355139	-12324.8979159405	1	0.907222978219303	60	60	1800
26593.9829020518	-2314.45678454079	1	0.626566236814815	60	60	3600
14536.5628936898	22003.7381158341	1	0.637686055091822	60	60	2700
-5328.72416277521	5420.85846920516	1	0.308369107323202	60	60	2700
16727.6019604702	-20810.2609169608	1	0.299086073860795	60	60	3600
31317.1783474352	-7361.43948152921	1	0.969398864597288	60	60	2700
4193.04686116174	19729.1780320501	1	1.58154397307878	60	60	1800
6925.78167198067	6924.13124871363	1	1.77494596193363	60	60	1800
-20884.067518863	29872.1986085928	1	0.971441144013555	60	60	3600
25749.9373972884	24438.0463158711	1	1.78625415428635	60	60	2700
-21031.8081505654	8157.86555784651	1	0.0125962406900296	60	60	3600
23670.2223416838	-8975.65320858786	1	0.228967633872279	60	60	3600
-32072.2437028073	29655.2750868953	1	0.541453457342334	60	60	3600
30253.5584807871	14049.3454095992	1	1.53190078163944	60	60	2700
10013.2552162322	-23232.3347796353	1	1.81453908273965	60	60	1800
-22978.350669509	-13530.6736601168	1	0.942744163601224	60	60	1800
-27535.1555823025	-19978.0862976037	1	1.57628110303846	60	60	2700
-12084.1852404522	6153.78575401713	1	0.863725801138114	60	60	1800
-1997.3248487171	15098.112641129	1	0.346527788503066	60	60	2700
19851.1847744333	2383.15963917251	1	1.12852121195706	60	60	2700
27100.7169169406	11116.8941839361	1	0.622687796045055	60	60	3600
-16258.8670803591	4348.64280650173	1	0.575532145038323	60	60	1800
17871.3229013552	-11553.7817599562	1	0.902334431920411	60	60	1800
-7534.95882700351	-10013.9625858108	1	1.71330632610564	60	60	1800
1325.24638608072	30228.1101822759	1	1.80559080438768	60	60	2700
-21519.4350333654	5948.56445722502	1	0.830228241202788	60	60	1800
-20078.8097080566	11912.60691315	1	0.800751639372248	60	60	3600
-931.863720410727	26157.582155514	1	1.97486884812214	60	60	1800
27806.0202207252	28113.2289770456	1	0.866592132761466	60	60	1800
27182.0436205291	-11217.2061023669	1	1.7584223047849	60	60	1800
-27163.1726060483	9437.65980441481	1	1.3410580795796	60	60	3600
10626.6225449343	-2180.69756539027	1	1.98544402856206	60	60	2700
7146.90422397817	24522.0269134131	1	1.24780890021156	60	60	1800
-8571.08931496527	-3546.62959062053	1	0.230003049084114	60	60	2700
-31151.3275192872	-31191.812500666	1	1.04614414544915	60	60	3600
1136.66702536337	30411.896663641	1	0.37509811620608	60	60	2700
16644.6268160038	32172.6653500983	1	0.231963128354762	60	60	3600
-31020.4248603599	28962.4431349281	1	1.25141767301039	60	60	3600
19495.4763031916	-20426.9983097173	1	1.78113475534491	60	60	2700
5087.54478932864	-15262.3445742881	1	1.38594187123217	60	60	3600
9405.75694832701	-26559.4608260999	1	1.82066585424209	60	60	1800
-141.731139160582	863.694248961773	1	0.756682452573075	60	60	3600
-12059.8161692235	2767.08673791657	1	0.808931531205398	60	60	1800
-22969.8523563766	19824.8757330843	1	1.52906031614461	60	60	2700
18733.990600784	2386.39176057281	1	0.948635838579577	60	60	1800
30264.4043014599	-9177.52441111924	1	0.0135463334438682	60	60	2700
698.549831013492	15639.421799559	1	1.78032527082828	60	60	1800
-4295.83961232359	8725.58399998915	1	0.554464732524563	60	60	2700
-16744.5726622505	29436.5017157993	1	0.551075334752195	60	60	3600
-31058.0704325642	6871.04994478968	1	1.00665548423852	60	60	3600
-8306.16755924746	-21881.4952450609	1	0.995350451360566	60	60	1800
-9790.85127617212	-27023.2092449187	1	1.3091004205601	60	60	1800
-27308.4653766846	-10523.652104115	1	0.014322884360575	60	60	3600
-30092.2066012619	21485.8859635007	1	1.81034122531008	60	60	2700
-16119.2393857477	14489.5471354124	1	0.534520295156567	60	60	3600
-30795.7293601959	481.339043526865	1	1.38106712740156	60	60	1800
25243.516806477	-9798.49452138639	1	1.56680171530674	60	60	3600
26989.8955555116	14262.0826852696	1	0.766858937777314	60	60	1800
7181.33782042784	5242.11210371228	1	0.436437162497249	60	60	3600
-3468.85120469458	14439.9866092647	1	0.784464495813004	60	60	3600
31131.8252285032	-16433.2456321503	1	0.539935884812473	60	60	3600
-27511.8002133992	-8657.43313545921	1	0.222169307353967	60	60	1800
14510.6944033375	16240.7502922272	1	1.71451541543889	60	60	1800
-25841.2701192934	18704.1039138599	1	0.79822453263161	60	60	1800
-21968.2151402518	19358.8258413011	1	0.266035237110127	60	60	3600
-15069.2474606026	7534.45209280052	1	1.84883174087414	60	60	1800
-10012.5947355566	-12260.5800634029	1	0.238016861314459	60	60	3600
4924.21951788984	2619.09233902048	1	0.732257059213882	60	60	3600
13295.0264583374	22102.2231304267	1	0.0223832158125295	60	60	3600
-11388.0850800388	-13420.2670136198	1	1.63967017887723	60	60	1800
-31508.4112710364	1152.1139209895	1	1.55055306187296	60	60	2700
-26023.2550682513	29194.5386397839	1	1.559617917536	60	60	3600
4883.40268345485	25197.3519917524	1	1.07774231957994	60	60	1800
30049.932397447	-20982.0458940569	1	0.362345216082027	60	60	3600
-2028.41958408939	-31713.9504336377	1	0.621955991590829	60	60	2700
-3394.50871241327	11005.7012472659	1	1.71237204100241	60	60	3600
5755.63177029729	-28656.8122484173	1	1.04477334708375	60	60	2700
30981.2776746925	13206.9570576048	1	0.2174359056507	60	60	3600
-27566.9380362146	-3748.96978248764	1	0.47582665014025	60	60	1800
-30984.37192385	17930.6158391317	1	1.03450353018178	60	60	3600
2396.51137273648	19683.3329105569	1	0.808895789166864	60	60	1800
-3241.05026502818	11632.6281985849	1	0.909989016446934	60	60	1800
22303.9619068306	-7916.59351105543	1	1.08415014971488	60	60	2700
-10466.7311058477	19260.4704037028	1	0.528170240850236	60	60	1800
-18403.2780367947	-22722.4017743514	1	1.63783853260785	60	60	1800
28070.7043173443	19592.4566299871	1	0.911931710191854	60	60	2700
967.556406139626	-16556.3019296077	1	1.96331252722403	60	60	3600
-28506.5588490631	-407.172898965548	1	0.335455407072279	60	60	3600
-15703.7838861442	-3599.3435490858	1	1.42332615150646	60	60	3600
-22601.3084834497	-17358.9313642219	1	0.486113690145293	60	60	2700
24335.5651007183	-25048.5148383918	1	0.512562371158287	60	60	3600
24758.6021596586	10786.4712989513	1	1.37894058554677	60	60	1800
14195.7363576469	8266.2648904513	1	0.27217928250461	60	60	1800
-32156.4412864904	-30634.2224582914	1	1.15198450733963	60	60	1800
-1158.84976572214	-26693.4519972017	1	0.956596754013513	60	60	1800
-23135.7184016699	2605.87054512144	1	1.07297816367076	60	60	3600
-9979.02424111753	-8845.26000977264	1	1.84435705565092	60	60	3600
22325.9548142483	-20861.8578400506	1	1.0512865953041	60	60	1800
-3742.44047968657	9795.87037316628	1	0.362318216279948	60	60	3600
-30547.4627660675	3564.42819446967	1	1.5475236690035	60	60	3600
11246.1470468079	-2650.23503790283	1	0.433534436331947	60	60	3600
26949.8374133113	23162.8799390473	1	0.486282136741859	60	60	3600
-5627.04562162667	-7650.25163017368	1	1.60157331503597	60	60	2700
30683.0987662299	-874.064338120906	1	1.89844211142704	60	60	2700
23921.5798783867	26034.0339264395	1	1.92471433086402	60	60	3600
-23328.3474243008	6824.44060227991	1	1.01001708266693	60	60	1800
8445.062839277	-16465.1313496659	1	0.0406478341293879	60	60	2700
-20747.4185113159	8870.38419716494	1	0.261521968975586	60	60	2700
-7736.50827314543	-14380.071015887	1	1.71371249997695	60	60	2700
-14219.5342148168	15282.3474280527	1	1.90571284793279	60	60	3600
29707.7362211045	-3658.30005996501	1	0.466636219468006	60	60	3600
-23110.4747255025	10386.7778847772	1	0.608413695793339	60	60	3600
-24074.4475247361	-30607.0832276924	1	0.20073233516466	60	60	1800
-97.8656998925305	7866.52630451257	1	0.462879468568505	60	60	2700
-10260.0981356896	14833.1130013948	1	1.65974925850143	60	60	2700
13015.9219950475	10317.0999334553	1	1.4247430991942	60	60	1800
10917.7675627635	2623.67955986852	1	0.0517896703353436	60	60	3600
-17787.5976551359	-22211.263512165	1	1.62702923873119	60	60	3600
-17111.8677891937	10230.4092468721	1	0.308465740282447	60	60	2700
2055.58375773069	8000.10592741869	1	1.09038580022865	60	60	2700
-6608.36165669909	5517.10769010262	1	1.90259148231526	60	60	3600
14585.1515782891	-793.741529533824	1	1.60549564048677	60	60	1800
-21.5583880873035	-3528.91531360054	1	1.57585510132361	60	60	2700
23813.4535184408	8736.87900031198	1	1.4294774120225	60	60	1800
31211.6650387477	-4087.53305630697	1	0.165738977811408	60	60	1800
19824.3047021207	3876.80352215768	1	1.1266569054644	60	60	3600
28408.1359591508	12662.736300121	1	0.0727579163636891	60	60	2700
-24361.2176093186	-30473.6457102232	1	0.584869877380127	60	60	2700
-2832.2339323537	19724.8951628913	1	0.679274575244018	60	60	3600
-3244.34308160138	-24525.5804955154	1	1.71786799034082	60	60	1800
-27532.8677213628	-24610.3513587	1	1.63590130981982	60	60	1800
-24603.3279497904	21968.6727237794	1	1.60423690627167	60	60	1800
8771.63360209911	5225.96635059161	1	1.84836204333249	60	60	1800
-1902.63872207501	-17348.529705863	1	0.731041115111448	60	60	3600
29556.1043988119	-19158.9009818661	1	0.994520263202968	60	60	1800
1945.12198439056	9622.9591309979	1	1.8450078889462	60	60	2700
-23959.0530971801	27928.1509464896	1	1.4395260987695	60	60	2700
20469.3522709129	2780.48175882287	1	1.79474142402443	60	60	1800
2537.35769604377	5431.72910490126	1	0.351802473756156	60	60	2700
21924.6620450797	-24896.570215189	1	1.49705295280556	60	60	1800
-22373.5347144528	26835.2367240749	1	1.58149624795715	60	60	2700
12873.2485522525	-8196.81630314371	1	0.971988261608337	60	60	2700
-21206.3808333804	18699.9724004122	1	1.6291064424872	60	60	2700
30588.0425724027	27270.0963854909	1	0.848777661438675	60	60	3600
14504.9277021663	27154.9334110317	1	0.945829395768458	60	60	2700
-273.32012930148	29519.571841642	1	1.19035132967347	60	60	3600
-29894.4332232912	-28504.735974973	1	0.547372256853941	60	60	1800
-20575.7790934191	-22742.233659024	1	1.92741477569396	60	60	1800
14723.020676638	-11372.1309766316	1	1.70634415465717	60	60	1800
-32052.3362627532	-21444.6997052906	1	0.901791204453578	60	60	2700
15654.1429809308	9540.42594737369	1	1.72838991003445	60	60	1800
27052.5392225394	32029.5279625838	1	0.0810761570075975	60	60	2700
-9846.20128160246	-9009.63487988348	1	0.213414147096769	60	60	1800
18173.9085831598	-13773.4601027711	1	0.810785341211754	60	60	2700
-26303.2787287171	-13702.8635622541	1	1.31535162047793	60	60	1800
7231.20627620961	-2566.97535222083	1	0.370973053085628	60	60	1800
19384.9245017994	-6324.16199052628	1	1.94618051932904	60	60	3600
-20309.4656995631	28759.5993803287	1	0.475048329922899	60	60	1800
-26314.8877779447	24791.0602439005	1	1.87012108431338	60	60	3600
-2267.42281646376	-23778.5988938472	1	0.0874007734593799	60	60	1800
24398.4943327723	28515.3504514141	1	1.45024043369354	60	60	2700
-22314.9344351285	-23122.3377887011	1	1.80302530121245	60	60	3600
-4405.4259802214	21775.4474870354	1	1.93978789965692	60	60	2700
17314.823530826	-4744.37048140114	1	0.820956865694965	60	60	2700
2583.47478092604	18277.2581891889	1	1.1050109096706	60	60	2700
13097.7389125231	25475.6144977973	1	1.94391488583511	60	60	1800
23243.2997009977	14934.9622574367	1	0.852163966728613	60	60	3600
-13244.7350865077	-11915.0364829507	1	0.778625649693142	60	60	2700
4562.94064816792	-2651.21759326196	1	0.753911933070578	60	60	2700
-20275.7694661729	-22313.3585056072	1	0.443901352663601	60	60	3600
-30596.3492994578	13690.5876307093	1	1.90266139171782	60	60	2700
-29255.1180618269	-16206.5547628491	1	0.261945756911247	60	60	2700
13294.9724912297	17732.361553367	1	0.197463768138477	60	60	1800
-1732.15738288115	27592.8401845312	1	0.354757395602877	60	60	1800
-19414.4061623963	11809.5169899862	1	1.49358061396782	60	60	3600
-5942.1478198114	29957.370126189	1	1.85911369720302	60	60	1800
10043.8220572194	-15169.5488558095	1	1.75217434093419	60	60	2700
-8637.6128565892	3257.30504275315	1	0.211530800149141	60	60	2700
-3175.44705270431	-28798.2678680505	1	1.64653594599315	60	60	1800
-5738.07786662148	6246.21208148901	1	0.353540180948077	60	60	2700
22376.8581407993	22038.1600982223	1	1.08732305563369	60	60	1800
-17660.0340208964	25002.9166053465	1	0.504767887162299	60	60	3600
12920.4507761333	-21106.086651154	1	0.128531938371948	60	60	3600
-13104.2510347933	-12279.5222515035	1	1.90962961791204	60	60	3600
13431.5127995284	-4356.74705802703	1	1.42603308877753	60	60	2700
20653.3070146678	20692.8404416148	1	0.694317725233569	60	60	3600
7202.62794992192	20229.7650213783	1	1.85775974151274	60	60	3600
-31520.006559524	20567.9097427883	1	0.255992478595355	60	60	1800
-25199.3686842107	17539.4491163486	1	1.1335800523611	60	60	3600
-9314.16272471745	-24732.73247246	1	0.638215083082789	60	60	2700
-2850.55597270658	-190.121513321889	1	0.253651050775646	60	60	2700
881.479087362905	-14626.5493272361	1	1.72829456807233	60	60	2700
10822.8091620519	-12291.9396131442	1	0.768718935472778	60	60	2700
-19085.0991398796	21071.4168987996	1	0.756256849585259	60	60	2700
-13746.8141108817	16052.3211187643	1	1.01695035809119	60	60	2700
19447.557578846	21655.2681951592	1	1.98935611301931	60	60	3600
24612.8798344897	-16945.4132458516	1	1.77056313778565	60	60	3600
27956.6392355869	-21570.6282416137	1	0.959180175568808	60	60	2700
-23802.1402378728	15165.2150000922	1	1.54929260027929	60	60	1800
-12148.2885630589	-2064.14404991043	1	1.05042576498786	60	60	1800
28570.6787400403	-7307.20608055829	1	0.18038411833406	60	60	3600
25481.2016459396	-3189.04216019293	1	0.235807117713018	60	60	1800
31464.2666696862	25039.3389216417	1	0.94539086278837	60	60	1800
28703.6129980074	-26182.3343963353	1	0.194968694362143	60	60	1800
27790.8419312955	-16468.1767291251	1	0.0949285115128474	60	60	3600
8160.27054216378	30949.2484816592	1	1.94422096473542	60	60	2700
-11295.3596804033	3064.97287428759	1	0.329238424831079	60	60	2700
-15098.0915475708	7896.32281797169	1	0.284919132134628	60	60	1800
31271.7363499424	-4425.06971275553	1	1.73962904533274	60	60	2700
29515.7021621819	27774.0379161874	1	0.104143642449003	60	60	2700
23104.9347536914	29077.9336440219	1	1.94144686529916	60	60	3600
16890.037338168	-16259.6667488344	1	1.56640183703363	60	60	1800
21278.8343803631	-4171.90961794661	1	0.928789302559476	60	60	1800
17082.2313177275	-22086.3509613566	1	0.0930472453644079	60	60	3600
22698.1871292024	8784.71935797967	1	1.73360295351424	60	60	3600
-27911.4202885606	32172.1184101859	1	1.96357335998999	60	60	1800
1120.93941068677	3832.91303479912	1	0.234401630415076	60	60	1800
-3677.2124026467	-25084.5944831272	1	1.64124204984988	60	60	1800
10534.1614849274	-14011.9094946404	1	1.0810328384048	60	60	3600
15539.6022277041	-30592.0703509451	1	1.75366931519162	60	60	2700
28116.4623278793	15626.5146072713	1	1.20564549118151	60	60	1800
10937.8525272228	18039.0245610677	1	0.16886739583041	60	60	3600
7300.29564389366	21901.0208166106	1	1.68340587662574	60	60	3600
27286.1655295117	-15697.0474265445	1	1.88529554804613	60	60	3600
-16674.6051721266	9825.64442177185	1	0.178049786326177	60	60	1800
9499.22664947251	15618.0889325518	1	1.0676222914168	60	60	3600
-30774.7427367089	-30910.8734601129	1	0.0417446898162455	60	60	1800
7959.99440982603	-30658.26356687	1	1.79415432747023	60	60	3600
-23494.7928050843	-7135.03411343326	1	1.90992695565641	60	60	1800
-9964.30661711459	-12623.033012013	1	1.93493929005552	60	60	2700
17837.9460866642	-19777.0766083535	1	0.786197172522292	60	60	3600
11025.9820986652	-24631.010654753	1	1.52067663164834	60	60	2700
7039.10192185394	7837.6210275843	1	1.93370400948859	60	60	2700
-27972.4228969268	16818.7168251531	1	0.792425733943994	60	60	2700
-7346.32689887194	-368.926219078208	1	0.768363790481751	60	60	1800
-5537.69230962335	-22952.0776692574	1	1.10669149415787	60	60	2700
-20410.7237262327	-5631.04983832564	1	0.689936255303729	60	60	2700
32057.71824709	-7397.41868510234	1	0.137318174342055	60	60	3600
-24486.82382643	13760.2793282059	1	1.75925224747407	60	60	3600
5344.43445496182	15038.8719601001	1	1.9173117015473	60	60	3600
4217.72303904463	-9514.25168038912	1	0.0604826678897115	60	60	1800
-28226.7726867421	1085.27531969991	1	0.937931213337092	60	60	2700
23188.8484256859	-9674.73049469561	1	1.52945132291742	60	60	1800
9828.89753473662	-19124.1870843213	1	0.807512153365766	60	60	1800
-31054.2662284467	-4462.4308083255	1	0.959573438134083	60	60	2700
-3101.89235688117	14966.6318040417	1	1.90835131396824	60	60	1800
-28824.8784208868	22127.77104893	1	0.983601673999666	60	60	2700
-4555.74578092488	-30577.3781290689	1	0.970029075482527	60	60	2700
-19413.5839535924	22546.5026093132	1	0.778562858354436	60	60	3600
3363.9662190829	21865.8957863546	1	0.199574236103316	60	60	3600
-6597.2641403663	-6226.19739423035	1	0.965555182094697	60	60	3600
31549.049832644	-6405.40487498334	1	0.843580109172893	60	60	3600
28862.8379119703	19106.1797259738	1	0.227070595976327	60	60	2700
-19788.2044702858	-28919.6908559683	1	0.595744782236866	60	60	2700
17469.0880178114	-17723.9096943502	1	1.296424613127	60	60	3600
-5346.05365292567	-23593.9901901396	1	1.25374692972519	60	60	1800
1615.74191797928	-24756.110004376	1	0.213710643472087	60	60	3600
