id x_km y_km x_m y_m dronable demand_kg drone_service_sec truck_service_sec deadline_sec
1 4.522476 5.724659 4522.475578 5724.659133 1 0.59 60 60 2700
2 4.865638 -1.858816 4865.637983 -1858.816062 0 7.65 60 60 1800
3 0.558220 7.157744 558.220246 7157.743824 1 4.81 60 60 2700
4 7.483127 -5.702398 7483.127344 -5702.398475 0 7.77 60 60 3600
5 3.067837 3.851595 3067.836895 3851.595390 1 2.57 60 60 1800
6 5.171795 -4.956453 5171.794543 -4956.452892 1 1.13 60 60 2700
7 3.105215 -9.767482 3105.215020 -9767.481961 1 3.00 60 60 3600
8 -6.001925 2.892832 -6001.924652 2892.831952 1 3.52 60 60 2700
9 -1.306842 4.224182 -1306.841566 4224.181707 1 4.08 60 60 1800
10 -5.126401 -5.642299 -5126.400798 -5642.298754 1 4.10 60 60 2700
11 9.770920 4.625545 9770.920445 4625.545298 1 1.23 60 60 3600
12 -1.460517 -0.164175 -1460.517252 -164.174877 1 4.74 60 60 1800
13 7.137851 -4.026111 7137.850741 -4026.110978 0 8.41 60 60 2700
14 -0.255225 1.176179 -255.224975 1176.179327 1 1.00 60 60 1800
15 4.735089 3.906832 4735.089058 3906.831618 1 0.96 60 60 1800
16 -2.905883 9.541897 -2905.883237 9541.896716 0 9.33 60 60 3600
17 -7.873751 -5.973271 -7873.751364 -5973.271214 1 0.70 60 60 3600
18 -5.336082 9.466545 -5336.081671 9466.544852 1 2.09 60 60 3600
19 6.216716 2.769063 6216.715992 2769.063410 1 1.21 60 60 2700
20 8.137268 3.675730 8137.267702 3675.729561 1 0.61 60 60 2700
21 0.854099 -4.694980 854.099130 -4694.979707 1 4.37 60 60 1800
22 1.308321 -8.930855 1308.320722 -8930.854666 0 9.36 60 60 2700
23 -9.109474 -0.279785 -9109.474356 -279.785185 1 3.80 60 60 2700
24 -8.376892 7.069413 -8376.892348 7069.412760 1 0.67 60 60 3600
25 6.082762 -8.348877 6082.761685 -8348.876566 0 6.33 60 60 3600
26 -7.651443 1.662412 -7651.442907 1662.411692 1 4.51 60 60 2700
27 4.617576 0.534543 4617.576141 534.542557 1 4.98 60 60 1800
28 -4.326665 -9.572154 -4326.664991 -9572.154433 1 3.66 60 60 3600
29 -1.887567 -3.115724 -1887.566857 -3115.723675 0 5.72 60 60 1800
30 -8.767897 -5.683187 -8767.896539 -5683.187356 1 4.55 60 60 3600
31 7.760185 -9.667065 7760.184625 -9667.064653 1 1.66 60 60 3600
32 2.568689 -6.062708 2568.689291 -6062.708213 1 0.51 60 60 1800
33 -6.611898 8.760183 -6611.897608 8760.183328 0 7.51 60 60 3600
34 7.672048 -0.046862 7672.048080 -46.862057 1 0.66 60 60 2700
35 5.281334 4.312366 5281.333992 4312.366327 1 2.40 60 60 2700
36 -0.812423 -9.557862 -812.422578 -9557.862345 1 1.60 60 60 3600
37 -6.545730 7.489022 -6545.729666 7489.021551 1 3.77 60 60 3600
38 -8.730551 -6.790516 -8730.551303 -6790.516156 1 2.19 60 60 3600
39 8.274127 -2.244346 8274.126566 -2244.346415 1 3.84 60 60 2700
40 -7.359856 -8.762304 -7359.856016 -8762.303602 0 6.67 60 60 3600
41 2.538353 0.750006 2538.352757 750.005693 1 3.68 60 60 1800
42 -4.140265 -4.997668 -4140.265067 -4997.668033 1 3.38 60 60 1800
43 2.108965 5.712253 2108.964827 5712.253276 1 2.33 60 60 1800
44 -7.665275 -5.181919 -7665.274551 -5181.919090 0 6.58 60 60 3600
45 6.391457 -2.605599 6391.457251 -2605.598991 1 3.13 60 60 2700
46 -4.331134 7.858904 -4331.133670 7858.903581 1 3.44 60 60 2700
47 6.147097 6.592641 6147.096646 6592.641292 1 2.63 60 60 2700
48 -6.050638 -1.129741 -6050.638249 -1129.741275 1 1.85 60 60 1800
49 5.011478 9.421315 5011.477664 9421.314563 1 1.02 60 60 3600
50 -1.454983 -2.516690 -1454.983016 -2516.690193 1 0.74 60 60 1800
51 6.827535 1.438388 6827.535332 1438.388244 1 0.53 60 60 2700
52 6.057349 -7.051082 6057.348533 -7051.082014 1 2.35 60 60 3600
53 -5.906826 -5.890081 -5906.826357 -5890.081164 0 7.17 60 60 2700
54 -6.535842 -2.234159 -6535.841920 -2234.158534 0 6.07 60 60 2700
55 -2.268085 -8.967400 -2268.084844 -8967.400223 1 4.08 60 60 3600
56 -6.042267 -2.930951 -6042.267383 -2930.950955 0 6.10 60 60 2700
57 -7.877965 -4.434347 -7877.964831 -4434.346854 1 3.85 60 60 2700
58 3.829221 4.616302 3829.220619 4616.302124 1 2.82 60 60 1800
59 7.874252 0.920398 7874.252370 920.398109 1 2.80 60 60 2700
60 -1.901519 9.819620 -1901.518796 9819.620178 1 4.55 60 60 3600
61 -8.757110 9.982676 -8757.109790 9982.675856 0 7.34 60 60 3600
62 -7.340130 -7.380208 -7340.130257 -7380.207849 0 8.11 60 60 3600
63 0.877420 9.073001 877.419633 9073.001054 1 2.59 60 60 2700
64 5.466644 7.997311 5466.644480 7997.310618 1 1.21 60 60 3600
65 -6.683250 5.521362 -6683.249921 5521.361613 0 9.73 60 60 2700
66 -3.402232 1.827743 -3402.231553 1827.743484 0 9.95 60 60 1800
67 -5.561057 -7.801812 -5561.057101 -7801.812124 1 1.33 60 60 3600
68 -4.564897 3.086747 -4564.897172 3086.747403 0 8.89 60 60 1800
69 6.186085 1.048547 6186.085357 1048.546915 1 2.23 60 60 1800
70 2.911175 7.932015 2911.174763 7932.015046 1 2.91 60 60 2700
71 6.543660 8.500438 6543.660450 8500.437517 1 2.21 60 60 3600
72 -1.696462 7.210923 -1696.461637 7210.922951 1 2.13 60 60 2700
73 3.235898 4.338944 3235.898480 4338.943621 1 3.39 60 60 1800
74 4.330882 9.058793 4330.881972 9058.792768 1 2.90 60 60 3600
75 -5.957300 -2.223634 -5957.300232 -2223.634195 1 4.27 60 60 1800
76 -1.700801 -8.847569 -1700.800875 -8847.569436 1 4.59 60 60 2700
77 -7.811932 -1.824285 -7811.931960 -1824.285441 0 8.34 60 60 2700
78 -4.933984 -1.512256 -4933.983663 -1512.255785 1 4.81 60 60 1800
79 3.494438 2.317261 3494.437567 2317.261087 1 2.80 60 60 1800
80 -8.745951 -3.599205 -8745.950540 -3599.205316 1 2.18 60 60 3600
81 -8.034324 2.572188 -8034.324261 2572.187898 1 1.68 60 60 2700
82 1.006435 5.284503 1006.435050 5284.503028 1 4.76 60 60 1800
83 -0.396494 2.299235 -396.493828 2299.235147 1 4.16 60 60 1800
84 -1.068987 -8.599872 -1068.987257 -8599.872020 1 1.36 60 60 2700
85 7.902757 2.995435 7902.756973 2995.434628 1 2.18 60 60 2700
86 -7.666360 7.572018 -7666.360326 7572.018306 1 4.51 60 60 3600
87 0.338976 -4.111022 338.976345 -4111.022063 1 1.28 60 60 1800
88 2.451212 3.336177 2451.212283 3336.177343 0 5.45 60 60 1800
89 3.082287 -8.961365 3082.287185 -8961.365088 1 3.47 60 60 3600
90 1.761210 -4.272603 1761.209962 -4272.603451 1 0.85 60 60 1800
91 -7.866772 3.950957 -7866.772244 3950.956819 1 4.48 60 60 2700
92 -2.879001 6.676772 -2879.000626 6676.772487 1 3.01 60 60 2700
93 7.722718 -1.588845 7722.718452 -1588.845491 1 2.95 60 60 2700
94 8.007056 -7.158962 8007.056371 -7158.962241 0 6.64 60 60 3600
95 7.980922 -3.444813 7980.922317 -3444.812593 1 1.28 60 60 2700
96 -0.337483 7.745096 -337.482597 7745.095638 0 7.74 60 60 2700
97 6.708843 3.204441 6708.842810 3204.441377 1 1.70 60 60 2700
98 9.107636 -0.784611 9107.635784 -784.611496 0 7.81 60 60 2700
99 -5.835269 -4.242525 -5835.269131 -4242.524802 1 4.87 60 60 2700
100 -0.984289 -1.148669 -984.289484 -1148.668731 0 7.60 60 60 1800
101 1.056104 0.676080 1056.103885 676.080479 1 2.62 60 60 1800
102 4.244853 1.544111 4244.852881 1544.111119 1 1.98 60 60 1800
103 3.617324 0.242665 3617.323593 242.665238 1 4.87 60 60 1800
104 5.267449 -1.301810 5267.448982 -1301.810231 0 8.84 60 60 1800
105 -5.530775 -4.872056 -5530.775112 -4872.055601 1 1.40 60 60 2700
106 -7.127610 9.082434 -7127.610107 9082.434268 1 2.84 60 60 3600
107 -3.495934 9.244414 -3495.934246 9244.413918 1 3.48 60 60 3600
108 -1.946764 8.361266 -1946.764394 8361.265972 1 3.88 60 60 2700
109 0.925089 -6.074757 925.088678 -6074.757432 1 3.61 60 60 1800
110 4.951544 8.507866 4951.544165 8507.866154 1 3.17 60 60 3600
111 8.518605 1.261986 8518.605437 1261.986173 1 3.45 60 60 2700
112 9.268606 0.322962 9268.606336 322.962000 0 5.40 60 60 3600
113 -9.291980 6.918551 -9291.980162 6918.550938 1 4.55 60 60 3600
114 4.622337 -8.484012 4622.336689 -8484.012050 1 1.57 60 60 3600
115 -4.007930 6.595656 -4007.930403 6595.655562 0 7.99 60 60 2700
116 9.600372 2.633082 9600.372394 2633.081790 1 2.62 60 60 3600
117 8.211469 6.032428 8211.468598 6032.427679 1 1.84 60 60 3600
118 1.383810 1.195491 1383.810043 1195.491099 1 3.67 60 60 1800
119 2.641321 -1.579755 2641.321183 -1579.755015 1 2.95 60 60 1800
120 -9.724655 8.606827 -9724.655410 8606.827136 1 1.32 60 60 3600
121 -8.855794 -8.393464 -8855.793540 -8393.463546 1 1.02 60 60 3600
122 4.924576 -3.892766 4924.575600 -3892.765985 0 7.87 60 60 1800
123 -4.855026 -3.858123 -4855.026113 -3858.122646 1 3.02 60 60 1800
124 9.830232 5.493450 9830.231916 5493.450177 1 0.65 60 60 3600
125 -7.753780 -7.777526 -7753.780375 -7777.525545 1 0.62 60 60 3600
126 -9.987257 -8.530860 -9987.256593 -8530.860300 1 3.92 60 60 3600
127 1.745871 8.931446 1745.870540 8931.446296 1 1.67 60 60 2700
128 -9.407898 2.053576 -9407.898137 2053.575950 1 3.52 60 60 3600
129 -2.184032 -6.100397 -2184.031503 -6100.397041 1 4.97 60 60 1800
130 1.124486 -0.267784 1124.486154 -267.783539 0 6.46 60 60 1800
131 6.396453 -1.009941 6396.452989 -1009.940539 0 7.56 60 60 1800
132 -8.012142 6.189351 -8012.142025 6189.350682 1 3.40 60 60 3600
133 -2.852462 -1.894780 -2852.461505 -1894.779980 0 8.43 60 60 1800
134 -0.918239 8.519247 -918.238776 8519.246619 1 2.98 60 60 2700
135 2.102552 -9.339317 2102.551589 -9339.316529 1 3.43 60 60 3600
136 8.394256 -5.073821 8394.255502 -5073.820854 1 4.21 60 60 3600
137 7.749706 7.002985 7749.706320 7002.985015 1 3.62 60 60 3600
138 -9.274721 4.199300 -9274.721071 4199.299651 1 1.47 60 60 3600
139 8.847740 4.857207 8847.740362 4857.206694 0 8.95 60 60 3600
140 1.840252 1.847915 1840.251980 1847.914828 1 4.73 60 60 1800
141 -9.488715 7.546330 -9488.715300 7546.330399 0 6.83 60 60 3600
142 6.591424 -5.427898 6591.423570 -5427.898484 1 4.03 60 60 2700
143 -8.403667 -1.917371 -8403.666981 -1917.370977 1 1.66 60 60 2700
144 -9.956560 5.824360 -9956.560045 5824.359853 1 4.99 60 60 3600
145 -9.618986 -0.221269 -9618.985507 -221.268584 1 4.28 60 60 3600
146 -2.653603 -7.748441 -2653.602979 -7748.440674 1 2.77 60 60 2700
147 4.051641 6.896828 4051.641241 6896.828224 1 2.90 60 60 2700
148 -1.209838 -4.158968 -1209.837802 -4158.967699 1 0.97 60 60 1800
149 -6.555688 3.483562 -6555.688194 3483.562465 1 2.24 60 60 2700
150 -5.656344 4.779161 -5656.343704 4779.161159 1 1.48 60 60 2700
151 3.366575 1.362470 3366.575359 1362.469731 1 3.21 60 60 1800
152 -3.300487 3.110854 -3300.486934 3110.854411 1 2.85 60 60 1800
153 -6.570727 2.183673 -6570.726535 2183.673265 1 1.41 60 60 2700
154 -6.494203 0.580204 -6494.202666 580.203812 0 7.32 60 60 1800
155 7.401372 -6.526652 7401.372238 -6526.651606 1 2.68 60 60 3600
156 -5.658130 -8.348196 -5658.129731 -8348.196371 0 7.97 60 60 3600
157 -9.000442 7.751682 -9000.441880 7751.681951 1 3.87 60 60 3600
158 -3.259631 -8.901225 -3259.630893 -8901.224759 1 4.43 60 60 3600
159 -3.588142 0.331333 -3588.141998 331.333069 1 1.42 60 60 1800
160 0.924145 -2.294503 924.145063 -2294.502870 1 1.79 60 60 1800
161 2.243554 9.392197 2243.553595 9392.196804 0 6.20 60 60 3600
162 5.642978 2.868179 5642.978337 2868.178794 0 7.23 60 60 1800
163 -3.686157 -3.611749 -3686.157499 -3611.748928 1 4.57 60 60 1800
164 9.689843 8.333810 9689.842995 8333.809974 1 4.22 60 60 3600
165 8.778824 2.061511 8778.824271 2061.511320 1 4.05 60 60 2700
166 -2.326864 4.922232 -2326.864396 4922.232056 1 2.12 60 60 1800
167 -6.747722 -3.885175 -6747.722155 -3885.174823 1 3.67 60 60 2700
168 5.083526 -9.869174 5083.526390 -9869.173537 0 6.82 60 60 3600
169 4.905978 -3.050899 4905.977694 -3050.899091 1 4.88 60 60 1800
170 -4.103357 8.346191 -4103.356812 8346.191440 1 0.65 60 60 3600
171 1.109122 6.700848 1109.122082 6700.848317 1 2.96 60 60 2700
172 4.196997 -7.653881 4196.997216 -7653.881381 1 2.46 60 60 2700
173 -0.266852 -3.542380 -266.852055 -3542.379581 1 2.66 60 60 1800
174 9.937565 6.690995 9937.565469 6690.995206 1 3.29 60 60 3600
175 9.766497 -0.509766 9766.497124 -509.766024 1 4.38 60 60 3600
176 2.657905 -0.101522 2657.904640 -101.521566 1 1.15 60 60 1800
177 5.574408 1.936552 5574.408094 1936.552360 1 0.55 60 60 1800
178 0.056790 -4.971896 56.790349 -4971.895683 1 4.65 60 60 1800
179 -7.518369 5.777477 -7518.369029 5777.476663 1 2.10 60 60 3600
180 -0.181675 -7.799194 -181.674939 -7799.193943 1 1.08 60 60 2700
181 -4.386989 3.627912 -4386.988668 3627.912396 0 9.63 60 60 1800
182 8.672819 2.792830 8672.818759 2792.830229 1 0.64 60 60 2700
183 -5.528107 -6.954331 -5528.107225 -6954.331049 1 3.73 60 60 2700
184 6.143998 1.766892 6143.998477 1766.892121 1 4.89 60 60 1800
185 0.519006 -0.321929 519.005909 -321.929298 0 9.82 60 60 1800
186 -4.917668 5.872813 -4917.667502 5872.813321 1 1.81 60 60 2700
187 -1.258166 7.814197 -1258.165982 7814.197487 1 2.31 60 60 2700
188 -1.335478 1.733010 -1335.477722 1733.009726 1 0.57 60 60 1800
189 -9.265979 9.133918 -9265.978887 9133.917788 1 4.29 60 60 3600
190 -1.157722 4.807185 -1157.722449 4807.184996 0 8.86 60 60 1800
191 -9.169997 -2.934923 -9169.997217 -2934.923063 1 3.10 60 60 3600
192 9.949004 -1.065051 9949.003914 -1065.051201 1 3.66 60 60 3600
193 2.878287 3.007262 2878.286539 3007.261836 1 0.75 60 60 1800
194 7.823298 -4.419651 7823.297732 -4419.651242 1 2.02 60 60 2700
195 -0.815061 -0.122990 -815.061431 -122.989808 1 1.79 60 60 1800
196 -7.879598 -2.758921 -7879.597825 -2758.921347 1 2.59 60 60 2700
197 6.103320 4.766401 6103.319532 4766.400995 1 3.63 60 60 2700
198 1.847606 5.281662 1847.605626 5281.662495 1 4.52 60 60 1800
199 -3.432779 -6.569645 -3432.779337 -6569.645301 1 4.58 60 60 2700
200 0.768390 2.616559 768.390207 2616.559344 1 0.51 60 60 1800
201 1.750974 -0.599932 1750.974168 -599.932480 0 5.50 60 60 1800
202 -3.151720 -1.290646 -3151.720030 -1290.646306 0 8.69 60 60 1800
203 2.129134 -3.911204 2129.134447 -3911.203555 1 4.87 60 60 1800
204 8.936212 9.988091 8936.211961 9988.090755 1 3.78 60 60 3600
205 -8.913706 5.187557 -8913.706444 5187.557461 1 3.45 60 60 3600
206 -2.284159 -2.409245 -2284.158997 -2409.245242 1 4.54 60 60 1800
207 7.718323 -8.906820 7718.323451 -8906.819669 1 3.03 60 60 3600
208 7.677736 -2.215834 7677.736304 -2215.833952 1 3.97 60 60 2700
209 -3.174438 -3.785175 -3174.438239 -3785.174798 1 3.98 60 60 1800
210 4.192902 3.011426 4192.901846 3011.426118 1 1.82 60 60 1800
211 -9.664304 4.858228 -9664.304147 4858.228487 1 4.09 60 60 3600
212 0.713823 -7.337406 713.822610 -7337.406266 1 4.99 60 60 2700
213 -4.415501 5.185269 -4415.501232 5185.268972 1 1.70 60 60 2700
214 8.715794 -8.162479 8715.794186 -8162.479064 1 0.87 60 60 3600
215 5.698464 -1.035336 5698.463850 -1035.335572 1 1.82 60 60 1800
216 -5.339286 -0.122998 -5339.285790 -122.998409 1 4.13 60 60 1800
217 5.520836 -4.205173 5520.835634 -4205.172870 1 4.30 60 60 2700
218 5.222841 6.248517 5222.840758 6248.517459 0 5.65 60 60 2700
219 -1.733344 -5.542732 -1733.343795 -5542.731976 1 3.10 60 60 1800
220 -9.810684 2.910342 -9810.684227 2910.341846 0 8.71 60 60 3600
221 0.220791 3.184396 220.790869 3184.395525 0 5.84 60 60 1800
222 2.863197 -7.010185 2863.196974 -7010.185028 1 2.17 60 60 2700
223 -0.420656 9.908187 -420.655607 9908.187414 0 8.60 60 60 3600
224 -0.813977 -1.803766 -813.977336 -1803.766056 1 3.36 60 60 1800
225 -7.286927 4.555684 -7286.926673 4555.683892 0 9.96 60 60 2700
226 -1.394447 -1.827231 -1394.447280 -1827.231394 1 2.23 60 60 1800
227 3.544524 -0.603543 3544.523603 -603.542733 1 4.11 60 60 1800
228 5.240091 -7.057422 5240.090715 -7057.422255 0 7.50 60 60 2700
229 -4.061100 -5.931634 -4061.099999 -5931.633582 0 9.21 60 60 2700
230 -6.782931 -7.288076 -6782.931322 -7288.075960 1 3.60 60 60 3600
231 -8.588596 1.101724 -8588.596277 1101.723935 0 5.76 60 60 2700
232 -2.932102 -5.451825 -2932.101760 -5451.825009 1 3.97 60 60 1800
233 -1.681391 6.400234 -1681.390624 6400.233847 1 4.28 60 60 1800
234 -9.091735 -9.739972 -9091.734530 -9739.972124 1 3.66 60 60 3600
235 -8.563387 4.066820 -8563.387037 4066.820104 1 2.45 60 60 3600
236 5.696355 -4.759312 5696.355049 -4759.311657 1 1.79 60 60 2700
237 -2.011660 -4.620953 -2011.659705 -4620.953088 1 2.89 60 60 1800
238 8.853047 6.929833 8853.047037 6929.833082 1 1.04 60 60 3600
239 -5.680183 1.041608 -5680.183211 1041.607891 1 0.69 60 60 1800
240 -2.743890 7.364078 -2743.889782 7364.078113 0 9.78 60 60 2700
241 4.636547 -5.554675 4636.547473 -5554.675215 1 4.82 60 60 2700
242 -5.560536 5.558035 -5560.535790 5558.034842 1 3.60 60 60 2700
243 0.110638 -8.439962 110.637908 -8439.962491 1 4.33 60 60 2700
244 5.318664 0.967714 5318.664192 967.713832 1 3.96 60 60 1800
245 3.866516 7.695075 3866.515864 7695.074738 1 2.53 60 60 2700
246 -1.139025 2.770469 -1139.024646 2770.469351 0 7.23 60 60 1800
247 -2.357358 -0.249118 -2357.358104 -249.118495 1 3.58 60 60 1800
248 -0.620487 5.815677 -620.486922 5815.677387 1 4.68 60 60 1800
249 1.238022 9.856428 1238.022302 9856.427540 0 8.65 60 60 3600
250 -0.579696 -6.235309 -579.696033 -6235.308543 1 2.90 60 60 1800
251 -4.562286 4.419519 -4562.285541 4419.518735 1 2.58 60 60 1800
252 -5.534176 -9.725087 -5534.176388 -9725.087440 1 3.00 60 60 3600
253 -0.725426 -4.015211 -725.425670 -4015.210601 1 4.61 60 60 1800
254 -6.610108 -5.536626 -6610.108463 -5536.625895 1 4.89 60 60 2700
255 6.880193 -0.435092 6880.192655 -435.091660 1 2.13 60 60 2700
256 -4.083748 2.048621 -4083.747874 2048.620584 1 4.82 60 60 1800
257 3.829781 9.105871 3829.781173 9105.871237 0 9.76 60 60 3600
258 6.230368 -9.435657 6230.367629 -9435.656748 1 3.28 60 60 3600
259 -0.429173 -3.028113 -429.173301 -3028.112641 1 1.60 60 60 1800
260 3.068016 -8.167495 3068.016016 -8167.495378 0 6.73 60 60 2700
261 6.594962 -9.042662 6594.961636 -9042.662261 0 5.99 60 60 3600
262 6.094867 -1.793049 6094.867138 -1793.049186 0 5.79 60 60 1800
263 7.816117 -0.536177 7816.116996 -536.176761 1 1.20 60 60 2700
264 7.450364 3.526259 7450.364259 3526.258762 1 4.04 60 60 2700
265 -1.995040 -7.029811 -1995.040049 -7029.811442 1 1.58 60 60 2700
266 7.059428 -7.462625 7059.427537 -7462.625235 1 4.02 60 60 3600
267 -2.257822 1.458013 -2257.821655 1458.013173 1 3.24 60 60 1800
268 -0.095410 8.880301 -95.409971 8880.300864 1 1.55 60 60 2700
269 -4.320290 -7.108549 -4320.289847 -7108.549287 1 2.15 60 60 2700
270 0.056399 9.547927 56.398685 9547.927352 1 4.34 60 60 3600
271 -9.982504 -3.853771 -9982.503654 -3853.770793 1 4.26 60 60 3600
272 8.979386 5.615401 8979.385727 5615.400905 1 3.81 60 60 3600
273 -2.329288 -6.582717 -2329.287729 -6582.716984 1 1.62 60 60 2700
274 -4.211024 -6.521243 -4211.023956 -6521.243480 1 1.28 60 60 2700
275 6.569433 -7.190232 6569.433439 -7190.231795 1 1.50 60 60 3600
276 -2.747585 -4.939259 -2747.585235 -4939.258611 0 9.91 60 60 1800
277 -7.295695 7.986029 -7295.694787 7986.029072 1 0.64 60 60 3600
278 7.329015 1.590124 7329.015018 1590.124025 1 2.74 60 60 2700
279 -5.229314 7.224905 -5229.313629 7224.904524 1 0.98 60 60 2700
280 7.720160 2.059839 7720.160270 2059.839354 1 4.17 60 60 2700
281 2.131391 -5.479458 2131.390848 -5479.457990 1 4.67 60 60 1800
282 -3.270006 5.376456 -3270.005676 5376.456356 1 0.83 60 60 1800
283 0.421776 -2.440924 421.776053 -2440.923722 1 1.47 60 60 1800
284 3.727936 -4.815979 3727.936234 -4815.979009 0 8.67 60 60 1800
285 5.715270 4.017095 5715.269589 4017.095482 1 4.85 60 60 2700
286 -6.447960 6.714809 -6447.959730 6714.808594 1 3.75 60 60 3600
287 2.678150 2.286335 2678.149673 2286.334515 1 4.94 60 60 1800
288 9.360709 1.995635 9360.709331 1995.635036 1 1.58 60 60 3600
289 -1.330426 -7.340378 -1330.426130 -7340.377941 1 2.39 60 60 2700
290 -6.194177 4.077060 -6194.177022 4077.059940 0 7.95 60 60 2700
291 -4.651431 -5.281708 -4651.430823 -5281.707519 1 4.63 60 60 2700
292 -6.146723 5.351769 -6146.722908 5351.768632 1 4.12 60 60 2700
293 -9.127463 -1.405089 -9127.463499 -1405.088924 1 3.41 60 60 3600
294 -3.581651 2.604798 -3581.651476 2604.798021 1 4.79 60 60 1800
295 -7.937091 -1.286703 -7937.090597 -1286.703310 1 4.99 60 60 2700
296 2.482198 1.365083 2482.198325 1365.083261 1 0.85 60 60 1800
297 -7.245469 8.545255 -7245.469032 8545.254894 1 2.17 60 60 3600
298 2.408384 -3.018963 2408.383784 -3018.962792 1 2.88 60 60 1800
299 3.878847 -6.866412 3878.846673 -6866.411642 1 2.72 60 60 2700
300 -3.024889 8.809691 -3024.888986 8809.690871 1 2.72 60 60 3600
301 0.252062 7.980213 252.062052 7980.212774 0 9.42 60 60 2700
302 8.639972 -9.948134 8639.971920 -9948.133746 0 6.41 60 60 3600
303 -2.276531 3.986525 -2276.530956 3986.524761 0 6.65 60 60 1800
304 -7.226259 -2.478827 -7226.259106 -2478.827083 0 6.56 60 60 2700
305 -2.856738 5.779412 -2856.738357 5779.411532 1 3.78 60 60 1800
306 4.105966 -0.165434 4105.966493 -165.433562 1 3.79 60 60 1800
307 3.963800 -5.435365 3963.800145 -5435.364975 1 1.52 60 60 2700
308 -0.903727 0.794352 -903.727370 794.351839 1 4.52 60 60 1800
309 3.303820 8.886713 3303.819561 8886.712825 1 4.18 60 60 3600
310 -7.222649 0.290955 -7222.648544 290.955097 1 1.15 60 60 2700
311 7.279289 0.920919 7279.289426 920.919396 1 3.23 60 60 2700
312 -8.671683 -7.514193 -8671.683323 -7514.193341 1 3.06 60 60 3600
313 -6.662688 -8.400468 -6662.688187 -8400.467548 1 1.23 60 60 3600
314 -7.134691 2.251784 -7134.690601 2251.784368 1 2.58 60 60 2700
315 6.676930 -8.320063 6676.929541 -8320.062973 1 2.25 60 60 3600
316 4.171009 -1.909150 4171.008585 -1909.149604 1 3.73 60 60 1800
317 9.613861 -3.327619 9613.860595 -3327.618914 1 4.15 60 60 3600
318 -6.877853 6.343388 -6877.852743 6343.387960 1 0.74 60 60 3600
319 -3.849885 7.693129 -3849.885282 7693.129202 1 3.51 60 60 2700
320 7.036110 -2.184806 7036.109719 -2184.805686 1 3.21 60 60 2700
321 6.642301 -6.181103 6642.300942 -6181.102544 0 6.59 60 60 2700
322 -1.445379 3.470821 -1445.378635 3470.821407 0 6.54 60 60 1800
323 3.499662 -7.300072 3499.662009 -7300.072094 1 1.50 60 60 2700
324 -8.319547 -0.301409 -8319.547065 -301.408857 1 4.29 60 60 2700
325 5.523929 -7.566468 5523.929139 -7566.467920 1 1.52 60 60 3600
326 -1.993462 -9.563913 -1993.461611 -9563.912698 0 7.85 60 60 3600
327 0.453163 3.690998 453.162890 3690.997648 1 4.12 60 60 1800
328 1.645975 -7.667764 1645.975151 -7667.763594 1 0.56 60 60 2700
329 8.997294 -1.475111 8997.293948 -1475.110844 1 3.09 60 60 2700
330 6.878790 9.950967 6878.790059 9950.966771 1 3.86 60 60 3600
331 -3.649918 -4.145907 -3649.917627 -4145.906610 0 7.87 60 60 1800
332 2.992620 6.103495 2992.620255 6103.494532 1 2.79 60 60 2700
333 -2.880831 -8.478552 -2880.831121 -8478.551622 0 9.64 60 60 2700
334 -9.574489 6.304315 -9574.489184 6304.315090 1 1.01 60 60 3600
335 3.105548 -6.164777 3105.548490 -6164.776647 1 2.89 60 60 2700
336 -6.164531 8.114250 -6164.531405 8114.250231 1 1.09 60 60 3600
337 -4.744824 -8.096079 -4744.823940 -8096.078645 1 4.67 60 60 3600
338 -8.521454 8.160119 -8521.454478 8160.118847 1 2.31 60 60 3600
339 -8.116537 -3.962067 -8116.537407 -3962.067166 1 4.73 60 60 2700
340 7.184806 8.662329 7184.806071 8662.329381 1 3.65 60 60 3600
341 4.343823 2.226159 4343.822832 2226.159465 1 0.55 60 60 1800
342 2.073381 2.585720 2073.381022 2585.719740 1 3.38 60 60 1800
343 -9.182219 -8.785188 -9182.219450 -8785.188381 1 4.43 60 60 3600
344 0.232148 2.587676 232.147980 2587.675661 0 7.32 60 60 1800
345 -8.615806 -4.598875 -8615.805617 -4598.874950 0 6.39 60 60 3600
346 0.272668 6.437798 272.667960 6437.798140 1 1.83 60 60 1800
347 -5.755969 -3.667919 -5755.968510 -3667.918887 1 2.94 60 60 2700
348 2.001189 7.219996 2001.188663 7219.995725 1 4.14 60 60 2700
349 6.930531 6.407115 6930.531288 6407.114832 1 3.19 60 60 3600
350 -7.341099 -1.545399 -7341.099253 -1545.399035 1 3.44 60 60 2700
351 0.976691 7.687394 976.690889 7687.394384 0 9.57 60 60 2700
352 8.495202 8.801708 8495.201808 8801.707822 0 9.82 60 60 3600
353 8.544701 4.172350 8544.700504 4172.349813 1 0.73 60 60 3600
354 -2.230979 -5.350635 -2230.978927 -5350.635311 1 3.09 60 60 1800
355 -0.446273 4.589515 -446.272934 4589.515222 1 0.71 60 60 1800
356 3.875808 -9.976556 3875.807759 -9976.556073 1 2.62 60 60 3600
357 0.139545 -6.531887 139.545116 -6531.886633 0 9.04 60 60 1800
358 7.068476 9.221868 7068.475650 9221.868491 1 0.92 60 60 3600
359 -6.581106 -4.665956 -6581.105964 -4665.955664 0 5.31 60 60 2700
360 -8.984134 3.047695 -8984.134398 3047.694739 1 1.16 60 60 3600
361 -2.223202 2.555486 -2223.202417 2555.485699 1 1.83 60 60 1800
362 -1.559167 -8.162550 -1559.166729 -8162.550121 1 2.45 60 60 2700
363 5.244270 -5.502718 5244.270310 -5502.718099 1 3.52 60 60 2700
364 -5.340934 1.617021 -5340.933776 1617.020630 1 3.72 60 60 1800
365 -4.872306 -9.342525 -4872.305560 -9342.524800 1 1.27 60 60 3600
366 -2.492225 9.164702 -2492.224676 9164.701744 1 0.98 60 60 3600
367 -4.028354 -0.653563 -4028.354358 -653.563171 1 4.30 60 60 1800
368 2.155039 -2.423290 2155.038799 -2423.290269 1 2.88 60 60 1800
369 9.843194 9.580729 9843.194319 9580.728872 1 2.20 60 60 3600
370 -3.518638 7.291736 -3518.638149 7291.736295 1 0.58 60 60 2700
371 8.898812 -9.107098 8898.811938 -9107.098244 1 3.30 60 60 3600
372 -9.024884 1.569658 -9024.883570 1569.658174 0 9.67 60 60 3600
373 1.816594 3.923161 1816.593984 3923.160932 1 3.47 60 60 1800
374 -5.010491 -7.501854 -5010.491066 -7501.853571 1 3.95 60 60 2700
375 2.062560 -8.064997 2062.560399 -8064.997021 0 9.11 60 60 2700
376 -0.145118 3.617899 -145.118374 3617.899182 1 1.12 60 60 1800
377 -1.467192 -0.941949 -1467.191696 -941.949230 1 1.08 60 60 1800
378 9.236848 -8.008288 9236.848441 -8008.288444 1 1.01 60 60 3600
379 -9.302432 -2.422164 -9302.432352 -2422.164367 1 4.22 60 60 3600
380 -1.437238 5.734555 -1437.237647 5734.554765 1 4.96 60 60 1800
381 9.413698 -8.665138 9413.698312 -8665.137851 1 3.70 60 60 3600
382 -2.977722 4.958676 -2977.722205 4958.675927 1 1.24 60 60 1800
383 3.098920 5.509913 3098.920266 5509.912832 1 1.25 60 60 1800
384 8.298225 -6.121680 8298.224595 -6121.680142 1 0.89 60 60 3600
385 9.168465 -9.745980 9168.465005 -9745.979767 1 0.68 60 60 3600
386 2.990731 -0.902388 2990.730753 -902.387619 1 1.89 60 60 1800
387 -7.370696 -0.801623 -7370.696408 -801.623039 1 2.82 60 60 2700
388 2.941156 -2.470436 2941.156314 -2470.436053 1 1.05 60 60 1800
389 -8.774452 -2.264911 -8774.452022 -2264.910887 1 1.70 60 60 2700
390 4.386936 -6.981625 4386.935578 -6981.625256 1 3.68 60 60 2700
391 8.326109 4.918302 8326.109333 4918.301789 1 3.95 60 60 3600
392 -0.321301 0.468941 -321.301033 468.940828 0 9.02 60 60 1800
393 3.676890 -2.728097 3676.890129 -2728.096611 0 5.37 60 60 1800
394 8.137805 9.633251 8137.804731 9633.250907 1 1.26 60 60 3600
395 -4.933515 9.031116 -4933.514823 9031.115789 1 2.78 60 60 3600
396 -7.495730 6.902130 -7495.730149 6902.130061 0 5.77 60 60 3600
397 -1.690470 0.675579 -1690.469524 675.579014 1 1.58 60 60 1800
398 1.935963 3.364422 1935.962584 3364.421839 1 2.84 60 60 1800
399 4.946979 7.178249 4946.978591 7178.249309 1 1.19 60 60 2700
400 6.621706 0.550272 6621.705726 550.271660 1 2.50 60 60 1800
401 6.936254 -4.567213 6936.253621 -4567.212823 1 4.84 60 60 2700
402 6.455622 -3.475996 6455.621849 -3475.995963 1 0.52 60 60 2700
403 -9.956280 -2.407136 -9956.279601 -2407.136242 1 3.59 60 60 3600
404 -4.862107 -8.784040 -4862.107050 -8784.039854 0 8.86 60 60 3600
405 -5.520482 8.849848 -5520.482073 8849.847991 0 7.40 60 60 3600
406 -8.469530 -0.940712 -8469.530063 -940.711539 0 5.24 60 60 2700
407 2.979635 7.363460 2979.634588 7363.460411 1 3.83 60 60 2700
408 3.495458 6.915433 3495.458386 6915.432546 1 2.35 60 60 2700
409 -0.996299 6.458378 -996.298916 6458.378259 1 2.36 60 60 1800
410 -2.628775 -2.872867 -2628.775369 -2872.867135 1 3.17 60 60 1800
411 6.273114 3.486643 6273.114208 3486.643125 1 1.10 60 60 2700
412 -4.808743 1.383367 -4808.743464 1383.367098 0 8.21 60 60 1800
413 3.960209 -9.364783 3960.209320 -9364.782536 1 2.35 60 60 3600
414 0.481332 5.092303 481.331710 5092.303329 1 3.26 60 60 1800
415 -3.477092 3.589989 -3477.092229 3589.988725 1 4.99 60 60 1800
416 -7.104442 -3.044672 -7104.441982 -3044.672091 1 3.56 60 60 2700
417 9.287732 4.257058 9287.732213 4257.057862 1 2.47 60 60 3600
418 6.394345 9.159836 6394.344569 9159.835685 1 2.07 60 60 3600
419 5.262358 1.489048 5262.358336 1489.048198 1 0.58 60 60 1800
420 -4.790629 -6.226967 -4790.629053 -6226.967134 0 8.70 60 60 2700
421 1.557479 6.001369 1557.478626 6001.368798 1 1.57 60 60 1800
422 -8.007949 9.042589 -8007.949452 9042.589495 1 4.70 60 60 3600
423 7.049475 -9.361680 7049.474692 -9361.679657 1 4.83 60 60 3600
424 7.466003 4.828912 7466.003455 4828.912391 1 2.77 60 60 2700
425 0.823773 -6.658886 823.773173 -6658.885780 1 3.94 60 60 2700
426 -1.384210 -9.375121 -1384.210392 -9375.121464 1 1.97 60 60 3600
427 1.483533 0.224175 1483.532753 224.175447 1 1.24 60 60 1800
428 2.669111 -9.246589 2669.111112 -9246.588870 0 6.32 60 60 3600
429 9.666633 -6.229847 9666.632866 -6229.847205 1 4.78 60 60 3600
430 8.365160 -2.943082 8365.160122 -2943.081600 1 4.25 60 60 2700
431 -4.384174 9.813327 -4384.173819 9813.327379 1 4.91 60 60 3600
432 5.320192 5.610686 5320.191649 5610.685675 1 1.63 60 60 2700
433 9.205904 -6.618919 9205.903518 -6618.918935 1 3.84 60 60 3600
434 9.974969 -8.287038 9974.968808 -8287.038189 1 4.49 60 60 3600
435 -3.571925 -8.033297 -3571.924982 -8033.297412 1 1.95 60 60 2700
436 -5.884247 -1.725975 -5884.247028 -1725.974911 1 1.27 60 60 1800
437 0.464129 1.854368 464.128695 1854.368171 1 3.47 60 60 1800
438 7.248752 -5.096102 7248.751955 -5096.102443 1 1.49 60 60 2700
439 -6.425319 -9.191806 -6425.319126 -9191.805543 1 4.73 60 60 3600
440 -3.693741 -2.087397 -3693.741098 -2087.396909 1 1.07 60 60 1800
441 9.230206 -7.230065 9230.205544 -7230.065299 0 9.99 60 60 3600
442 3.269057 -1.541136 3269.056977 -1541.135929 1 4.31 60 60 1800
443 -8.788941 6.372964 -8788.940631 6372.964338 1 3.84 60 60 3600
444 5.611893 -3.045778 5611.892796 -3045.778248 1 0.54 60 60 1800
445 4.059894 -1.002169 4059.894014 -1002.168525 1 1.02 60 60 1800
446 4.082872 6.385310 4082.872168 6385.309789 0 5.73 60 60 2700
447 0.135982 -0.820198 135.982316 -820.198019 0 5.40 60 60 1800
448 -2.978977 -7.255184 -2978.977271 -7255.184198 0 5.96 60 60 2700
449 9.974989 -2.352785 9974.988578 -2352.784818 1 2.24 60 60 3600
450 1.107035 -3.195001 1107.035117 -3195.000743 1 1.71 60 60 1800
451 -5.643092 -0.822193 -5643.092266 -822.193094 1 0.77 60 60 1800
452 -6.630859 0.086763 -6630.859071 86.763437 1 4.26 60 60 1800
453 5.547417 -0.549173 5547.417232 -549.172851 1 1.49 60 60 1800
454 -7.134932 1.604579 -7134.932087 1604.579373 1 0.99 60 60 2700
455 7.099251 5.235683 7099.251444 5235.683220 1 3.33 60 60 2700
456 0.505053 -9.569073 505.053210 -9569.073343 1 1.73 60 60 3600
457 -2.436794 -1.150902 -2436.793627 -1150.902231 1 1.09 60 60 1800
458 -0.986206 7.322923 -986.206393 7322.922636 1 2.67 60 60 2700
459 9.236089 -5.002171 9236.088767 -5002.170855 1 2.15 60 60 3600
460 -5.997578 2.119886 -5997.578220 2119.885821 1 0.53 60 60 1800
461 -7.145195 3.927693 -7145.194910 3927.692944 1 0.82 60 60 2700
462 3.079487 0.539243 3079.486959 539.243329 1 4.68 60 60 1800
463 5.239626 0.142635 5239.626321 142.634990 0 8.88 60 60 1800
464 2.740094 8.648522 2740.094161 8648.522294 1 1.14 60 60 2700
465 -8.569114 -9.448278 -8569.114038 -9448.277934 0 8.35 60 60 3600
466 -9.019172 8.644640 -9019.171926 8644.640396 1 0.83 60 60 3600
467 -1.020402 -7.800738 -1020.401747 -7800.737945 0 6.50 60 60 2700
468 8.852196 -4.313733 8852.195801 -4313.732516 1 3.88 60 60 3600
469 -9.666473 3.797634 -9666.473481 3797.633797 1 4.31 60 60 3600
470 8.817144 -2.360630 8817.143850 -2360.629694 1 1.01 60 60 2700
471 -2.401910 9.972318 -2401.910357 9972.317813 0 9.86 60 60 3600
472 4.945755 4.938943 4945.754809 4938.942549 1 1.72 60 60 2700
473 2.096255 7.844568 2096.255336 7844.568071 1 0.67 60 60 2700
474 -2.101539 -3.977736 -2101.539128 -3977.736006 1 0.97 60 60 1800
475 9.014300 0.854080 9014.300065 854.080129 0 5.15 60 60 2700
476 -1.785449 7.810296 -1785.448725 7810.295832 1 3.26 60 60 2700
477 4.290200 -4.429596 4290.199923 -4429.596217 1 4.28 60 60 1800
478 7.446910 8.179212 7446.910006 8179.211612 1 2.87 60 60 3600
479 -3.308646 -0.486662 -3308.646486 -486.662141 1 0.91 60 60 1800
480 -5.090643 3.180097 -5090.642588 3180.096750 1 4.76 60 60 1800
481 -2.269111 -8.198027 -2269.111187 -8198.027201 0 8.12 60 60 2700
482 -3.555414 9.782328 -3555.414361 9782.327977 0 9.74 60 60 3600
483 -1.284966 9.047479 -1284.966084 9047.479323 1 4.43 60 60 2700
484 7.462802 -3.475872 7462.801673 -3475.871706 1 3.93 60 60 2700
485 -9.334161 -5.643123 -9334.161409 -5643.122608 1 3.70 60 60 3600
486 1.126128 3.067082 1126.127790 3067.081753 1 4.57 60 60 1800
487 1.138335 -9.703383 1138.334630 -9703.383129 0 7.81 60 60 3600
488 -5.859192 6.278432 -5859.192263 6278.432094 1 4.81 60 60 2700
489 -6.483724 -9.705001 -6483.724452 -9705.000766 1 4.76 60 60 3600
490 2.797276 9.850876 2797.275928 9850.876029 1 3.59 60 60 3600
491 -4.020650 -8.751256 -4020.650065 -8751.255700 1 1.96 60 60 3600
492 -0.140917 5.358300 -140.916688 5358.300050 1 3.88 60 60 1800
493 -2.447964 6.098512 -2447.964368 6098.511764 1 1.14 60 60 1800
494 1.092190 -8.367136 1092.189958 -8367.135607 1 3.96 60 60 2700
495 -5.819586 0.302205 -5819.585863 302.204921 0 6.75 60 60 1800
496 -8.425058 -2.990897 -8425.058397 -2990.897296 1 2.69 60 60 2700
497 -3.488381 -5.720244 -3488.381400 -5720.243984 1 4.40 60 60 2700
498 -4.292709 9.163060 -4292.708680 9163.060028 1 2.37 60 60 3600
499 -6.922371 9.949666 -6922.371252 9949.666343 1 1.69 60 60 3600
500 1.994181 -6.344694 1994.180990 -6344.694384 1 1.62 60 60 1800
