trucks_count 1
drones_count 1
customers 100
depot 0 0
Coordinate X Coordinate Y Dronable Demand
X Y Dronable Demand Drone_service Truck_service Lw
1324.139 701.650 1 1.57 60 60 3600
1429.582 2746.075 1 1.25 60 60 3600
-3366.889 -3556.284 1 0.30 60 60 3600
4365.234 -716.545 1 1.78 60 60 3600
-2415.996 471.373 1 1.98 60 60 3600
-4340.178 3671.189 1 0.36 60 60 3600
3024.965 -4630.545 1 1.39 60 60 3600
-4779.645 -3069.382 1 1.52 60 60 3600
1242.247 1238.012 1 1.77 60 60 3600
523.720 1745.731 1 1.65 60 60 3600
-272.138 -532.188 1 0.50 60 60 3600
-4412.125 -4008.488 1 1.79 60 60 3600
-423.661 1547.426 1 1.39 60 60 3600
1909.985 1924.266 1 0.38 60 60 3600
-2176.522 -1398.691 1 1.54 60 60 3600
-2590.341 -1087.084 1 1.73 60 60 3600
-15.963 1070.887 1 0.82 60 60 3600
-4153.716 -3417.168 1 1.33 60 60 3600
-1515.008 1927.016 1 1.98 60 60 3600
2567.758 -1761.761 1 0.68 60 60 3600
-2206.078 4474.452 1 1.66 60 60 3600
967.739 -4006.373 1 1.24 60 60 3600
-4884.921 291.903 1 1.23 60 60 3600
-3007.641 4850.491 1 1.93 60 60 3600
317.231 -148.078 1 0.33 60 60 3600
682.455 2599.556 1 0.91 60 60 3600
-1420.696 -1711.801 1 0.79 60 60 3600
-3509.225 -2050.414 1 0.54 60 60 3600
3033.799 -2952.474 1 1.74 60 60 3600
-4859.179 1867.048 1 0.59 60 60 3600
464.784 -1106.087 1 0.82 60 60 3600
-901.903 2219.487 1 0.37 60 60 3600
-1912.261 3331.752 1 1.78 60 60 3600
-1716.124 -479.277 1 1.77 60 60 3600
4954.406 -3932.513 1 1.66 60 60 3600
4702.263 -2011.797 1 1.26 60 60 3600
-1879.109 244.102 1 1.73 60 60 3600
1202.828 1970.097 1 0.69 60 60 3600
-3019.322 -4289.360 1 0.43 60 60 3600
-1415.968 -3512.691 1 0.32 60 60 3600
-3401.683 2876.397 1 1.97 60 60 3600
-4454.225 4447.980 1 1.40 60 60 3600
2525.180 -4036.719 1 1.01 60 60 3600
1858.262 -1643.462 1 0.78 60 60 3600
-46.922 -2238.612 1 1.96 60 60 3600
1591.487 -277.443 1 0.71 60 60 3600
4617.283 -2815.027 1 1.80 60 60 3600
-3929.321 -4440.310 1 0.86 60 60 3600
-1597.202 922.776 1 1.19 60 60 3600
1769.468 -3164.739 1 1.20 60 60 3600
-3569.636 2320.521 1 0.95 60 60 3600
-2286.817 1589.705 1 0.53 60 60 3600
-3156.441 1763.698 1 1.11 60 60 3600
3571.060 -3041.518 1 1.50 60 60 3600
-4212.163 -2498.522 1 0.39 60 60 3600
1311.856 -3493.890 1 0.95 60 60 3600
-4976.964 -1982.194 1 0.34 60 60 3600
-710.972 824.325 1 1.46 60 60 3600
-2639.040 -2452.101 1 1.95 60 60 3600
3617.047 -1454.741 1 0.31 60 60 3600
2520.971 -546.837 1 1.59 60 60 3600
-4125.978 -1573.931 1 1.06 60 60 3600
3129.441 767.574 1 1.34 60 60 3600
-4167.901 1932.092 1 0.67 60 60 3600
-209.222 -4426.161 1 1.29 60 60 3600
-1156.425 -3010.360 1 1.90 60 60 3600
3090.968 -1603.553 1 1.68 60 60 3600
-4984.721 3470.546 1 0.55 60 60 3600
1404.073 -4286.583 1 1.13 60 60 3600
-2501.781 2181.761 1 1.79 60 60 3600
-1020.190 -102.314 1 0.56 60 60 3600
1847.656 -837.321 1 0.30 60 60 3600
2130.857 385.290 1 1.55 60 60 3600
-3590.895 4058.881 1 0.44 60 60 3600
1974.367 3001.666 1 0.64 60 60 3600
-2521.376 2700.434 1 0.24 60 60 3600
2167.522 -161.715 1 1.78 60 60 3600
2101.540 -2752.587 1 1.85 60 60 3600
-2918.744 4224.583 1 1.45 60 60 3600
1232.758 -2183.353 1 1.66 60 60 3600
1011.315 269.439 1 1.08 60 60 3600
4138.252 -1482.192 1 1.33 60 60 3600
-575.090 -1893.264 1 1.01 60 60 3600
-629.214 -3028.104 1 0.98 60 60 3600
438.356 -2956.926 1 1.02 60 60 3600
-4697.576 1222.104 1 1.10 60 60 3600
-4751.627 -4440.043 1 0.86 60 60 3600
-2942.470 445.814 1 0.93 60 60 3600
-3655.541 -137.736 1 1.80 60 60 3600
1585.968 -2552.178 1 1.21 60 60 3600
1115.593 -840.188 1 1.41 60 60 3600
2981.161 -3647.177 1 1.64 60 60 3600
683.629 3128.459 1 0.95 60 60 3600
3705.130 -4132.443 1 0.89 60 60 3600
-24.838 2395.094 1 1.81 60 60 3600
2329.136 -4941.216 1 1.22 60 60 3600
-1175.433 1511.392 1 1.00 60 60 3600
-3608.728 1439.529 1 0.80 60 60 3600
406.918 -4251.066 1 1.62 60 60 3600
2637.845 -2625.427 1 1.19 60 60 3600
