trucks_count 1
drones_count 1
customers 100
depot 0 0
Coordinate X Coordinate Y Dronable Demand
X Y Dronable Demand Drone_service Truck_service Lw
1394.808 3265.383 1 0.52 60 60 3600
-2501.781 2181.761 1 1.70 60 60 3600
-1603.479 2928.306 1 0.86 60 60 3600
571.951 -3402.618 1 1.35 60 60 3600
-3040.513 239.605 1 0.22 60 60 3600
2114.655 1913.346 1 0.32 60 60 3600
-3929.321 -4440.310 1 0.44 60 60 3600
-4884.921 291.903 1 0.29 60 60 3600
-1515.008 1927.016 1 0.29 60 60 3600
1322.227 -3908.145 1 0.40 60 60 3600
1592.380 -3438.474 1 0.75 60 60 3600
2965.572 -3959.396 1 0.74 60 60 3600
711.034 312.731 1 1.10 60 60 3600
-4772.391 -2047.954 1 1.37 60 60 3600
4667.884 -1372.175 1 1.54 60 60 3600
-2555.308 654.428 1 1.44 60 60 3600
-432.027 363.382 1 1.11 60 60 3600
-3569.636 2320.521 1 1.90 60 60 3600
-4104.112 4387.667 1 1.95 60 60 3600
4138.252 -1482.192 1 1.64 60 60 3600
-66.917 -376.952 1 1.08 60 60 3600
-1137.979 826.952 1 1.57 60 60 3600
-4571.525 -3815.059 1 0.80 60 60 3600
1136.493 -4687.385 1 1.51 60 60 3600
2150.187 -3518.168 1 0.44 60 60 3600
-1415.968 -3512.691 1 0.50 60 60 3600
789.165 1229.318 1 1.75 60 60 3600
-2833.712 -1340.560 1 0.33 60 60 3600
174.293 2340.514 1 1.07 60 60 3600
3891.066 -2261.321 1 1.64 60 60 3600
3571.060 -3041.518 1 0.91 60 60 3600
-3366.889 -3556.284 1 1.62 60 60 3600
-4921.534 4416.031 1 0.76 60 60 3600
406.918 -4251.066 1 0.29 60 60 3600
4548.703 -2526.641 1 0.99 60 60 3600
-1912.261 3331.752 1 1.53 60 60 3600
-4427.974 -2747.589 1 0.83 60 60 3600
683.629 3128.459 1 1.04 60 60 3600
3705.130 -4132.443 1 0.72 60 60 3600
1232.758 -2183.353 1 0.70 60 60 3600
1634.304 -682.202 1 0.20 60 60 3600
-3185.457 945.396 1 0.48 60 60 3600
-3750.591 -2330.317 1 0.49 60 60 3600
-4382.143 2134.205 1 1.41 60 60 3600
-3822.964 -1647.725 1 1.73 60 60 3600
-1587.548 -314.279 1 0.34 60 60 3600
2118.199 -1528.513 1 1.95 60 60 3600
2520.971 -546.837 1 1.96 60 60 3600
-3219.492 -4851.081 1 1.12 60 60 3600
642.859 -1664.178 1 0.89 60 60 3600
-2639.040 -2452.101 1 1.42 60 60 3600
-575.090 -1893.264 1 0.57 60 60 3600
-2521.376 2700.434 1 0.79 60 60 3600
-3233.169 3854.366 1 1.76 60 60 3600
-927.738 1332.545 1 1.56 60 60 3600
1532.686 1235.563 1 1.76 60 60 3600
-3525.281 3335.871 1 1.89 60 60 3600
-980.480 -2714.772 1 0.48 60 60 3600
1516.806 646.663 1 1.29 60 60 3600
345.104 762.787 1 1.48 60 60 3600
-1602.596 4478.582 1 0.98 60 60 3600
-4873.303 -4230.995 1 1.48 60 60 3600
2872.217 -2562.375 1 1.31 60 60 3600
-4956.557 2979.146 1 0.31 60 60 3600
-2308.268 1383.596 1 0.45 60 60 3600
4987.256 -4134.892 1 0.23 60 60 3600
805.606 -901.169 1 1.47 60 60 3600
-934.327 -359.252 1 1.19 60 60 3600
-2105.676 -1181.350 1 1.28 60 60 3600
-1806.403 1256.157 1 0.21 60 60 3600
-1563.998 -1520.230 1 1.88 60 60 3600
1272.873 -2847.799 1 1.58 60 60 3600
1416.747 -51.374 1 1.79 60 60 3600
2151.071 778.071 1 1.73 60 60 3600
-168.764 -2413.963 1 1.95 60 60 3600
-3314.989 -4279.386 1 0.44 60 60 3600
-3957.141 1763.108 1 1.15 60 60 3600
4365.234 -716.545 1 1.95 60 60 3600
-1093.000 -1179.614 1 0.76 60 60 3600
-209.222 -4426.161 1 1.82 60 60 3600
-4834.684 1400.472 1 1.36 60 60 3600
-2737.083 3931.366 1 1.92 60 60 3600
2873.765 -4896.577 1 0.20 60 60 3600
-2216.980 -1863.909 1 1.24 60 60 3600
-4392.878 4827.247 1 1.54 60 60 3600
-3947.227 -83.791 1 0.91 60 60 3600
1789.214 -4419.604 1 1.62 60 60 3600
2144.201 182.966 1 0.87 60 60 3600
1398.269 2259.139 1 0.29 60 60 3600
2162.315 2887.986 1 1.58 60 60 3600
-2887.691 3069.493 1 0.39 60 60 3600
-3583.936 4271.226 1 0.62 60 60 3600
-461.469 1015.205 1 1.60 60 60 3600
-3183.513 -2011.141 1 0.44 60 60 3600
-3869.242 -3299.937 1 0.83 60 60 3600
-215.655 -3195.619 1 1.69 60 60 3600
-4209.523 3318.638 1 0.28 60 60 3600
-3122.208 1969.340 1 1.82 60 60 3600
-356.587 -930.034 1 1.89 60 60 3600
492.604 -263.528 1 0.79 60 60 3600
