trucks_count 1
drones_count 1
customers 100
depot 0 0
Coordinate X Coordinate Y Dronable Demand
X Y Dronable Demand Drone_service Truck_service Lw
-3349.056 3171.318 1 1.37 60 60 3600
1974.367 3001.666 1 0.36 60 60 3600
195.400 -4825.099 1 0.62 60 60 3600
-4209.523 3318.638 1 1.31 60 60 3600
1783.374 -3990.054 1 0.79 60 60 3600
-1739.725 1832.828 1 2.00 60 60 3600
-914.135 1584.262 1 1.79 60 60 3600
-4410.535 -3376.213 1 0.22 60 60 3600
-4736.600 2201.999 1 0.24 60 60 3600
-1912.261 3331.752 1 0.40 60 60 3600
2539.844 -3807.756 1 0.69 60 60 3600
1173.490 2763.675 1 0.45 60 60 3600
-4772.391 -2047.954 1 0.76 60 60 3600
1001.504 -1384.810 1 0.44 60 60 3600
-3554.910 -1027.495 1 1.80 60 60 3600
4138.252 -1482.192 1 0.20 60 60 3600
-3402.681 4485.094 1 1.49 60 60 3600
-3947.227 -83.791 1 1.45 60 60 3600
222.441 -438.456 1 0.21 60 60 3600
-2642.137 -4200.772 1 1.23 60 60 3600
1938.710 -3469.544 1 1.94 60 60 3600
-168.764 -2413.963 1 1.70 60 60 3600
-2942.470 445.814 1 1.07 60 60 3600
-2979.051 3952.005 1 1.13 60 60 3600
-956.858 359.831 1 1.45 60 60 3600
-575.090 -1893.264 1 1.90 60 60 3600
1808.950 2420.052 1 1.78 60 60 3600
-461.469 1015.205 1 1.49 60 60 3600
-1527.354 4264.413 1 1.18 60 60 3600
2101.540 -2752.587 1 1.52 60 60 3600
4702.263 -2011.797 1 0.49 60 60 3600
1099.256 706.437 1 1.60 60 60 3600
-639.398 -999.142 1 0.36 60 60 3600
2114.655 1913.346 1 0.71 60 60 3600
-3156.441 1763.698 1 0.52 60 60 3600
-4873.303 -4230.995 1 0.91 60 60 3600
-4921.534 4416.031 1 0.98 60 60 3600
-4161.603 -1941.109 1 1.01 60 60 3600
4954.406 -3932.513 1 0.77 60 60 3600
2567.758 -1761.761 1 0.30 60 60 3600
-1868.873 4946.682 1 0.26 60 60 3600
-3173.152 -3898.738 1 1.47 60 60 3600
-3685.845 1689.871 1 1.32 60 60 3600
1199.440 3325.028 1 1.39 60 60 3600
-4477.993 -907.035 1 0.55 60 60 3600
-1718.779 -1048.345 1 1.33 60 60 3600
-2186.509 973.237 1 0.40 60 60 3600
-4259.568 -2885.259 1 0.72 60 60 3600
1115.593 -840.188 1 1.16 60 60 3600
1311.856 -3493.890 1 0.92 60 60 3600
-2415.996 471.373 1 0.35 60 60 3600
-1150.554 -680.566 1 1.02 60 60 3600
-3007.641 4850.491 1 0.24 60 60 3600
-2930.238 -126.348 1 0.32 60 60 3600
2151.071 778.071 1 1.05 60 60 3600
-3592.739 -3443.595 1 0.76 60 60 3600
515.572 2813.168 1 1.06 60 60 3600
3571.060 -3041.518 1 1.67 60 60 3600
2872.217 -2562.375 1 0.70 60 60 3600
-4736.288 2898.973 1 0.82 60 60 3600
464.784 -1106.087 1 1.23 60 60 3600
1606.535 133.784 1 0.82 60 60 3600
-3938.466 -4039.547 1 0.72 60 60 3600
-4834.684 1400.472 1 0.24 60 60 3600
-3787.505 3880.393 1 1.87 60 60 3600
2021.518 -656.821 1 1.00 60 60 3600
-2708.254 -1903.271 1 1.94 60 60 3600
-2490.469 4808.824 1 1.10 60 60 3600
-246.811 9.785 1 1.30 60 60 3600
-1156.425 -3010.360 1 1.56 60 60 3600
-2950.846 1124.510 1 0.72 60 60 3600
-4144.305 4965.963 1 1.49 60 60 3600
-3750.591 -2330.317 1 1.06 60 60 3600
974.515 1638.374 1 1.42 60 60 3600
599.793 2300.728 1 1.66 60 60 3600
-1214.800 -2024.699 1 1.92 60 60 3600
-2833.712 -1340.560 1 0.25 60 60 3600
-1415.968 -3512.691 1 1.15 60 60 3600
-4961.680 -2520.485 1 0.90 60 60 3600
-209.222 -4426.161 1 0.87 60 60 3600
1180.214 -190.580 1 1.47 60 60 3600
1055.171 -4237.284 1 0.86 60 60 3600
916.660 -2189.163 1 0.85 60 60 3600
-2385.442 4003.579 1 0.26 60 60 3600
4365.234 -716.545 1 0.85 60 60 3600
-4024.932 720.040 1 1.02 60 60 3600
-3219.492 -4851.081 1 2.00 60 60 3600
-1873.871 -269.539 1 1.45 60 60 3600
-3421.086 32.082 1 1.06 60 60 3600
407.292 1543.530 1 0.99 60 60 3600
-4919.580 -1317.194 1 0.93 60 60 3600
-2501.781 2181.761 1 1.50 60 60 3600
3617.047 -1454.741 1 0.63 60 60 3600
-24.838 2395.094 1 0.57 60 60 3600
-2818.898 2701.670 1 1.22 60 60 3600
-1581.177 652.035 1 1.53 60 60 3600
571.951 -3402.618 1 1.19 60 60 3600
2533.535 -4500.712 1 0.95 60 60 3600
1272.873 -2847.799 1 0.50 60 60 3600
3754.955 -2009.460 1 0.76 60 60 3600
