trucks_count 1
drones_count 1
customers 100
depot 0 0
Coordinate X Coordinate Y Dronable Demand
X Y Dronable Demand Drone_service Truck_service Lw
-1739.725 1832.828 1 1.53 60 60 3600
-235.411 -3561.116 1 0.58 60 60 3600
2150.187 -3518.168 1 0.87 60 60 3600
93.179 2045.883 1 1.26 60 60 3600
-4498.559 3275.892 1 0.61 60 60 3600
1429.582 2746.075 1 0.21 60 60 3600
-3768.767 4826.245 1 1.75 60 60 3600
-2280.384 -1002.949 1 1.25 60 60 3600
908.782 -23.077 1 1.89 60 60 3600
-3522.548 3819.601 1 1.45 60 60 3600
-2371.485 -1586.778 1 0.33 60 60 3600
-3234.322 1535.793 1 0.88 60 60 3600
-4252.954 -660.974 1 0.25 60 60 3600
255.593 2748.969 1 1.97 60 60 3600
-2555.308 654.428 1 2.00 60 60 3600
2744.222 -4463.554 1 0.49 60 60 3600
3705.130 -4132.443 1 1.19 60 60 3600
-2109.341 2953.616 1 1.47 60 60 3600
722.294 -710.018 1 1.70 60 60 3600
-2820.618 -1098.038 1 1.66 60 60 3600
-2139.441 360.521 1 0.41 60 60 3600
-4779.645 -3069.382 1 0.71 60 60 3600
-3947.227 -83.791 1 0.72 60 60 3600
438.356 -2956.926 1 0.40 60 60 3600
3033.799 -2952.474 1 1.59 60 60 3600
-3938.466 -4039.547 1 0.78 60 60 3600
335.470 -1311.094 1 1.11 60 60 3600
-4751.627 -4440.043 1 1.10 60 60 3600
-3219.492 -4851.081 1 1.15 60 60 3600
625.784 -4210.301 1 1.09 60 60 3600
1606.535 133.784 1 1.16 60 60 3600
3891.066 -2261.321 1 1.96 60 60 3600
-1075.967 2435.314 1 0.53 60 60 3600
1941.547 1133.783 1 0.95 60 60 3600
-729.325 -1749.962 1 0.58 60 60 3600
-2501.781 2181.761 1 0.48 60 60 3600
1826.793 -1949.191 1 0.60 60 60 3600
-432.027 363.382 1 0.27 60 60 3600
-1575.482 3816.751 1 1.92 60 60 3600
4617.283 -2815.027 1 1.16 60 60 3600
-4033.776 3647.934 1 1.50 60 60 3600
-2377.502 4583.378 1 1.13 60 60 3600
-927.738 1332.545 1 1.66 60 60 3600
1394.808 3265.383 1 0.83 60 60 3600
-2286.817 1589.705 1 0.89 60 60 3600
-4824.905 4992.680 1 0.55 60 60 3600
-3120.992 -3347.326 1 1.69 60 60 3600
-3860.024 -2066.845 1 1.73 60 60 3600
-1484.267 289.510 1 1.98 60 60 3600
-1673.592 -1345.080 1 1.62 60 60 3600
-398.085 -2153.263 1 0.22 60 60 3600
2114.655 1913.346 1 1.55 60 60 3600
-4503.205 -2345.423 1 1.16 60 60 3600
-2615.376 -350.380 1 1.19 60 60 3600
974.515 1638.374 1 1.58 60 60 3600
-4125.978 -1573.931 1 1.87 60 60 3600
-4736.600 2201.999 1 0.99 60 60 3600
1311.856 -3493.890 1 0.27 60 60 3600
1634.304 -682.202 1 1.11 60 60 3600
1472.430 1500.928 1 0.82 60 60 3600
-423.661 1547.426 1 0.98 60 60 3600
3571.060 -3041.518 1 1.54 60 60 3600
-4755.285 -3903.948 1 1.50 60 60 3600
2981.161 -3647.177 1 1.17 60 60 3600
-1950.464 2387.235 1 0.21 60 60 3600
-4994.832 -124.489 1 1.98 60 60 3600
-2887.691 3069.493 1 0.66 60 60 3600
870.632 2872.713 1 1.85 60 60 3600
4686.975 -3822.606 1 0.31 60 60 3600
4702.263 -2011.797 1 0.34 60 60 3600
-3181.185 2396.786 1 1.46 60 60 3600
2487.372 -2232.322 1 0.86 60 60 3600
-356.587 -930.034 1 0.76 60 60 3600
66.117 -4185.009 1 1.99 60 60 3600
-4919.580 -1317.194 1 0.63 60 60 3600
-3314.989 -4279.386 1 1.00 60 60 3600
-4984.721 3470.546 1 0.50 60 60 3600
1769.468 -3164.739 1 0.73 60 60 3600
1974.367 3001.666 1 1.43 60 60 3600
768.317 -3615.690 1 1.57 60 60 3600
-2918.744 4224.583 1 1.34 60 60 3600
-3968.989 -2850.093 1 0.36 60 60 3600
-3949.108 1193.762 1 1.27 60 60 3600
1404.073 -4286.583 1 1.15 60 60 3600
-3627.668 2059.965 1 1.50 60 60 3600
3617.047 -1454.741 1 1.17 60 60 3600
-3137.994 -70.243 1 1.65 60 60 3600
2533.192 -795.571 1 1.21 60 60 3600
-1033.004 -3398.388 1 1.20 60 60 3600
-3183.513 -2011.141 1 1.24 60 60 3600
1195.605 -1620.318 1 1.58 60 60 3600
-1314.131 -210.517 1 1.60 60 60 3600
2101.540 -2752.587 1 1.52 60 60 3600
4260.374 -1206.508 1 1.27 60 60 3600
-2833.452 3700.511 1 1.29 60 60 3600
-4834.684 1400.472 1 1.37 60 60 3600
2144.201 182.966 1 0.74 60 60 3600
-4827.825 711.012 1 1.18 60 60 3600
-268.064 -197.693 1 1.54 60 60 3600
-1092.293 603.900 1 1.50 60 60 3600
