trucks_count 1
drones_count 1
customers 100
depot 0 0
Coordinate X Coordinate Y Dronable Demand
X Y Dronable Demand Drone_service Truck_service Lw
1242.247 1238.012 1 0.24 60 60 3600
2487.372 -2232.322 1 1.41 60 60 3600
214.325 25.125 1 0.48 60 60 3600
1439.631 -4088.784 1 1.93 60 60 3600
-2950.846 1124.510 1 0.91 60 60 3600
2101.540 -2752.587 1 1.49 60 60 3600
391.049 -4873.723 1 1.69 60 60 3600
761.375 1492.144 1 0.55 60 60 3600
-4.583 561.654 1 0.25 60 60 3600
-4716.958 3258.336 1 1.07 60 60 3600
-1842.372 589.473 1 0.30 60 60 3600
-4259.568 -2885.259 1 0.88 60 60 3600
-4033.776 3647.934 1 1.13 60 60 3600
2744.222 -4463.554 1 1.61 60 60 3600
4261.953 -1947.109 1 1.35 60 60 3600
1585.968 -2552.178 1 0.97 60 60 3600
1429.582 2746.075 1 0.21 60 60 3600
-1527.354 4264.413 1 1.21 60 60 3600
1768.492 -1443.642 1 1.61 60 60 3600
-4104.112 4387.667 1 1.87 60 60 3600
3203.768 -1846.409 1 1.30 60 60 3600
2130.857 385.290 1 0.21 60 60 3600
-3869.242 -3299.937 1 1.09 60 60 3600
-3949.108 1193.762 1 0.90 60 60 3600
3352.838 -3030.431 1 0.24 60 60 3600
2021.518 -656.821 1 0.99 60 60 3600
-1716.124 -479.277 1 1.98 60 60 3600
-4859.179 1867.048 1 0.20 60 60 3600
-738.106 -2070.697 1 1.08 60 60 3600
1769.468 -3164.739 1 1.19 60 60 3600
1136.493 -4687.385 1 1.23 60 60 3600
-3595.160 -2522.801 1 1.28 60 60 3600
1199.440 3325.028 1 1.62 60 60 3600
-1420.696 -1711.801 1 1.25 60 60 3600
-1175.433 1511.392 1 1.52 60 60 3600
-2049.754 1135.943 1 1.05 60 60 3600
-980.480 -2714.772 1 0.98 60 60 3600
-3266.924 164.353 1 1.28 60 60 3600
1202.828 1970.097 1 0.27 60 60 3600
2167.522 -161.715 1 1.91 60 60 3600
-4668.809 2392.590 1 1.85 60 60 3600
-2521.376 2700.434 1 1.11 60 60 3600
-2833.712 -1340.560 1 0.49 60 60 3600
2329.136 -4941.216 1 0.98 60 60 3600
-2157.410 2325.864 1 1.23 60 60 3600
1262.211 -1112.888 1 1.58 60 60 3600
-1868.873 4946.682 1 1.53 60 60 3600
-4697.576 1222.104 1 1.52 60 60 3600
-15.963 1070.887 1 0.70 60 60 3600
-4127.734 -3842.577 1 1.51 60 60 3600
-240.400 -1804.520 1 1.41 60 60 3600
-3125.201 4095.507 1 1.85 60 60 3600
-24.838 2395.094 1 0.69 60 60 3600
4365.234 -716.545 1 0.80 60 60 3600
-272.138 -532.188 1 0.44 60 60 3600
1904.758 911.388 1 0.23 60 60 3600
-4779.645 -3069.382 1 1.01 60 60 3600
-2642.137 -4200.772 1 1.42 60 60 3600
870.632 2872.713 1 0.78 60 60 3600
-3860.024 -2066.845 1 0.53 60 60 3600
-2728.041 1595.204 1 0.58 60 60 3600
-2662.356 -2891.582 1 0.60 60 60 3600
-3036.480 -4668.460 1 0.74 60 60 3600
3617.047 -1454.741 1 0.42 60 60 3600
1945.476 2791.416 1 1.72 60 60 3600
-2385.442 4003.579 1 1.52 60 60 3600
-235.411 -3561.116 1 0.57 60 60 3600
-123.286 -4667.102 1 0.21 60 60 3600
-4961.680 -2520.485 1 0.52 60 60 3600
836.045 -263.149 1 1.96 60 60 3600
335.470 -1311.094 1 0.60 60 60 3600
-4167.901 1932.092 1 1.34 60 60 3600
1011.315 269.439 1 1.11 60 60 3600
-1150.554 -680.566 1 1.45 60 60 3600
3948.827 -2836.667 1 0.77 60 60 3600
-2700.034 4942.441 1 1.65 60 60 3600
625.784 -4210.301 1 1.28 60 60 3600
-1415.968 -3512.691 1 0.54 60 60 3600
-4976.964 -1982.194 1 0.25 60 60 3600
1900.726 2182.362 1 1.08 60 60 3600
-2764.872 4.144 1 0.92 60 60 3600
442.731 -2663.943 1 1.99 60 60 3600
4617.283 -2815.027 1 0.77 60 60 3600
-3349.056 3171.318 1 0.54 60 60 3600
-3285.090 4959.306 1 1.38 60 60 3600
4643.899 -4458.923 1 1.30 60 60 3600
-3554.910 -1027.495 1 0.96 60 60 3600
-4332.217 -1597.008 1 0.75 60 60 3600
1232.758 -2183.353 1 1.70 60 60 3600
2203.833 -3756.382 1 0.43 60 60 3600
-4472.765 264.040 1 1.43 60 60 3600
-2502.774 -799.856 1 0.92 60 60 3600
-3414.856 2115.709 1 0.49 60 60 3600
-3514.218 -3856.036 1 1.06 60 60 3600
-101.389 1595.405 1 0.41 60 60 3600
-4755.285 -3903.948 1 1.60 60 60 3600
-1603.479 2928.306 1 1.47 60 60 3600
1591.487 -277.443 1 1.44 60 60 3600
-639.398 -999.142 1 1.65 60 60 3600
-4740.632 4504.475 1 1.36 60 60 3600
