# i j vmax_ij_m_per_s road_class free_flow_speed_kmh
0 1 9.722222 suburban 35.0
0 2 8.333333 urban 30.0
0 3 9.722222 suburban 35.0
0 4 9.722222 suburban 35.0
0 5 8.333333 urban 30.0
0 6 8.333333 urban 30.0
0 7 8.333333 urban 30.0
0 8 9.722222 suburban 35.0
0 9 8.333333 urban 30.0
0 10 8.333333 urban 30.0
0 11 9.722222 suburban 35.0
0 12 8.333333 urban 30.0
0 13 8.333333 urban 30.0
0 14 9.722222 suburban 35.0
0 15 8.333333 urban 30.0
0 16 8.333333 urban 30.0
0 17 9.722222 suburban 35.0
0 18 8.333333 urban 30.0
0 19 8.333333 urban 30.0
0 20 9.722222 suburban 35.0
0 21 9.722222 suburban 35.0
0 22 8.333333 urban 30.0
0 23 9.722222 suburban 35.0
0 24 9.722222 suburban 35.0
0 25 9.722222 suburban 35.0
0 26 9.722222 suburban 35.0
0 27 8.333333 urban 30.0
0 28 9.722222 suburban 35.0
0 29 8.333333 urban 30.0
0 30 9.722222 suburban 35.0
0 31 8.333333 urban 30.0
0 32 8.333333 urban 30.0
0 33 8.333333 urban 30.0
0 34 8.333333 urban 30.0
0 35 8.333333 urban 30.0
0 36 9.722222 suburban 35.0
0 37 8.333333 urban 30.0
0 38 8.333333 urban 30.0
0 39 9.722222 suburban 35.0
0 40 9.722222 suburban 35.0
0 41 9.722222 suburban 35.0
0 42 8.333333 urban 30.0
0 43 8.333333 urban 30.0
0 44 8.333333 urban 30.0
0 45 9.722222 suburban 35.0
0 46 8.333333 urban 30.0
0 47 8.333333 urban 30.0
0 48 8.333333 urban 30.0
0 49 9.722222 suburban 35.0
0 50 9.722222 suburban 35.0
1 0 9.722222 suburban 35.0
1 2 9.722222 suburban 35.0
1 3 8.333333 urban 30.0
1 4 8.333333 urban 30.0
1 5 9.722222 suburban 35.0
1 6 9.722222 suburban 35.0
1 7 11.111111 arterial 40.0
1 8 8.333333 urban 30.0
1 9 11.111111 arterial 40.0
1 10 9.722222 suburban 35.0
1 11 11.111111 arterial 40.0
1 12 11.111111 arterial 40.0
1 13 11.111111 arterial 40.0
1 14 9.722222 suburban 35.0
1 15 11.111111 arterial 40.0
1 16 11.111111 arterial 40.0
1 17 9.722222 suburban 35.0
1 18 9.722222 suburban 35.0
1 19 11.111111 arterial 40.0
1 20 11.111111 arterial 40.0
1 21 9.722222 suburban 35.0
1 22 8.333333 urban 30.0
1 23 8.333333 urban 30.0
1 24 9.722222 suburban 35.0
1 25 11.111111 arterial 40.0
1 26 11.111111 arterial 40.0
1 27 11.111111 arterial 40.0
1 28 11.111111 arterial 40.0
1 29 9.722222 suburban 35.0
1 30 11.111111 arterial 40.0
1 31 9.722222 suburban 35.0
1 32 9.722222 suburban 35.0
1 33 9.722222 suburban 35.0
1 34 9.722222 suburban 35.0
1 35 9.722222 suburban 35.0
1 36 11.111111 arterial 40.0
1 37 11.111111 arterial 40.0
1 38 9.722222 suburban 35.0
1 39 9.722222 suburban 35.0
1 40 11.111111 arterial 40.0
1 41 9.722222 suburban 35.0
1 42 8.333333 urban 30.0
1 43 11.111111 arterial 40.0
1 44 11.111111 arterial 40.0
1 45 11.111111 arterial 40.0
1 46 11.111111 arterial 40.0
1 47 11.111111 arterial 40.0
1 48 9.722222 suburban 35.0
1 49 11.111111 arterial 40.0
1 50 9.722222 suburban 35.0
2 0 8.333333 urban 30.0
2 1 9.722222 suburban 35.0
2 3 9.722222 suburban 35.0
2 4 9.722222 suburban 35.0
2 5 8.333333 urban 30.0
2 6 8.333333 urban 30.0
2 7 8.333333 urban 30.0
2 8 9.722222 suburban 35.0
2 9 8.333333 urban 30.0
2 10 8.333333 urban 30.0
2 11 8.333333 urban 30.0
2 12 8.333333 urban 30.0
2 13 8.333333 urban 30.0
2 14 8.333333 urban 30.0
2 15 9.722222 suburban 35.0
2 16 8.333333 urban 30.0
2 17 9.722222 suburban 35.0
2 18 8.333333 urban 30.0
2 19 9.722222 suburban 35.0
2 20 9.722222 suburban 35.0
2 21 9.722222 suburban 35.0
2 22 8.333333 urban 30.0
2 23 9.722222 suburban 35.0
2 24 11.111111 arterial 40.0
2 25 8.333333 urban 30.0
2 26 8.333333 urban 30.0
2 27 8.333333 urban 30.0
2 28 9.722222 suburban 35.0
2 29 9.722222 suburban 35.0
2 30 8.333333 urban 30.0
2 31 9.722222 suburban 35.0
2 32 8.333333 urban 30.0
2 33 9.722222 suburban 35.0
2 34 9.722222 suburban 35.0
2 35 8.333333 urban 30.0
2 36 9.722222 suburban 35.0
2 37 9.722222 suburban 35.0
2 38 9.722222 suburban 35.0
2 39 8.333333 urban 30.0
2 40 8.333333 urban 30.0
2 41 8.333333 urban 30.0
2 42 9.722222 suburban 35.0
2 43 8.333333 urban 30.0
2 44 8.333333 urban 30.0
2 45 9.722222 suburban 35.0
2 46 8.333333 urban 30.0
2 47 8.333333 urban 30.0
2 48 8.333333 urban 30.0
2 49 8.333333 urban 30.0
2 50 8.333333 urban 30.0
3 0 9.722222 suburban 35.0
3 1 8.333333 urban 30.0
3 2 9.722222 suburban 35.0
3 4 11.111111 arterial 40.0
3 5 11.111111 arterial 40.0
3 6 9.722222 suburban 35.0
3 7 9.722222 suburban 35.0
3 8 11.111111 arterial 40.0
3 9 9.722222 suburban 35.0
3 10 9.722222 suburban 35.0
3 11 9.722222 suburban 35.0
3 12 9.722222 suburban 35.0
3 13 8.333333 urban 30.0
3 14 11.111111 arterial 40.0
3 15 9.722222 suburban 35.0
3 16 9.722222 suburban 35.0
3 17 11.111111 arterial 40.0
3 18 9.722222 suburban 35.0
3 19 9.722222 suburban 35.0
3 20 8.333333 urban 30.0
3 21 11.111111 arterial 40.0
3 22 11.111111 arterial 40.0
3 23 11.111111 arterial 40.0
3 24 11.111111 arterial 40.0
3 25 9.722222 suburban 35.0
3 26 11.111111 arterial 40.0
3 27 9.722222 suburban 35.0
3 28 8.333333 urban 30.0
3 29 11.111111 arterial 40.0
3 30 9.722222 suburban 35.0
3 31 11.111111 arterial 40.0
3 32 9.722222 suburban 35.0
3 33 11.111111 arterial 40.0
3 34 11.111111 arterial 40.0
3 35 11.111111 arterial 40.0
3 36 11.111111 arterial 40.0
3 37 9.722222 suburban 35.0
3 38 11.111111 arterial 40.0
3 39 11.111111 arterial 40.0
3 40 9.722222 suburban 35.0
3 41 11.111111 arterial 40.0
3 42 11.111111 arterial 40.0
3 43 9.722222 suburban 35.0
3 44 8.333333 urban 30.0
3 45 9.722222 suburban 35.0
3 46 9.722222 suburban 35.0
3 47 9.722222 suburban 35.0
3 48 11.111111 arterial 40.0
3 49 11.111111 arterial 40.0
3 50 11.111111 arterial 40.0
4 0 9.722222 suburban 35.0
4 1 8.333333 urban 30.0
4 2 9.722222 suburban 35.0
4 3 11.111111 arterial 40.0
4 5 11.111111 arterial 40.0
4 6 9.722222 suburban 35.0
4 7 9.722222 suburban 35.0
4 8 11.111111 arterial 40.0
4 9 9.722222 suburban 35.0
4 10 9.722222 suburban 35.0
4 11 9.722222 suburban 35.0
4 12 9.722222 suburban 35.0
4 13 8.333333 urban 30.0
4 14 11.111111 arterial 40.0
4 15 9.722222 suburban 35.0
4 16 9.722222 suburban 35.0
4 17 11.111111 arterial 40.0
4 18 9.722222 suburban 35.0
4 19 9.722222 suburban 35.0
4 20 8.333333 urban 30.0
4 21 11.111111 arterial 40.0
4 22 11.111111 arterial 40.0
4 23 11.111111 arterial 40.0
4 24 11.111111 arterial 40.0
4 25 9.722222 suburban 35.0
4 26 11.111111 arterial 40.0
4 27 9.722222 suburban 35.0
4 28 8.333333 urban 30.0
4 29 11.111111 arterial 40.0
4 30 9.722222 suburban 35.0
4 31 11.111111 arterial 40.0
4 32 11.111111 arterial 40.0
4 33 11.111111 arterial 40.0
4 34 11.111111 arterial 40.0
4 35 11.111111 arterial 40.0
4 36 11.111111 arterial 40.0
4 37 9.722222 suburban 35.0
4 38 11.111111 arterial 40.0
4 39 11.111111 arterial 40.0
4 40 9.722222 suburban 35.0
4 41 11.111111 arterial 40.0
4 42 11.111111 arterial 40.0
4 43 9.722222 suburban 35.0
4 44 9.722222 suburban 35.0
4 45 11.111111 arterial 40.0
4 46 9.722222 suburban 35.0
4 47 9.722222 suburban 35.0
4 48 11.111111 arterial 40.0
4 49 11.111111 arterial 40.0
4 50 11.111111 arterial 40.0
5 0 8.333333 urban 30.0
5 1 9.722222 suburban 35.0
5 2 8.333333 urban 30.0
5 3 11.111111 arterial 40.0
5 4 11.111111 arterial 40.0
5 6 8.333333 urban 30.0
5 7 8.333333 urban 30.0
5 8 9.722222 suburban 35.0
5 9 8.333333 urban 30.0
5 10 8.333333 urban 30.0
5 11 9.722222 suburban 35.0
5 12 8.333333 urban 30.0
5 13 8.333333 urban 30.0
5 14 9.722222 suburban 35.0
5 15 8.333333 urban 30.0
5 16 9.722222 suburban 35.0
5 17 9.722222 suburban 35.0
5 18 8.333333 urban 30.0
5 19 8.333333 urban 30.0
5 20 8.333333 urban 30.0
5 21 9.722222 suburban 35.0
5 22 9.722222 suburban 35.0
5 23 11.111111 arterial 40.0
5 24 9.722222 suburban 35.0
5 25 9.722222 suburban 35.0
5 26 9.722222 suburban 35.0
5 27 9.722222 suburban 35.0
5 28 8.333333 urban 30.0
5 29 8.333333 urban 30.0
5 30 9.722222 suburban 35.0
5 31 9.722222 suburban 35.0
5 32 8.333333 urban 30.0
5 33 8.333333 urban 30.0
5 34 8.333333 urban 30.0
5 35 9.722222 suburban 35.0
5 36 11.111111 arterial 40.0
5 37 8.333333 urban 30.0
5 38 8.333333 urban 30.0
5 39 9.722222 suburban 35.0
5 40 9.722222 suburban 35.0
5 41 9.722222 suburban 35.0
5 42 9.722222 suburban 35.0
5 43 8.333333 urban 30.0
5 44 8.333333 urban 30.0
5 45 8.333333 urban 30.0
5 46 8.333333 urban 30.0
5 47 8.333333 urban 30.0
5 48 9.722222 suburban 35.0
5 49 9.722222 suburban 35.0
5 50 9.722222 suburban 35.0
6 0 8.333333 urban 30.0
6 1 9.722222 suburban 35.0
6 2 8.333333 urban 30.0
6 3 9.722222 suburban 35.0
6 4 9.722222 suburban 35.0
6 5 8.333333 urban 30.0
6 7 8.333333 urban 30.0
6 8 9.722222 suburban 35.0
6 9 8.333333 urban 30.0
6 10 8.333333 urban 30.0
6 11 9.722222 suburban 35.0
6 12 9.722222 suburban 35.0
6 13 9.722222 suburban 35.0
6 14 9.722222 suburban 35.0
6 15 8.333333 urban 30.0
6 16 8.333333 urban 30.0
6 17 8.333333 urban 30.0
6 18 8.333333 urban 30.0
6 19 8.333333 urban 30.0
6 20 9.722222 suburban 35.0
6 21 8.333333 urban 30.0
6 22 8.333333 urban 30.0
6 23 9.722222 suburban 35.0
6 24 9.722222 suburban 35.0
6 25 9.722222 suburban 35.0
6 26 9.722222 suburban 35.0
6 27 8.333333 urban 30.0
6 28 9.722222 suburban 35.0
6 29 8.333333 urban 30.0
6 30 9.722222 suburban 35.0
6 31 8.333333 urban 30.0
6 32 8.333333 urban 30.0
6 33 8.333333 urban 30.0
6 34 8.333333 urban 30.0
6 35 9.722222 suburban 35.0
6 36 9.722222 suburban 35.0
6 37 8.333333 urban 30.0
6 38 8.333333 urban 30.0
6 39 9.722222 suburban 35.0
6 40 9.722222 suburban 35.0
6 41 9.722222 suburban 35.0
6 42 8.333333 urban 30.0
6 43 8.333333 urban 30.0
6 44 8.333333 urban 30.0
6 45 8.333333 urban 30.0
6 46 8.333333 urban 30.0
6 47 8.333333 urban 30.0
6 48 8.333333 urban 30.0
6 49 9.722222 suburban 35.0
6 50 9.722222 suburban 35.0
7 0 8.333333 urban 30.0
7 1 11.111111 arterial 40.0
7 2 8.333333 urban 30.0
7 3 9.722222 suburban 35.0
7 4 9.722222 suburban 35.0
7 5 8.333333 urban 30.0
7 6 8.333333 urban 30.0
7 8 9.722222 suburban 35.0
7 9 8.333333 urban 30.0
7 10 8.333333 urban 30.0
7 11 8.333333 urban 30.0
7 12 8.333333 urban 30.0
7 13 8.333333 urban 30.0
7 14 8.333333 urban 30.0
7 15 9.722222 suburban 35.0
7 16 8.333333 urban 30.0
7 17 9.722222 suburban 35.0
7 18 8.333333 urban 30.0
7 19 9.722222 suburban 35.0
7 20 9.722222 suburban 35.0
7 21 9.722222 suburban 35.0
7 22 8.333333 urban 30.0
7 23 9.722222 suburban 35.0
7 24 9.722222 suburban 35.0
7 25 9.722222 suburban 35.0
7 26 8.333333 urban 30.0
7 27 8.333333 urban 30.0
7 28 9.722222 suburban 35.0
7 29 9.722222 suburban 35.0
7 30 8.333333 urban 30.0
7 31 9.722222 suburban 35.0
7 32 8.333333 urban 30.0
7 33 9.722222 suburban 35.0
7 34 8.333333 urban 30.0
7 35 8.333333 urban 30.0
7 36 9.722222 suburban 35.0
7 37 9.722222 suburban 35.0
7 38 8.333333 urban 30.0
7 39 8.333333 urban 30.0
7 40 8.333333 urban 30.0
7 41 8.333333 urban 30.0
7 42 8.333333 urban 30.0
7 43 8.333333 urban 30.0
7 44 8.333333 urban 30.0
7 45 9.722222 suburban 35.0
7 46 8.333333 urban 30.0
7 47 8.333333 urban 30.0
7 48 8.333333 urban 30.0
7 49 9.722222 suburban 35.0
7 50 8.333333 urban 30.0
8 0 9.722222 suburban 35.0
8 1 8.333333 urban 30.0
8 2 9.722222 suburban 35.0
8 3 11.111111 arterial 40.0
8 4 11.111111 arterial 40.0
8 5 9.722222 suburban 35.0
8 6 9.722222 suburban 35.0
8 7 9.722222 suburban 35.0
8 9 9.722222 suburban 35.0
8 10 9.722222 suburban 35.0
8 11 9.722222 suburban 35.0
8 12 8.333333 urban 30.0
8 13 8.333333 urban 30.0
8 14 11.111111 arterial 40.0
8 15 9.722222 suburban 35.0
8 16 9.722222 suburban 35.0
8 17 11.111111 arterial 40.0
8 18 9.722222 suburban 35.0
8 19 9.722222 suburban 35.0
8 20 8.333333 urban 30.0
8 21 11.111111 arterial 40.0
8 22 11.111111 arterial 40.0
8 23 11.111111 arterial 40.0
8 24 11.111111 arterial 40.0
8 25 8.333333 urban 30.0
8 26 9.722222 suburban 35.0
8 27 9.722222 suburban 35.0
8 28 8.333333 urban 30.0
8 29 11.111111 arterial 40.0
8 30 9.722222 suburban 35.0
8 31 11.111111 arterial 40.0
8 32 9.722222 suburban 35.0
8 33 11.111111 arterial 40.0
8 34 11.111111 arterial 40.0
8 35 11.111111 arterial 40.0
8 36 9.722222 suburban 35.0
8 37 9.722222 suburban 35.0
8 38 11.111111 arterial 40.0
8 39 9.722222 suburban 35.0
8 40 8.333333 urban 30.0
8 41 11.111111 arterial 40.0
8 42 11.111111 arterial 40.0
8 43 9.722222 suburban 35.0
8 44 8.333333 urban 30.0
8 45 11.111111 arterial 40.0
8 46 8.333333 urban 30.0
8 47 9.722222 suburban 35.0
8 48 9.722222 suburban 35.0
8 49 9.722222 suburban 35.0
8 50 11.111111 arterial 40.0
9 0 8.333333 urban 30.0
9 1 11.111111 arterial 40.0
9 2 8.333333 urban 30.0
9 3 9.722222 suburban 35.0
9 4 9.722222 suburban 35.0
9 5 8.333333 urban 30.0
9 6 8.333333 urban 30.0
9 7 8.333333 urban 30.0
9 8 9.722222 suburban 35.0
9 10 8.333333 urban 30.0
9 11 9.722222 suburban 35.0
9 12 9.722222 suburban 35.0
9 13 9.722222 suburban 35.0
9 14 8.333333 urban 30.0
9 15 9.722222 suburban 35.0
9 16 8.333333 urban 30.0
9 17 9.722222 suburban 35.0
9 18 8.333333 urban 30.0
9 19 9.722222 suburban 35.0
9 20 9.722222 suburban 35.0
9 21 8.333333 urban 30.0
9 22 8.333333 urban 30.0
9 23 9.722222 suburban 35.0
9 24 9.722222 suburban 35.0
9 25 9.722222 suburban 35.0
9 26 9.722222 suburban 35.0
9 27 8.333333 urban 30.0
9 28 11.111111 arterial 40.0
9 29 8.333333 urban 30.0
9 30 9.722222 suburban 35.0
9 31 8.333333 urban 30.0
9 32 8.333333 urban 30.0
9 33 8.333333 urban 30.0
9 34 8.333333 urban 30.0
9 35 8.333333 urban 30.0
9 36 9.722222 suburban 35.0
9 37 9.722222 suburban 35.0
9 38 8.333333 urban 30.0
9 39 8.333333 urban 30.0
9 40 9.722222 suburban 35.0
9 41 9.722222 suburban 35.0
9 42 8.333333 urban 30.0
9 43 8.333333 urban 30.0
9 44 8.333333 urban 30.0
9 45 9.722222 suburban 35.0
9 46 8.333333 urban 30.0
9 47 8.333333 urban 30.0
9 48 8.333333 urban 30.0
9 49 9.722222 suburban 35.0
9 50 8.333333 urban 30.0
10 0 8.333333 urban 30.0
10 1 9.722222 suburban 35.0
10 2 8.333333 urban 30.0
10 3 9.722222 suburban 35.0
10 4 9.722222 suburban 35.0
10 5 8.333333 urban 30.0
10 6 8.333333 urban 30.0
10 7 8.333333 urban 30.0
10 8 9.722222 suburban 35.0
10 9 8.333333 urban 30.0
10 11 9.722222 suburban 35.0
10 12 8.333333 urban 30.0
10 13 8.333333 urban 30.0
10 14 9.722222 suburban 35.0
10 15 9.722222 suburban 35.0
10 16 8.333333 urban 30.0
10 17 9.722222 suburban 35.0
10 18 8.333333 urban 30.0
10 19 8.333333 urban 30.0
10 20 9.722222 suburban 35.0
10 21 9.722222 suburban 35.0
10 22 8.333333 urban 30.0
10 23 9.722222 suburban 35.0
10 24 9.722222 suburban 35.0
10 25 9.722222 suburban 35.0
10 26 9.722222 suburban 35.0
10 27 8.333333 urban 30.0
10 28 9.722222 suburban 35.0
10 29 8.333333 urban 30.0
10 30 8.333333 urban 30.0
10 31 9.722222 suburban 35.0
10 32 8.333333 urban 30.0
10 33 8.333333 urban 30.0
10 34 8.333333 urban 30.0
10 35 8.333333 urban 30.0
10 36 9.722222 suburban 35.0
10 37 8.333333 urban 30.0
10 38 8.333333 urban 30.0
10 39 8.333333 urban 30.0
10 40 9.722222 suburban 35.0
10 41 9.722222 suburban 35.0
10 42 8.333333 urban 30.0
10 43 8.333333 urban 30.0
10 44 8.333333 urban 30.0
10 45 9.722222 suburban 35.0
10 46 8.333333 urban 30.0
10 47 8.333333 urban 30.0
10 48 8.333333 urban 30.0
10 49 9.722222 suburban 35.0
10 50 8.333333 urban 30.0
11 0 9.722222 suburban 35.0
11 1 11.111111 arterial 40.0
11 2 8.333333 urban 30.0
11 3 9.722222 suburban 35.0
11 4 9.722222 suburban 35.0
11 5 9.722222 suburban 35.0
11 6 9.722222 suburban 35.0
11 7 8.333333 urban 30.0
11 8 9.722222 suburban 35.0
11 9 9.722222 suburban 35.0
11 10 9.722222 suburban 35.0
11 12 11.111111 arterial 40.0
11 13 11.111111 arterial 40.0
11 14 11.111111 arterial 40.0
11 15 8.333333 urban 30.0
11 16 11.111111 arterial 40.0
11 17 8.333333 urban 30.0
11 18 9.722222 suburban 35.0
11 19 8.333333 urban 30.0
11 20 11.111111 arterial 40.0
11 21 8.333333 urban 30.0
11 22 9.722222 suburban 35.0
11 23 9.722222 suburban 35.0
11 24 8.333333 urban 30.0
11 25 11.111111 arterial 40.0
11 26 11.111111 arterial 40.0
11 27 11.111111 arterial 40.0
11 28 11.111111 arterial 40.0
11 29 8.333333 urban 30.0
11 30 11.111111 arterial 40.0
11 31 8.333333 urban 30.0
11 32 9.722222 suburban 35.0
11 33 8.333333 urban 30.0
11 34 8.333333 urban 30.0
11 35 11.111111 arterial 40.0
11 36 11.111111 arterial 40.0
11 37 8.333333 urban 30.0
11 38 8.333333 urban 30.0
11 39 11.111111 arterial 40.0
11 40 11.111111 arterial 40.0
11 41 11.111111 arterial 40.0
11 42 8.333333 urban 30.0
11 43 11.111111 arterial 40.0
11 44 9.722222 suburban 35.0
11 45 8.333333 urban 30.0
11 46 11.111111 arterial 40.0
11 47 11.111111 arterial 40.0
11 48 11.111111 arterial 40.0
11 49 11.111111 arterial 40.0
11 50 11.111111 arterial 40.0
12 0 8.333333 urban 30.0
12 1 11.111111 arterial 40.0
12 2 8.333333 urban 30.0
12 3 9.722222 suburban 35.0
12 4 9.722222 suburban 35.0
12 5 8.333333 urban 30.0
12 6 9.722222 suburban 35.0
12 7 8.333333 urban 30.0
12 8 8.333333 urban 30.0
12 9 9.722222 suburban 35.0
12 10 8.333333 urban 30.0
12 11 11.111111 arterial 40.0
12 13 11.111111 arterial 40.0
12 14 11.111111 arterial 40.0
12 15 8.333333 urban 30.0
12 16 9.722222 suburban 35.0
12 17 8.333333 urban 30.0
12 18 9.722222 suburban 35.0
12 19 8.333333 urban 30.0
12 20 11.111111 arterial 40.0
12 21 8.333333 urban 30.0
12 22 9.722222 suburban 35.0
12 23 9.722222 suburban 35.0
12 24 8.333333 urban 30.0
12 25 11.111111 arterial 40.0
12 26 11.111111 arterial 40.0
12 27 9.722222 suburban 35.0
12 28 11.111111 arterial 40.0
12 29 8.333333 urban 30.0
12 30 11.111111 arterial 40.0
12 31 8.333333 urban 30.0
12 32 9.722222 suburban 35.0
12 33 8.333333 urban 30.0
12 34 8.333333 urban 30.0
12 35 9.722222 suburban 35.0
12 36 11.111111 arterial 40.0
12 37 8.333333 urban 30.0
12 38 8.333333 urban 30.0
12 39 11.111111 arterial 40.0
12 40 11.111111 arterial 40.0
12 41 11.111111 arterial 40.0
12 42 8.333333 urban 30.0
12 43 9.722222 suburban 35.0
12 44 9.722222 suburban 35.0
12 45 8.333333 urban 30.0
12 46 9.722222 suburban 35.0
12 47 9.722222 suburban 35.0
12 48 9.722222 suburban 35.0
12 49 11.111111 arterial 40.0
12 50 9.722222 suburban 35.0
13 0 8.333333 urban 30.0
13 1 11.111111 arterial 40.0
13 2 8.333333 urban 30.0
13 3 8.333333 urban 30.0
13 4 8.333333 urban 30.0
13 5 8.333333 urban 30.0
13 6 9.722222 suburban 35.0
13 7 8.333333 urban 30.0
13 8 8.333333 urban 30.0
13 9 9.722222 suburban 35.0
13 10 8.333333 urban 30.0
13 11 11.111111 arterial 40.0
13 12 11.111111 arterial 40.0
13 14 9.722222 suburban 35.0
13 15 8.333333 urban 30.0
13 16 9.722222 suburban 35.0
13 17 8.333333 urban 30.0
13 18 9.722222 suburban 35.0
13 19 9.722222 suburban 35.0
13 20 11.111111 arterial 40.0
13 21 8.333333 urban 30.0
13 22 8.333333 urban 30.0
13 23 8.333333 urban 30.0
13 24 8.333333 urban 30.0
13 25 11.111111 arterial 40.0
13 26 11.111111 arterial 40.0
13 27 9.722222 suburban 35.0
13 28 11.111111 arterial 40.0
13 29 8.333333 urban 30.0
13 30 11.111111 arterial 40.0
13 31 8.333333 urban 30.0
13 32 9.722222 suburban 35.0
13 33 8.333333 urban 30.0
13 34 8.333333 urban 30.0
13 35 9.722222 suburban 35.0
13 36 11.111111 arterial 40.0
13 37 9.722222 suburban 35.0
13 38 8.333333 urban 30.0
13 39 9.722222 suburban 35.0
13 40 11.111111 arterial 40.0
13 41 11.111111 arterial 40.0
13 42 8.333333 urban 30.0
13 43 9.722222 suburban 35.0
13 44 9.722222 suburban 35.0
13 45 8.333333 urban 30.0
13 46 9.722222 suburban 35.0
13 47 9.722222 suburban 35.0
13 48 9.722222 suburban 35.0
13 49 11.111111 arterial 40.0
13 50 9.722222 suburban 35.0
14 0 9.722222 suburban 35.0
14 1 9.722222 suburban 35.0
14 2 8.333333 urban 30.0
14 3 11.111111 arterial 40.0
14 4 11.111111 arterial 40.0
14 5 9.722222 suburban 35.0
14 6 9.722222 suburban 35.0
14 7 8.333333 urban 30.0
14 8 11.111111 arterial 40.0
14 9 8.333333 urban 30.0
14 10 9.722222 suburban 35.0
14 11 11.111111 arterial 40.0
14 12 11.111111 arterial 40.0
14 13 9.722222 suburban 35.0
14 15 8.333333 urban 30.0
14 16 11.111111 arterial 40.0
14 17 8.333333 urban 30.0
14 18 9.722222 suburban 35.0
14 19 8.333333 urban 30.0
14 20 9.722222 suburban 35.0
14 21 9.722222 suburban 35.0
14 22 11.111111 arterial 40.0
14 23 11.111111 arterial 40.0
14 24 9.722222 suburban 35.0
14 25 11.111111 arterial 40.0
14 26 11.111111 arterial 40.0
14 27 11.111111 arterial 40.0
14 28 9.722222 suburban 35.0
14 29 8.333333 urban 30.0
14 30 11.111111 arterial 40.0
14 31 9.722222 suburban 35.0
14 32 9.722222 suburban 35.0
14 33 8.333333 urban 30.0
14 34 8.333333 urban 30.0
14 35 11.111111 arterial 40.0
14 36 11.111111 arterial 40.0
14 37 8.333333 urban 30.0
14 38 9.722222 suburban 35.0
14 39 11.111111 arterial 40.0
14 40 11.111111 arterial 40.0
14 41 11.111111 arterial 40.0
14 42 9.722222 suburban 35.0
14 43 11.111111 arterial 40.0
14 44 9.722222 suburban 35.0
14 45 8.333333 urban 30.0
14 46 9.722222 suburban 35.0
14 47 11.111111 arterial 40.0
14 48 11.111111 arterial 40.0
14 49 11.111111 arterial 40.0
14 50 11.111111 arterial 40.0
15 0 8.333333 urban 30.0
15 1 11.111111 arterial 40.0
15 2 9.722222 suburban 35.0
15 3 9.722222 suburban 35.0
15 4 9.722222 suburban 35.0
15 5 8.333333 urban 30.0
15 6 8.333333 urban 30.0
15 7 9.722222 suburban 35.0
15 8 9.722222 suburban 35.0
15 9 9.722222 suburban 35.0
15 10 9.722222 suburban 35.0
15 11 8.333333 urban 30.0
15 12 8.333333 urban 30.0
15 13 8.333333 urban 30.0
15 14 8.333333 urban 30.0
15 16 8.333333 urban 30.0
15 17 11.111111 arterial 40.0
15 18 8.333333 urban 30.0
15 19 11.111111 arterial 40.0
15 20 11.111111 arterial 40.0
15 21 9.722222 suburban 35.0
15 22 8.333333 urban 30.0
15 23 9.722222 suburban 35.0
15 24 11.111111 arterial 40.0
15 25 9.722222 suburban 35.0
15 26 8.333333 urban 30.0
15 27 8.333333 urban 30.0
15 28 11.111111 arterial 40.0
15 29 9.722222 suburban 35.0
15 30 8.333333 urban 30.0
15 31 9.722222 suburban 35.0
15 32 8.333333 urban 30.0
15 33 11.111111 arterial 40.0
15 34 9.722222 suburban 35.0
15 35 8.333333 urban 30.0
15 36 8.333333 urban 30.0
15 37 9.722222 suburban 35.0
15 38 9.722222 suburban 35.0
15 39 8.333333 urban 30.0
15 40 8.333333 urban 30.0
15 41 8.333333 urban 30.0
15 42 9.722222 suburban 35.0
15 43 8.333333 urban 30.0
15 44 8.333333 urban 30.0
15 45 11.111111 arterial 40.0
15 46 8.333333 urban 30.0
15 47 8.333333 urban 30.0
15 48 8.333333 urban 30.0
15 49 8.333333 urban 30.0
15 50 8.333333 urban 30.0
16 0 8.333333 urban 30.0
16 1 11.111111 arterial 40.0
16 2 8.333333 urban 30.0
16 3 9.722222 suburban 35.0
16 4 9.722222 suburban 35.0
16 5 9.722222 suburban 35.0
16 6 8.333333 urban 30.0
16 7 8.333333 urban 30.0
16 8 9.722222 suburban 35.0
16 9 8.333333 urban 30.0
16 10 8.333333 urban 30.0
16 11 11.111111 arterial 40.0
16 12 9.722222 suburban 35.0
16 13 9.722222 suburban 35.0
16 14 11.111111 arterial 40.0
16 15 8.333333 urban 30.0
16 17 8.333333 urban 30.0
16 18 9.722222 suburban 35.0
16 19 8.333333 urban 30.0
16 20 9.722222 suburban 35.0
16 21 8.333333 urban 30.0
16 22 9.722222 suburban 35.0
16 23 9.722222 suburban 35.0
16 24 8.333333 urban 30.0
16 25 11.111111 arterial 40.0
16 26 11.111111 arterial 40.0
16 27 9.722222 suburban 35.0
16 28 9.722222 suburban 35.0
16 29 8.333333 urban 30.0
16 30 11.111111 arterial 40.0
16 31 8.333333 urban 30.0
16 32 9.722222 suburban 35.0
16 33 8.333333 urban 30.0
16 34 8.333333 urban 30.0
16 35 9.722222 suburban 35.0
16 36 11.111111 arterial 40.0
16 37 8.333333 urban 30.0
16 38 8.333333 urban 30.0
16 39 11.111111 arterial 40.0
16 40 11.111111 arterial 40.0
16 41 11.111111 arterial 40.0
16 42 8.333333 urban 30.0
16 43 9.722222 suburban 35.0
16 44 9.722222 suburban 35.0
16 45 8.333333 urban 30.0
16 46 9.722222 suburban 35.0
16 47 9.722222 suburban 35.0
16 48 9.722222 suburban 35.0
16 49 11.111111 arterial 40.0
16 50 9.722222 suburban 35.0
17 0 9.722222 suburban 35.0
17 1 9.722222 suburban 35.0
17 2 9.722222 suburban 35.0
17 3 11.111111 arterial 40.0
17 4 11.111111 arterial 40.0
17 5 9.722222 suburban 35.0
17 6 8.333333 urban 30.0
17 7 9.722222 suburban 35.0
17 8 11.111111 arterial 40.0
17 9 9.722222 suburban 35.0
17 10 9.722222 suburban 35.0
17 11 8.333333 urban 30.0
17 12 8.333333 urban 30.0
17 13 8.333333 urban 30.0
17 14 8.333333 urban 30.0
17 15 11.111111 arterial 40.0
17 16 8.333333 urban 30.0
17 18 8.333333 urban 30.0
17 19 11.111111 arterial 40.0
17 20 9.722222 suburban 35.0
17 21 11.111111 arterial 40.0
17 22 9.722222 suburban 35.0
17 23 11.111111 arterial 40.0
17 24 11.111111 arterial 40.0
17 25 8.333333 urban 30.0
17 26 8.333333 urban 30.0
17 27 8.333333 urban 30.0
17 28 9.722222 suburban 35.0
17 29 11.111111 arterial 40.0
17 30 8.333333 urban 30.0
17 31 11.111111 arterial 40.0
17 32 9.722222 suburban 35.0
17 33 11.111111 arterial 40.0
17 34 11.111111 arterial 40.0
17 35 9.722222 suburban 35.0
17 36 8.333333 urban 30.0
17 37 9.722222 suburban 35.0
17 38 9.722222 suburban 35.0
17 39 8.333333 urban 30.0
17 40 8.333333 urban 30.0
17 41 8.333333 urban 30.0
17 42 9.722222 suburban 35.0
17 43 8.333333 urban 30.0
17 44 8.333333 urban 30.0
17 45 11.111111 arterial 40.0
17 46 8.333333 urban 30.0
17 47 8.333333 urban 30.0
17 48 8.333333 urban 30.0
17 49 8.333333 urban 30.0
17 50 9.722222 suburban 35.0
18 0 8.333333 urban 30.0
18 1 9.722222 suburban 35.0
18 2 8.333333 urban 30.0
18 3 9.722222 suburban 35.0
18 4 9.722222 suburban 35.0
18 5 8.333333 urban 30.0
18 6 8.333333 urban 30.0
18 7 8.333333 urban 30.0
18 8 9.722222 suburban 35.0
18 9 8.333333 urban 30.0
18 10 8.333333 urban 30.0
18 11 9.722222 suburban 35.0
18 12 9.722222 suburban 35.0
18 13 9.722222 suburban 35.0
18 14 9.722222 suburban 35.0
18 15 8.333333 urban 30.0
18 16 9.722222 suburban 35.0
18 17 8.333333 urban 30.0
18 19 8.333333 urban 30.0
18 20 9.722222 suburban 35.0
18 21 9.722222 suburban 35.0
18 22 9.722222 suburban 35.0
18 23 9.722222 suburban 35.0
18 24 9.722222 suburban 35.0
18 25 9.722222 suburban 35.0
18 26 9.722222 suburban 35.0
18 27 9.722222 suburban 35.0
18 28 9.722222 suburban 35.0
18 29 8.333333 urban 30.0
18 30 9.722222 suburban 35.0
18 31 8.333333 urban 30.0
18 32 8.333333 urban 30.0
18 33 8.333333 urban 30.0
18 34 8.333333 urban 30.0
18 35 9.722222 suburban 35.0
18 36 11.111111 arterial 40.0
18 37 8.333333 urban 30.0
18 38 8.333333 urban 30.0
18 39 9.722222 suburban 35.0
18 40 9.722222 suburban 35.0
18 41 9.722222 suburban 35.0
18 42 8.333333 urban 30.0
18 43 9.722222 suburban 35.0
18 44 8.333333 urban 30.0
18 45 8.333333 urban 30.0
18 46 8.333333 urban 30.0
18 47 9.722222 suburban 35.0
18 48 9.722222 suburban 35.0
18 49 9.722222 suburban 35.0
18 50 9.722222 suburban 35.0
19 0 8.333333 urban 30.0
19 1 11.111111 arterial 40.0
19 2 9.722222 suburban 35.0
19 3 9.722222 suburban 35.0
19 4 9.722222 suburban 35.0
19 5 8.333333 urban 30.0
19 6 8.333333 urban 30.0
19 7 9.722222 suburban 35.0
19 8 9.722222 suburban 35.0
19 9 9.722222 suburban 35.0
19 10 8.333333 urban 30.0
19 11 8.333333 urban 30.0
19 12 8.333333 urban 30.0
19 13 9.722222 suburban 35.0
19 14 8.333333 urban 30.0
19 15 11.111111 arterial 40.0
19 16 8.333333 urban 30.0
19 17 11.111111 arterial 40.0
19 18 8.333333 urban 30.0
19 20 11.111111 arterial 40.0
19 21 9.722222 suburban 35.0
19 22 8.333333 urban 30.0
19 23 9.722222 suburban 35.0
19 24 9.722222 suburban 35.0
19 25 9.722222 suburban 35.0
19 26 8.333333 urban 30.0
19 27 8.333333 urban 30.0
19 28 11.111111 arterial 40.0
19 29 9.722222 suburban 35.0
19 30 8.333333 urban 30.0
19 31 9.722222 suburban 35.0
19 32 8.333333 urban 30.0
19 33 9.722222 suburban 35.0
19 34 9.722222 suburban 35.0
19 35 8.333333 urban 30.0
19 36 8.333333 urban 30.0
19 37 9.722222 suburban 35.0
19 38 9.722222 suburban 35.0
19 39 8.333333 urban 30.0
19 40 8.333333 urban 30.0
19 41 8.333333 urban 30.0
19 42 9.722222 suburban 35.0
19 43 8.333333 urban 30.0
19 44 8.333333 urban 30.0
19 45 11.111111 arterial 40.0
19 46 8.333333 urban 30.0
19 47 8.333333 urban 30.0
19 48 8.333333 urban 30.0
19 49 8.333333 urban 30.0
19 50 8.333333 urban 30.0
20 0 9.722222 suburban 35.0
20 1 11.111111 arterial 40.0
20 2 9.722222 suburban 35.0
20 3 8.333333 urban 30.0
20 4 8.333333 urban 30.0
20 5 8.333333 urban 30.0
20 6 9.722222 suburban 35.0
20 7 9.722222 suburban 35.0
20 8 8.333333 urban 30.0
20 9 9.722222 suburban 35.0
20 10 9.722222 suburban 35.0
20 11 11.111111 arterial 40.0
20 12 11.111111 arterial 40.0
20 13 11.111111 arterial 40.0
20 14 9.722222 suburban 35.0
20 15 11.111111 arterial 40.0
20 16 9.722222 suburban 35.0
20 17 9.722222 suburban 35.0
20 18 9.722222 suburban 35.0
20 19 11.111111 arterial 40.0
20 21 8.333333 urban 30.0
20 22 8.333333 urban 30.0
20 23 8.333333 urban 30.0
20 24 9.722222 suburban 35.0
20 25 11.111111 arterial 40.0
20 26 9.722222 suburban 35.0
20 27 9.722222 suburban 35.0
20 28 11.111111 arterial 40.0
20 29 9.722222 suburban 35.0
20 30 9.722222 suburban 35.0
20 31 8.333333 urban 30.0
20 32 8.333333 urban 30.0
20 33 9.722222 suburban 35.0
20 34 9.722222 suburban 35.0
20 35 8.333333 urban 30.0
20 36 9.722222 suburban 35.0
20 37 11.111111 arterial 40.0
20 38 8.333333 urban 30.0
20 39 9.722222 suburban 35.0
20 40 11.111111 arterial 40.0
20 41 9.722222 suburban 35.0
20 42 8.333333 urban 30.0
20 43 9.722222 suburban 35.0
20 44 9.722222 suburban 35.0
20 45 11.111111 arterial 40.0
20 46 9.722222 suburban 35.0
20 47 9.722222 suburban 35.0
20 48 8.333333 urban 30.0
20 49 9.722222 suburban 35.0
20 50 8.333333 urban 30.0
21 0 9.722222 suburban 35.0
21 1 9.722222 suburban 35.0
21 2 9.722222 suburban 35.0
21 3 11.111111 arterial 40.0
21 4 11.111111 arterial 40.0
21 5 9.722222 suburban 35.0
21 6 8.333333 urban 30.0
21 7 9.722222 suburban 35.0
21 8 11.111111 arterial 40.0
21 9 8.333333 urban 30.0
21 10 9.722222 suburban 35.0
21 11 8.333333 urban 30.0
21 12 8.333333 urban 30.0
21 13 8.333333 urban 30.0
21 14 9.722222 suburban 35.0
21 15 9.722222 suburban 35.0
21 16 8.333333 urban 30.0
21 17 11.111111 arterial 40.0
21 18 9.722222 suburban 35.0
21 19 9.722222 suburban 35.0
21 20 8.333333 urban 30.0
21 22 9.722222 suburban 35.0
21 23 11.111111 arterial 40.0
21 24 11.111111 arterial 40.0
21 25 8.333333 urban 30.0
21 26 9.722222 suburban 35.0
21 27 8.333333 urban 30.0
21 28 9.722222 suburban 35.0
21 29 11.111111 arterial 40.0
21 30 8.333333 urban 30.0
21 31 11.111111 arterial 40.0
21 32 9.722222 suburban 35.0
21 33 11.111111 arterial 40.0
21 34 11.111111 arterial 40.0
21 35 9.722222 suburban 35.0
21 36 9.722222 suburban 35.0
21 37 9.722222 suburban 35.0
21 38 9.722222 suburban 35.0
21 39 9.722222 suburban 35.0
21 40 8.333333 urban 30.0
21 41 9.722222 suburban 35.0
21 42 11.111111 arterial 40.0
21 43 8.333333 urban 30.0
21 44 8.333333 urban 30.0
21 45 11.111111 arterial 40.0
21 46 8.333333 urban 30.0
21 47 8.333333 urban 30.0
21 48 9.722222 suburban 35.0
21 49 8.333333 urban 30.0
21 50 9.722222 suburban 35.0
22 0 8.333333 urban 30.0
22 1 8.333333 urban 30.0
22 2 8.333333 urban 30.0
22 3 11.111111 arterial 40.0
22 4 11.111111 arterial 40.0
22 5 9.722222 suburban 35.0
22 6 8.333333 urban 30.0
22 7 8.333333 urban 30.0
22 8 11.111111 arterial 40.0
22 9 8.333333 urban 30.0
22 10 8.333333 urban 30.0
22 11 9.722222 suburban 35.0
22 12 9.722222 suburban 35.0
22 13 8.333333 urban 30.0
22 14 11.111111 arterial 40.0
22 15 8.333333 urban 30.0
22 16 9.722222 suburban 35.0
22 17 9.722222 suburban 35.0
22 18 9.722222 suburban 35.0
22 19 8.333333 urban 30.0
22 20 8.333333 urban 30.0
22 21 9.722222 suburban 35.0
22 23 11.111111 arterial 40.0
22 24 11.111111 arterial 40.0
22 25 9.722222 suburban 35.0
22 26 11.111111 arterial 40.0
22 27 9.722222 suburban 35.0
22 28 8.333333 urban 30.0
22 29 9.722222 suburban 35.0
22 30 9.722222 suburban 35.0
22 31 9.722222 suburban 35.0
22 32 9.722222 suburban 35.0
22 33 9.722222 suburban 35.0
22 34 9.722222 suburban 35.0
22 35 11.111111 arterial 40.0
22 36 11.111111 arterial 40.0
22 37 8.333333 urban 30.0
22 38 9.722222 suburban 35.0
22 39 11.111111 arterial 40.0
22 40 9.722222 suburban 35.0
22 41 11.111111 arterial 40.0
22 42 9.722222 suburban 35.0
22 43 9.722222 suburban 35.0
22 44 8.333333 urban 30.0
22 45 9.722222 suburban 35.0
22 46 8.333333 urban 30.0
22 47 9.722222 suburban 35.0
22 48 9.722222 suburban 35.0
22 49 11.111111 arterial 40.0
22 50 11.111111 arterial 40.0
23 0 9.722222 suburban 35.0
23 1 8.333333 urban 30.0
23 2 9.722222 suburban 35.0
23 3 11.111111 arterial 40.0
23 4 11.111111 arterial 40.0
23 5 11.111111 arterial 40.0
23 6 9.722222 suburban 35.0
23 7 9.722222 suburban 35.0
23 8 11.111111 arterial 40.0
23 9 9.722222 suburban 35.0
23 10 9.722222 suburban 35.0
23 11 9.722222 suburban 35.0
23 12 9.722222 suburban 35.0
23 13 8.333333 urban 30.0
23 14 11.111111 arterial 40.0
23 15 9.722222 suburban 35.0
23 16 9.722222 suburban 35.0
23 17 11.111111 arterial 40.0
23 18 9.722222 suburban 35.0
23 19 9.722222 suburban 35.0
23 20 8.333333 urban 30.0
23 21 11.111111 arterial 40.0
23 22 11.111111 arterial 40.0
23 24 11.111111 arterial 40.0
23 25 8.333333 urban 30.0
23 26 11.111111 arterial 40.0
23 27 9.722222 suburban 35.0
23 28 8.333333 urban 30.0
23 29 11.111111 arterial 40.0
23 30 9.722222 suburban 35.0
23 31 11.111111 arterial 40.0
23 32 11.111111 arterial 40.0
23 33 11.111111 arterial 40.0
23 34 11.111111 arterial 40.0
23 35 11.111111 arterial 40.0
23 36 11.111111 arterial 40.0
23 37 9.722222 suburban 35.0
23 38 11.111111 arterial 40.0
23 39 11.111111 arterial 40.0
23 40 9.722222 suburban 35.0
23 41 11.111111 arterial 40.0
23 42 11.111111 arterial 40.0
23 43 9.722222 suburban 35.0
23 44 9.722222 suburban 35.0
23 45 11.111111 arterial 40.0
23 46 9.722222 suburban 35.0
23 47 9.722222 suburban 35.0
23 48 11.111111 arterial 40.0
23 49 11.111111 arterial 40.0
23 50 11.111111 arterial 40.0
24 0 9.722222 suburban 35.0
24 1 9.722222 suburban 35.0
24 2 11.111111 arterial 40.0
24 3 11.111111 arterial 40.0
24 4 11.111111 arterial 40.0
24 5 9.722222 suburban 35.0
24 6 9.722222 suburban 35.0
24 7 9.722222 suburban 35.0
24 8 11.111111 arterial 40.0
24 9 9.722222 suburban 35.0
24 10 9.722222 suburban 35.0
24 11 8.333333 urban 30.0
24 12 8.333333 urban 30.0
24 13 8.333333 urban 30.0
24 14 9.722222 suburban 35.0
24 15 11.111111 arterial 40.0
24 16 8.333333 urban 30.0
24 17 11.111111 arterial 40.0
24 18 9.722222 suburban 35.0
24 19 9.722222 suburban 35.0
24 20 9.722222 suburban 35.0
24 21 11.111111 arterial 40.0
24 22 11.111111 arterial 40.0
24 23 11.111111 arterial 40.0
24 25 8.333333 urban 30.0
24 26 9.722222 suburban 35.0
24 27 8.333333 urban 30.0
24 28 9.722222 suburban 35.0
24 29 11.111111 arterial 40.0
24 30 8.333333 urban 30.0
24 31 11.111111 arterial 40.0
24 32 9.722222 suburban 35.0
24 33 11.111111 arterial 40.0
24 34 11.111111 arterial 40.0
24 35 9.722222 suburban 35.0
24 36 9.722222 suburban 35.0
24 37 9.722222 suburban 35.0
24 38 11.111111 arterial 40.0
24 39 9.722222 suburban 35.0
24 40 8.333333 urban 30.0
24 41 9.722222 suburban 35.0
24 42 11.111111 arterial 40.0
24 43 8.333333 urban 30.0
24 44 8.333333 urban 30.0
24 45 11.111111 arterial 40.0
24 46 8.333333 urban 30.0
24 47 8.333333 urban 30.0
24 48 9.722222 suburban 35.0
24 49 8.333333 urban 30.0
24 50 9.722222 suburban 35.0
25 0 9.722222 suburban 35.0
25 1 11.111111 arterial 40.0
25 2 8.333333 urban 30.0
25 3 9.722222 suburban 35.0
25 4 9.722222 suburban 35.0
25 5 9.722222 suburban 35.0
25 6 9.722222 suburban 35.0
25 7 9.722222 suburban 35.0
25 8 8.333333 urban 30.0
25 9 9.722222 suburban 35.0
25 10 9.722222 suburban 35.0
25 11 11.111111 arterial 40.0
25 12 11.111111 arterial 40.0
25 13 11.111111 arterial 40.0
25 14 11.111111 arterial 40.0
25 15 9.722222 suburban 35.0
25 16 11.111111 arterial 40.0
25 17 8.333333 urban 30.0
25 18 9.722222 suburban 35.0
25 19 9.722222 suburban 35.0
25 20 11.111111 arterial 40.0
25 21 8.333333 urban 30.0
25 22 9.722222 suburban 35.0
25 23 8.333333 urban 30.0
25 24 8.333333 urban 30.0
25 26 11.111111 arterial 40.0
25 27 11.111111 arterial 40.0
25 28 11.111111 arterial 40.0
25 29 8.333333 urban 30.0
25 30 11.111111 arterial 40.0
25 31 8.333333 urban 30.0
25 32 9.722222 suburban 35.0
25 33 8.333333 urban 30.0
25 34 8.333333 urban 30.0
25 35 9.722222 suburban 35.0
25 36 11.111111 arterial 40.0
25 37 9.722222 suburban 35.0
25 38 8.333333 urban 30.0
25 39 11.111111 arterial 40.0
25 40 11.111111 arterial 40.0
25 41 11.111111 arterial 40.0
25 42 8.333333 urban 30.0
25 43 11.111111 arterial 40.0
25 44 9.722222 suburban 35.0
25 45 8.333333 urban 30.0
25 46 11.111111 arterial 40.0
25 47 11.111111 arterial 40.0
25 48 9.722222 suburban 35.0
25 49 11.111111 arterial 40.0
25 50 11.111111 arterial 40.0
26 0 9.722222 suburban 35.0
26 1 11.111111 arterial 40.0
26 2 8.333333 urban 30.0
26 3 11.111111 arterial 40.0
26 4 11.111111 arterial 40.0
26 5 9.722222 suburban 35.0
26 6 9.722222 suburban 35.0
26 7 8.333333 urban 30.0
26 8 9.722222 suburban 35.0
26 9 9.722222 suburban 35.0
26 10 9.722222 suburban 35.0
26 11 11.111111 arterial 40.0
26 12 11.111111 arterial 40.0
26 13 11.111111 arterial 40.0
26 14 11.111111 arterial 40.0
26 15 8.333333 urban 30.0
26 16 11.111111 arterial 40.0
26 17 8.333333 urban 30.0
26 18 9.722222 suburban 35.0
26 19 8.333333 urban 30.0
26 20 9.722222 suburban 35.0
26 21 9.722222 suburban 35.0
26 22 11.111111 arterial 40.0
26 23 11.111111 arterial 40.0
26 24 9.722222 suburban 35.0
26 25 11.111111 arterial 40.0
26 27 11.111111 arterial 40.0
26 28 9.722222 suburban 35.0
26 29 8.333333 urban 30.0
26 30 11.111111 arterial 40.0
26 31 9.722222 suburban 35.0
26 32 9.722222 suburban 35.0
26 33 8.333333 urban 30.0
26 34 8.333333 urban 30.0
26 35 11.111111 arterial 40.0
26 36 11.111111 arterial 40.0
26 37 8.333333 urban 30.0
26 38 9.722222 suburban 35.0
26 39 11.111111 arterial 40.0
26 40 11.111111 arterial 40.0
26 41 11.111111 arterial 40.0
26 42 9.722222 suburban 35.0
26 43 11.111111 arterial 40.0
26 44 9.722222 suburban 35.0
26 45 8.333333 urban 30.0
26 46 9.722222 suburban 35.0
26 47 11.111111 arterial 40.0
26 48 11.111111 arterial 40.0
26 49 11.111111 arterial 40.0
26 50 11.111111 arterial 40.0
27 0 8.333333 urban 30.0
27 1 11.111111 arterial 40.0
27 2 8.333333 urban 30.0
27 3 9.722222 suburban 35.0
27 4 9.722222 suburban 35.0
27 5 9.722222 suburban 35.0
27 6 8.333333 urban 30.0
27 7 8.333333 urban 30.0
27 8 9.722222 suburban 35.0
27 9 8.333333 urban 30.0
27 10 8.333333 urban 30.0
27 11 11.111111 arterial 40.0
27 12 9.722222 suburban 35.0
27 13 9.722222 suburban 35.0
27 14 11.111111 arterial 40.0
27 15 8.333333 urban 30.0
27 16 9.722222 suburban 35.0
27 17 8.333333 urban 30.0
27 18 9.722222 suburban 35.0
27 19 8.333333 urban 30.0
27 20 9.722222 suburban 35.0
27 21 8.333333 urban 30.0
27 22 9.722222 suburban 35.0
27 23 9.722222 suburban 35.0
27 24 8.333333 urban 30.0
27 25 11.111111 arterial 40.0
27 26 11.111111 arterial 40.0
27 28 9.722222 suburban 35.0
27 29 8.333333 urban 30.0
27 30 11.111111 arterial 40.0
27 31 8.333333 urban 30.0
27 32 9.722222 suburban 35.0
27 33 8.333333 urban 30.0
27 34 8.333333 urban 30.0
27 35 9.722222 suburban 35.0
27 36 11.111111 arterial 40.0
27 37 8.333333 urban 30.0
27 38 8.333333 urban 30.0
27 39 11.111111 arterial 40.0
27 40 11.111111 arterial 40.0
27 41 11.111111 arterial 40.0
27 42 8.333333 urban 30.0
27 43 9.722222 suburban 35.0
27 44 9.722222 suburban 35.0
27 45 8.333333 urban 30.0
27 46 9.722222 suburban 35.0
27 47 9.722222 suburban 35.0
27 48 9.722222 suburban 35.0
27 49 11.111111 arterial 40.0
27 50 11.111111 arterial 40.0
28 0 9.722222 suburban 35.0
28 1 11.111111 arterial 40.0
28 2 9.722222 suburban 35.0
28 3 8.333333 urban 30.0
28 4 8.333333 urban 30.0
28 5 8.333333 urban 30.0
28 6 9.722222 suburban 35.0
28 7 9.722222 suburban 35.0
28 8 8.333333 urban 30.0
28 9 11.111111 arterial 40.0
28 10 9.722222 suburban 35.0
28 11 11.111111 arterial 40.0
28 12 11.111111 arterial 40.0
28 13 11.111111 arterial 40.0
28 14 9.722222 suburban 35.0
28 15 11.111111 arterial 40.0
28 16 9.722222 suburban 35.0
28 17 9.722222 suburban 35.0
28 18 9.722222 suburban 35.0
28 19 11.111111 arterial 40.0
28 20 11.111111 arterial 40.0
28 21 9.722222 suburban 35.0
28 22 8.333333 urban 30.0
28 23 8.333333 urban 30.0
28 24 9.722222 suburban 35.0
28 25 11.111111 arterial 40.0
28 26 9.722222 suburban 35.0
28 27 9.722222 suburban 35.0
28 29 9.722222 suburban 35.0
28 30 9.722222 suburban 35.0
28 31 9.722222 suburban 35.0
28 32 9.722222 suburban 35.0
28 33 9.722222 suburban 35.0
28 34 9.722222 suburban 35.0
28 35 8.333333 urban 30.0
28 36 9.722222 suburban 35.0
28 37 11.111111 arterial 40.0
28 38 9.722222 suburban 35.0
28 39 9.722222 suburban 35.0
28 40 11.111111 arterial 40.0
28 41 9.722222 suburban 35.0
28 42 8.333333 urban 30.0
28 43 9.722222 suburban 35.0
28 44 11.111111 arterial 40.0
28 45 11.111111 arterial 40.0
28 46 11.111111 arterial 40.0
28 47 9.722222 suburban 35.0
28 48 8.333333 urban 30.0
28 49 9.722222 suburban 35.0
28 50 8.333333 urban 30.0
29 0 8.333333 urban 30.0
29 1 9.722222 suburban 35.0
29 2 9.722222 suburban 35.0
29 3 11.111111 arterial 40.0
29 4 11.111111 arterial 40.0
29 5 8.333333 urban 30.0
29 6 8.333333 urban 30.0
29 7 9.722222 suburban 35.0
29 8 11.111111 arterial 40.0
29 9 8.333333 urban 30.0
29 10 8.333333 urban 30.0
29 11 8.333333 urban 30.0
29 12 8.333333 urban 30.0
29 13 8.333333 urban 30.0
29 14 8.333333 urban 30.0
29 15 9.722222 suburban 35.0
29 16 8.333333 urban 30.0
29 17 11.111111 arterial 40.0
29 18 8.333333 urban 30.0
29 19 9.722222 suburban 35.0
29 20 9.722222 suburban 35.0
29 21 11.111111 arterial 40.0
29 22 9.722222 suburban 35.0
29 23 11.111111 arterial 40.0
29 24 11.111111 arterial 40.0
29 25 8.333333 urban 30.0
29 26 8.333333 urban 30.0
29 27 8.333333 urban 30.0
29 28 9.722222 suburban 35.0
29 30 8.333333 urban 30.0
29 31 11.111111 arterial 40.0
29 32 8.333333 urban 30.0
29 33 11.111111 arterial 40.0
29 34 9.722222 suburban 35.0
29 35 9.722222 suburban 35.0
29 36 8.333333 urban 30.0
29 37 9.722222 suburban 35.0
29 38 9.722222 suburban 35.0
29 39 8.333333 urban 30.0
29 40 8.333333 urban 30.0
29 41 8.333333 urban 30.0
29 42 9.722222 suburban 35.0
29 43 8.333333 urban 30.0
29 44 8.333333 urban 30.0
29 45 11.111111 arterial 40.0
29 46 8.333333 urban 30.0
29 47 8.333333 urban 30.0
29 48 8.333333 urban 30.0
29 49 8.333333 urban 30.0
29 50 9.722222 suburban 35.0
30 0 9.722222 suburban 35.0
30 1 11.111111 arterial 40.0
30 2 8.333333 urban 30.0
30 3 9.722222 suburban 35.0
30 4 9.722222 suburban 35.0
30 5 9.722222 suburban 35.0
30 6 9.722222 suburban 35.0
30 7 8.333333 urban 30.0
30 8 9.722222 suburban 35.0
30 9 9.722222 suburban 35.0
30 10 8.333333 urban 30.0
30 11 11.111111 arterial 40.0
30 12 11.111111 arterial 40.0
30 13 11.111111 arterial 40.0
30 14 11.111111 arterial 40.0
30 15 8.333333 urban 30.0
30 16 11.111111 arterial 40.0
30 17 8.333333 urban 30.0
30 18 9.722222 suburban 35.0
30 19 8.333333 urban 30.0
30 20 9.722222 suburban 35.0
30 21 8.333333 urban 30.0
30 22 9.722222 suburban 35.0
30 23 9.722222 suburban 35.0
30 24 8.333333 urban 30.0
30 25 11.111111 arterial 40.0
30 26 11.111111 arterial 40.0
30 27 11.111111 arterial 40.0
30 28 9.722222 suburban 35.0
30 29 8.333333 urban 30.0
30 31 8.333333 urban 30.0
30 32 9.722222 suburban 35.0
30 33 8.333333 urban 30.0
30 34 8.333333 urban 30.0
30 35 11.111111 arterial 40.0
30 36 11.111111 arterial 40.0
30 37 8.333333 urban 30.0
30 38 8.333333 urban 30.0
30 39 11.111111 arterial 40.0
30 40 11.111111 arterial 40.0
30 41 11.111111 arterial 40.0
30 42 9.722222 suburban 35.0
30 43 11.111111 arterial 40.0
30 44 9.722222 suburban 35.0
30 45 8.333333 urban 30.0
30 46 9.722222 suburban 35.0
30 47 11.111111 arterial 40.0
30 48 11.111111 arterial 40.0
30 49 11.111111 arterial 40.0
30 50 11.111111 arterial 40.0
31 0 8.333333 urban 30.0
31 1 9.722222 suburban 35.0
31 2 9.722222 suburban 35.0
31 3 11.111111 arterial 40.0
31 4 11.111111 arterial 40.0
31 5 9.722222 suburban 35.0
31 6 8.333333 urban 30.0
31 7 9.722222 suburban 35.0
31 8 11.111111 arterial 40.0
31 9 8.333333 urban 30.0
31 10 9.722222 suburban 35.0
31 11 8.333333 urban 30.0
31 12 8.333333 urban 30.0
31 13 8.333333 urban 30.0
31 14 9.722222 suburban 35.0
31 15 9.722222 suburban 35.0
31 16 8.333333 urban 30.0
31 17 11.111111 arterial 40.0
31 18 8.333333 urban 30.0
31 19 9.722222 suburban 35.0
31 20 8.333333 urban 30.0
31 21 11.111111 arterial 40.0
31 22 9.722222 suburban 35.0
31 23 11.111111 arterial 40.0
31 24 11.111111 arterial 40.0
31 25 8.333333 urban 30.0
31 26 9.722222 suburban 35.0
31 27 8.333333 urban 30.0
31 28 9.722222 suburban 35.0
31 29 11.111111 arterial 40.0
31 30 8.333333 urban 30.0
31 32 9.722222 suburban 35.0
31 33 9.722222 suburban 35.0
31 34 9.722222 suburban 35.0
31 35 9.722222 suburban 35.0
31 36 9.722222 suburban 35.0
31 37 9.722222 suburban 35.0
31 38 9.722222 suburban 35.0
31 39 9.722222 suburban 35.0
31 40 8.333333 urban 30.0
31 41 9.722222 suburban 35.0
31 42 9.722222 suburban 35.0
31 43 8.333333 urban 30.0
31 44 8.333333 urban 30.0
31 45 9.722222 suburban 35.0
31 46 8.333333 urban 30.0
31 47 8.333333 urban 30.0
31 48 9.722222 suburban 35.0
31 49 9.722222 suburban 35.0
31 50 9.722222 suburban 35.0
32 0 8.333333 urban 30.0
32 1 9.722222 suburban 35.0
32 2 8.333333 urban 30.0
32 3 9.722222 suburban 35.0
32 4 11.111111 arterial 40.0
32 5 8.333333 urban 30.0
32 6 8.333333 urban 30.0
32 7 8.333333 urban 30.0
32 8 9.722222 suburban 35.0
32 9 8.333333 urban 30.0
32 10 8.333333 urban 30.0
32 11 9.722222 suburban 35.0
32 12 9.722222 suburban 35.0
32 13 9.722222 suburban 35.0
32 14 9.722222 suburban 35.0
32 15 8.333333 urban 30.0
32 16 9.722222 suburban 35.0
32 17 9.722222 suburban 35.0
32 18 8.333333 urban 30.0
32 19 8.333333 urban 30.0
32 20 8.333333 urban 30.0
32 21 9.722222 suburban 35.0
32 22 9.722222 suburban 35.0
32 23 11.111111 arterial 40.0
32 24 9.722222 suburban 35.0
32 25 9.722222 suburban 35.0
32 26 9.722222 suburban 35.0
32 27 9.722222 suburban 35.0
32 28 9.722222 suburban 35.0
32 29 8.333333 urban 30.0
32 30 9.722222 suburban 35.0
32 31 9.722222 suburban 35.0
32 33 8.333333 urban 30.0
32 34 8.333333 urban 30.0
32 35 9.722222 suburban 35.0
32 36 11.111111 arterial 40.0
32 37 8.333333 urban 30.0
32 38 8.333333 urban 30.0
32 39 9.722222 suburban 35.0
32 40 9.722222 suburban 35.0
32 41 9.722222 suburban 35.0
32 42 9.722222 suburban 35.0
32 43 9.722222 suburban 35.0
32 44 8.333333 urban 30.0
32 45 8.333333 urban 30.0
32 46 8.333333 urban 30.0
32 47 9.722222 suburban 35.0
32 48 9.722222 suburban 35.0
32 49 9.722222 suburban 35.0
32 50 9.722222 suburban 35.0
33 0 8.333333 urban 30.0
33 1 9.722222 suburban 35.0
33 2 9.722222 suburban 35.0
33 3 11.111111 arterial 40.0
33 4 11.111111 arterial 40.0
33 5 8.333333 urban 30.0
33 6 8.333333 urban 30.0
33 7 9.722222 suburban 35.0
33 8 11.111111 arterial 40.0
33 9 8.333333 urban 30.0
33 10 8.333333 urban 30.0
33 11 8.333333 urban 30.0
33 12 8.333333 urban 30.0
33 13 8.333333 urban 30.0
33 14 8.333333 urban 30.0
33 15 11.111111 arterial 40.0
33 16 8.333333 urban 30.0
33 17 11.111111 arterial 40.0
33 18 8.333333 urban 30.0
33 19 9.722222 suburban 35.0
33 20 9.722222 suburban 35.0
33 21 11.111111 arterial 40.0
33 22 9.722222 suburban 35.0
33 23 11.111111 arterial 40.0
33 24 11.111111 arterial 40.0
33 25 8.333333 urban 30.0
33 26 8.333333 urban 30.0
33 27 8.333333 urban 30.0
33 28 9.722222 suburban 35.0
33 29 11.111111 arterial 40.0
33 30 8.333333 urban 30.0
33 31 9.722222 suburban 35.0
33 32 8.333333 urban 30.0
33 34 9.722222 suburban 35.0
33 35 8.333333 urban 30.0
33 36 8.333333 urban 30.0
33 37 9.722222 suburban 35.0
33 38 9.722222 suburban 35.0
33 39 8.333333 urban 30.0
33 40 8.333333 urban 30.0
33 41 8.333333 urban 30.0
33 42 9.722222 suburban 35.0
33 43 8.333333 urban 30.0
33 44 8.333333 urban 30.0
33 45 11.111111 arterial 40.0
33 46 8.333333 urban 30.0
33 47 8.333333 urban 30.0
33 48 8.333333 urban 30.0
33 49 8.333333 urban 30.0
33 50 8.333333 urban 30.0
34 0 8.333333 urban 30.0
34 1 9.722222 suburban 35.0
34 2 9.722222 suburban 35.0
34 3 11.111111 arterial 40.0
34 4 11.111111 arterial 40.0
34 5 8.333333 urban 30.0
34 6 8.333333 urban 30.0
34 7 8.333333 urban 30.0
34 8 11.111111 arterial 40.0
34 9 8.333333 urban 30.0
34 10 8.333333 urban 30.0
34 11 8.333333 urban 30.0
34 12 8.333333 urban 30.0
34 13 8.333333 urban 30.0
34 14 8.333333 urban 30.0
34 15 9.722222 suburban 35.0
34 16 8.333333 urban 30.0
34 17 11.111111 arterial 40.0
34 18 8.333333 urban 30.0
34 19 9.722222 suburban 35.0
34 20 9.722222 suburban 35.0
34 21 11.111111 arterial 40.0
34 22 9.722222 suburban 35.0
34 23 11.111111 arterial 40.0
34 24 11.111111 arterial 40.0
34 25 8.333333 urban 30.0
34 26 8.333333 urban 30.0
34 27 8.333333 urban 30.0
34 28 9.722222 suburban 35.0
34 29 9.722222 suburban 35.0
34 30 8.333333 urban 30.0
34 31 9.722222 suburban 35.0
34 32 8.333333 urban 30.0
34 33 9.722222 suburban 35.0
34 35 8.333333 urban 30.0
34 36 8.333333 urban 30.0
34 37 9.722222 suburban 35.0
34 38 9.722222 suburban 35.0
34 39 8.333333 urban 30.0
34 40 8.333333 urban 30.0
34 41 8.333333 urban 30.0
34 42 9.722222 suburban 35.0
34 43 8.333333 urban 30.0
34 44 8.333333 urban 30.0
34 45 9.722222 suburban 35.0
34 46 8.333333 urban 30.0
34 47 8.333333 urban 30.0
34 48 8.333333 urban 30.0
34 49 8.333333 urban 30.0
34 50 8.333333 urban 30.0
35 0 8.333333 urban 30.0
35 1 9.722222 suburban 35.0
35 2 8.333333 urban 30.0
35 3 11.111111 arterial 40.0
35 4 11.111111 arterial 40.0
35 5 9.722222 suburban 35.0
35 6 9.722222 suburban 35.0
35 7 8.333333 urban 30.0
35 8 11.111111 arterial 40.0
35 9 8.333333 urban 30.0
35 10 8.333333 urban 30.0
35 11 11.111111 arterial 40.0
35 12 9.722222 suburban 35.0
35 13 9.722222 suburban 35.0
35 14 11.111111 arterial 40.0
35 15 8.333333 urban 30.0
35 16 9.722222 suburban 35.0
35 17 9.722222 suburban 35.0
35 18 9.722222 suburban 35.0
35 19 8.333333 urban 30.0
35 20 8.333333 urban 30.0
35 21 9.722222 suburban 35.0
35 22 11.111111 arterial 40.0
35 23 11.111111 arterial 40.0
35 24 9.722222 suburban 35.0
35 25 9.722222 suburban 35.0
35 26 11.111111 arterial 40.0
35 27 9.722222 suburban 35.0
35 28 8.333333 urban 30.0
35 29 9.722222 suburban 35.0
35 30 11.111111 arterial 40.0
35 31 9.722222 suburban 35.0
35 32 9.722222 suburban 35.0
35 33 8.333333 urban 30.0
35 34 8.333333 urban 30.0
35 36 11.111111 arterial 40.0
35 37 8.333333 urban 30.0
35 38 9.722222 suburban 35.0
35 39 11.111111 arterial 40.0
35 40 9.722222 suburban 35.0
35 41 11.111111 arterial 40.0
35 42 9.722222 suburban 35.0
35 43 9.722222 suburban 35.0
35 44 8.333333 urban 30.0
35 45 8.333333 urban 30.0
35 46 9.722222 suburban 35.0
35 47 9.722222 suburban 35.0
35 48 11.111111 arterial 40.0
35 49 11.111111 arterial 40.0
35 50 11.111111 arterial 40.0
36 0 9.722222 suburban 35.0
36 1 11.111111 arterial 40.0
36 2 9.722222 suburban 35.0
36 3 11.111111 arterial 40.0
36 4 11.111111 arterial 40.0
36 5 11.111111 arterial 40.0
36 6 9.722222 suburban 35.0
36 7 9.722222 suburban 35.0
36 8 9.722222 suburban 35.0
36 9 9.722222 suburban 35.0
36 10 9.722222 suburban 35.0
36 11 11.111111 arterial 40.0
36 12 11.111111 arterial 40.0
36 13 11.111111 arterial 40.0
36 14 11.111111 arterial 40.0
36 15 8.333333 urban 30.0
36 16 11.111111 arterial 40.0
36 17 8.333333 urban 30.0
36 18 11.111111 arterial 40.0
36 19 8.333333 urban 30.0
36 20 9.722222 suburban 35.0
36 21 9.722222 suburban 35.0
36 22 11.111111 arterial 40.0
36 23 11.111111 arterial 40.0
36 24 9.722222 suburban 35.0
36 25 11.111111 arterial 40.0
36 26 11.111111 arterial 40.0
36 27 11.111111 arterial 40.0
36 28 9.722222 suburban 35.0
36 29 8.333333 urban 30.0
36 30 11.111111 arterial 40.0
36 31 9.722222 suburban 35.0
36 32 11.111111 arterial 40.0
36 33 8.333333 urban 30.0
36 34 8.333333 urban 30.0
36 35 11.111111 arterial 40.0
36 37 8.333333 urban 30.0
36 38 9.722222 suburban 35.0
36 39 11.111111 arterial 40.0
36 40 11.111111 arterial 40.0
36 41 11.111111 arterial 40.0
36 42 9.722222 suburban 35.0
36 43 11.111111 arterial 40.0
36 44 11.111111 arterial 40.0
36 45 8.333333 urban 30.0
36 46 11.111111 arterial 40.0
36 47 11.111111 arterial 40.0
36 48 11.111111 arterial 40.0
36 49 11.111111 arterial 40.0
36 50 11.111111 arterial 40.0
37 0 8.333333 urban 30.0
37 1 11.111111 arterial 40.0
37 2 9.722222 suburban 35.0
37 3 9.722222 suburban 35.0
37 4 9.722222 suburban 35.0
37 5 8.333333 urban 30.0
37 6 8.333333 urban 30.0
37 7 9.722222 suburban 35.0
37 8 9.722222 suburban 35.0
37 9 9.722222 suburban 35.0
37 10 8.333333 urban 30.0
37 11 8.333333 urban 30.0
37 12 8.333333 urban 30.0
37 13 9.722222 suburban 35.0
37 14 8.333333 urban 30.0
37 15 9.722222 suburban 35.0
37 16 8.333333 urban 30.0
37 17 9.722222 suburban 35.0
37 18 8.333333 urban 30.0
37 19 9.722222 suburban 35.0
37 20 11.111111 arterial 40.0
37 21 9.722222 suburban 35.0
37 22 8.333333 urban 30.0
37 23 9.722222 suburban 35.0
37 24 9.722222 suburban 35.0
37 25 9.722222 suburban 35.0
37 26 8.333333 urban 30.0
37 27 8.333333 urban 30.0
37 28 11.111111 arterial 40.0
37 29 9.722222 suburban 35.0
37 30 8.333333 urban 30.0
37 31 9.722222 suburban 35.0
37 32 8.333333 urban 30.0
37 33 9.722222 suburban 35.0
37 34 9.722222 suburban 35.0
37 35 8.333333 urban 30.0
37 36 8.333333 urban 30.0
37 38 8.333333 urban 30.0
37 39 8.333333 urban 30.0
37 40 8.333333 urban 30.0
37 41 8.333333 urban 30.0
37 42 8.333333 urban 30.0
37 43 8.333333 urban 30.0
37 44 8.333333 urban 30.0
37 45 9.722222 suburban 35.0
37 46 8.333333 urban 30.0
37 47 8.333333 urban 30.0
37 48 8.333333 urban 30.0
37 49 8.333333 urban 30.0
37 50 8.333333 urban 30.0
38 0 8.333333 urban 30.0
38 1 9.722222 suburban 35.0
38 2 9.722222 suburban 35.0
38 3 11.111111 arterial 40.0
38 4 11.111111 arterial 40.0
38 5 8.333333 urban 30.0
38 6 8.333333 urban 30.0
38 7 8.333333 urban 30.0
38 8 11.111111 arterial 40.0
38 9 8.333333 urban 30.0
38 10 8.333333 urban 30.0
38 11 8.333333 urban 30.0
38 12 8.333333 urban 30.0
38 13 8.333333 urban 30.0
38 14 9.722222 suburban 35.0
38 15 9.722222 suburban 35.0
38 16 8.333333 urban 30.0
38 17 9.722222 suburban 35.0
38 18 8.333333 urban 30.0
38 19 9.722222 suburban 35.0
38 20 8.333333 urban 30.0
38 21 9.722222 suburban 35.0
38 22 9.722222 suburban 35.0
38 23 11.111111 arterial 40.0
38 24 11.111111 arterial 40.0
38 25 8.333333 urban 30.0
38 26 9.722222 suburban 35.0
38 27 8.333333 urban 30.0
38 28 9.722222 suburban 35.0
38 29 9.722222 suburban 35.0
38 30 8.333333 urban 30.0
38 31 9.722222 suburban 35.0
38 32 8.333333 urban 30.0
38 33 9.722222 suburban 35.0
38 34 9.722222 suburban 35.0
38 35 9.722222 suburban 35.0
38 36 9.722222 suburban 35.0
38 37 8.333333 urban 30.0
38 39 9.722222 suburban 35.0
38 40 8.333333 urban 30.0
38 41 9.722222 suburban 35.0
38 42 9.722222 suburban 35.0
38 43 8.333333 urban 30.0
38 44 8.333333 urban 30.0
38 45 9.722222 suburban 35.0
38 46 8.333333 urban 30.0
38 47 8.333333 urban 30.0
38 48 9.722222 suburban 35.0
38 49 9.722222 suburban 35.0
38 50 9.722222 suburban 35.0
39 0 9.722222 suburban 35.0
39 1 9.722222 suburban 35.0
39 2 8.333333 urban 30.0
39 3 11.111111 arterial 40.0
39 4 11.111111 arterial 40.0
39 5 9.722222 suburban 35.0
39 6 9.722222 suburban 35.0
39 7 8.333333 urban 30.0
39 8 9.722222 suburban 35.0
39 9 8.333333 urban 30.0
39 10 8.333333 urban 30.0
39 11 11.111111 arterial 40.0
39 12 11.111111 arterial 40.0
39 13 9.722222 suburban 35.0
39 14 11.111111 arterial 40.0
39 15 8.333333 urban 30.0
39 16 11.111111 arterial 40.0
39 17 8.333333 urban 30.0
39 18 9.722222 suburban 35.0
39 19 8.333333 urban 30.0
39 20 9.722222 suburban 35.0
39 21 9.722222 suburban 35.0
39 22 11.111111 arterial 40.0
39 23 11.111111 arterial 40.0
39 24 9.722222 suburban 35.0
39 25 11.111111 arterial 40.0
39 26 11.111111 arterial 40.0
39 27 11.111111 arterial 40.0
39 28 9.722222 suburban 35.0
39 29 8.333333 urban 30.0
39 30 11.111111 arterial 40.0
39 31 9.722222 suburban 35.0
39 32 9.722222 suburban 35.0
39 33 8.333333 urban 30.0
39 34 8.333333 urban 30.0
39 35 11.111111 arterial 40.0
39 36 11.111111 arterial 40.0
39 37 8.333333 urban 30.0
39 38 9.722222 suburban 35.0
39 40 11.111111 arterial 40.0
39 41 11.111111 arterial 40.0
39 42 9.722222 suburban 35.0
39 43 9.722222 suburban 35.0
39 44 9.722222 suburban 35.0
39 45 8.333333 urban 30.0
39 46 9.722222 suburban 35.0
39 47 9.722222 suburban 35.0
39 48 11.111111 arterial 40.0
39 49 11.111111 arterial 40.0
39 50 11.111111 arterial 40.0
40 0 9.722222 suburban 35.0
40 1 11.111111 arterial 40.0
40 2 8.333333 urban 30.0
40 3 9.722222 suburban 35.0
40 4 9.722222 suburban 35.0
40 5 9.722222 suburban 35.0
40 6 9.722222 suburban 35.0
40 7 8.333333 urban 30.0
40 8 8.333333 urban 30.0
40 9 9.722222 suburban 35.0
40 10 9.722222 suburban 35.0
40 11 11.111111 arterial 40.0
40 12 11.111111 arterial 40.0
40 13 11.111111 arterial 40.0
40 14 11.111111 arterial 40.0
40 15 8.333333 urban 30.0
40 16 11.111111 arterial 40.0
40 17 8.333333 urban 30.0
40 18 9.722222 suburban 35.0
40 19 8.333333 urban 30.0
40 20 11.111111 arterial 40.0
40 21 8.333333 urban 30.0
40 22 9.722222 suburban 35.0
40 23 9.722222 suburban 35.0
40 24 8.333333 urban 30.0
40 25 11.111111 arterial 40.0
40 26 11.111111 arterial 40.0
40 27 11.111111 arterial 40.0
40 28 11.111111 arterial 40.0
40 29 8.333333 urban 30.0
40 30 11.111111 arterial 40.0
40 31 8.333333 urban 30.0
40 32 9.722222 suburban 35.0
40 33 8.333333 urban 30.0
40 34 8.333333 urban 30.0
40 35 9.722222 suburban 35.0
40 36 11.111111 arterial 40.0
40 37 8.333333 urban 30.0
40 38 8.333333 urban 30.0
40 39 11.111111 arterial 40.0
40 41 11.111111 arterial 40.0
40 42 8.333333 urban 30.0
40 43 11.111111 arterial 40.0
40 44 9.722222 suburban 35.0
40 45 8.333333 urban 30.0
40 46 11.111111 arterial 40.0
40 47 11.111111 arterial 40.0
40 48 11.111111 arterial 40.0
40 49 11.111111 arterial 40.0
40 50 11.111111 arterial 40.0
41 0 9.722222 suburban 35.0
41 1 9.722222 suburban 35.0
41 2 8.333333 urban 30.0
41 3 11.111111 arterial 40.0
41 4 11.111111 arterial 40.0
41 5 9.722222 suburban 35.0
41 6 9.722222 suburban 35.0
41 7 8.333333 urban 30.0
41 8 11.111111 arterial 40.0
41 9 9.722222 suburban 35.0
41 10 9.722222 suburban 35.0
41 11 11.111111 arterial 40.0
41 12 11.111111 arterial 40.0
41 13 11.111111 arterial 40.0
41 14 11.111111 arterial 40.0
41 15 8.333333 urban 30.0
41 16 11.111111 arterial 40.0
41 17 8.333333 urban 30.0
41 18 9.722222 suburban 35.0
41 19 8.333333 urban 30.0
41 20 9.722222 suburban 35.0
41 21 9.722222 suburban 35.0
41 22 11.111111 arterial 40.0
41 23 11.111111 arterial 40.0
41 24 9.722222 suburban 35.0
41 25 11.111111 arterial 40.0
41 26 11.111111 arterial 40.0
41 27 11.111111 arterial 40.0
41 28 9.722222 suburban 35.0
41 29 8.333333 urban 30.0
41 30 11.111111 arterial 40.0
41 31 9.722222 suburban 35.0
41 32 9.722222 suburban 35.0
41 33 8.333333 urban 30.0
41 34 8.333333 urban 30.0
41 35 11.111111 arterial 40.0
41 36 11.111111 arterial 40.0
41 37 8.333333 urban 30.0
41 38 9.722222 suburban 35.0
41 39 11.111111 arterial 40.0
41 40 11.111111 arterial 40.0
41 42 9.722222 suburban 35.0
41 43 11.111111 arterial 40.0
41 44 9.722222 suburban 35.0
41 45 8.333333 urban 30.0
41 46 9.722222 suburban 35.0
41 47 11.111111 arterial 40.0
41 48 11.111111 arterial 40.0
41 49 11.111111 arterial 40.0
41 50 11.111111 arterial 40.0
42 0 8.333333 urban 30.0
42 1 8.333333 urban 30.0
42 2 9.722222 suburban 35.0
42 3 11.111111 arterial 40.0
42 4 11.111111 arterial 40.0
42 5 9.722222 suburban 35.0
42 6 8.333333 urban 30.0
42 7 8.333333 urban 30.0
42 8 11.111111 arterial 40.0
42 9 8.333333 urban 30.0
42 10 8.333333 urban 30.0
42 11 8.333333 urban 30.0
42 12 8.333333 urban 30.0
42 13 8.333333 urban 30.0
42 14 9.722222 suburban 35.0
42 15 9.722222 suburban 35.0
42 16 8.333333 urban 30.0
42 17 9.722222 suburban 35.0
42 18 8.333333 urban 30.0
42 19 9.722222 suburban 35.0
42 20 8.333333 urban 30.0
42 21 11.111111 arterial 40.0
42 22 9.722222 suburban 35.0
42 23 11.111111 arterial 40.0
42 24 11.111111 arterial 40.0
42 25 8.333333 urban 30.0
42 26 9.722222 suburban 35.0
42 27 8.333333 urban 30.0
42 28 8.333333 urban 30.0
42 29 9.722222 suburban 35.0
42 30 9.722222 suburban 35.0
42 31 9.722222 suburban 35.0
42 32 9.722222 suburban 35.0
42 33 9.722222 suburban 35.0
42 34 9.722222 suburban 35.0
42 35 9.722222 suburban 35.0
42 36 9.722222 suburban 35.0
42 37 8.333333 urban 30.0
42 38 9.722222 suburban 35.0
42 39 9.722222 suburban 35.0
42 40 8.333333 urban 30.0
42 41 9.722222 suburban 35.0
42 43 8.333333 urban 30.0
42 44 8.333333 urban 30.0
42 45 9.722222 suburban 35.0
42 46 8.333333 urban 30.0
42 47 8.333333 urban 30.0
42 48 9.722222 suburban 35.0
42 49 9.722222 suburban 35.0
42 50 9.722222 suburban 35.0
43 0 8.333333 urban 30.0
43 1 11.111111 arterial 40.0
43 2 8.333333 urban 30.0
43 3 9.722222 suburban 35.0
43 4 9.722222 suburban 35.0
43 5 8.333333 urban 30.0
43 6 8.333333 urban 30.0
43 7 8.333333 urban 30.0
43 8 9.722222 suburban 35.0
43 9 8.333333 urban 30.0
43 10 8.333333 urban 30.0
43 11 11.111111 arterial 40.0
43 12 9.722222 suburban 35.0
43 13 9.722222 suburban 35.0
43 14 11.111111 arterial 40.0
43 15 8.333333 urban 30.0
43 16 9.722222 suburban 35.0
43 17 8.333333 urban 30.0
43 18 9.722222 suburban 35.0
43 19 8.333333 urban 30.0
43 20 9.722222 suburban 35.0
43 21 8.333333 urban 30.0
43 22 9.722222 suburban 35.0
43 23 9.722222 suburban 35.0
43 24 8.333333 urban 30.0
43 25 11.111111 arterial 40.0
43 26 11.111111 arterial 40.0
43 27 9.722222 suburban 35.0
43 28 9.722222 suburban 35.0
43 29 8.333333 urban 30.0
43 30 11.111111 arterial 40.0
43 31 8.333333 urban 30.0
43 32 9.722222 suburban 35.0
43 33 8.333333 urban 30.0
43 34 8.333333 urban 30.0
43 35 9.722222 suburban 35.0
43 36 11.111111 arterial 40.0
43 37 8.333333 urban 30.0
43 38 8.333333 urban 30.0
43 39 9.722222 suburban 35.0
43 40 11.111111 arterial 40.0
43 41 11.111111 arterial 40.0
43 42 8.333333 urban 30.0
43 44 9.722222 suburban 35.0
43 45 8.333333 urban 30.0
43 46 9.722222 suburban 35.0
43 47 9.722222 suburban 35.0
43 48 9.722222 suburban 35.0
43 49 11.111111 arterial 40.0
43 50 9.722222 suburban 35.0
44 0 8.333333 urban 30.0
44 1 11.111111 arterial 40.0
44 2 8.333333 urban 30.0
44 3 8.333333 urban 30.0
44 4 9.722222 suburban 35.0
44 5 8.333333 urban 30.0
44 6 8.333333 urban 30.0
44 7 8.333333 urban 30.0
44 8 8.333333 urban 30.0
44 9 8.333333 urban 30.0
44 10 8.333333 urban 30.0
44 11 9.722222 suburban 35.0
44 12 9.722222 suburban 35.0
44 13 9.722222 suburban 35.0
44 14 9.722222 suburban 35.0
44 15 8.333333 urban 30.0
44 16 9.722222 suburban 35.0
44 17 8.333333 urban 30.0
44 18 8.333333 urban 30.0
44 19 8.333333 urban 30.0
44 20 9.722222 suburban 35.0
44 21 8.333333 urban 30.0
44 22 8.333333 urban 30.0
44 23 9.722222 suburban 35.0
44 24 8.333333 urban 30.0
44 25 9.722222 suburban 35.0
44 26 9.722222 suburban 35.0
44 27 9.722222 suburban 35.0
44 28 11.111111 arterial 40.0
44 29 8.333333 urban 30.0
44 30 9.722222 suburban 35.0
44 31 8.333333 urban 30.0
44 32 8.333333 urban 30.0
44 33 8.333333 urban 30.0
44 34 8.333333 urban 30.0
44 35 8.333333 urban 30.0
44 36 11.111111 arterial 40.0
44 37 8.333333 urban 30.0
44 38 8.333333 urban 30.0
44 39 9.722222 suburban 35.0
44 40 9.722222 suburban 35.0
44 41 9.722222 suburban 35.0
44 42 8.333333 urban 30.0
44 43 9.722222 suburban 35.0
44 45 8.333333 urban 30.0
44 46 9.722222 suburban 35.0
44 47 9.722222 suburban 35.0
44 48 8.333333 urban 30.0
44 49 9.722222 suburban 35.0
44 50 9.722222 suburban 35.0
45 0 9.722222 suburban 35.0
45 1 11.111111 arterial 40.0
45 2 9.722222 suburban 35.0
45 3 9.722222 suburban 35.0
45 4 11.111111 arterial 40.0
45 5 8.333333 urban 30.0
45 6 8.333333 urban 30.0
45 7 9.722222 suburban 35.0
45 8 11.111111 arterial 40.0
45 9 9.722222 suburban 35.0
45 10 9.722222 suburban 35.0
45 11 8.333333 urban 30.0
45 12 8.333333 urban 30.0
45 13 8.333333 urban 30.0
45 14 8.333333 urban 30.0
45 15 11.111111 arterial 40.0
45 16 8.333333 urban 30.0
45 17 11.111111 arterial 40.0
45 18 8.333333 urban 30.0
45 19 11.111111 arterial 40.0
45 20 11.111111 arterial 40.0
45 21 11.111111 arterial 40.0
45 22 9.722222 suburban 35.0
45 23 11.111111 arterial 40.0
45 24 11.111111 arterial 40.0
45 25 8.333333 urban 30.0
45 26 8.333333 urban 30.0
45 27 8.333333 urban 30.0
45 28 11.111111 arterial 40.0
45 29 11.111111 arterial 40.0
45 30 8.333333 urban 30.0
45 31 9.722222 suburban 35.0
45 32 8.333333 urban 30.0
45 33 11.111111 arterial 40.0
45 34 9.722222 suburban 35.0
45 35 8.333333 urban 30.0
45 36 8.333333 urban 30.0
45 37 9.722222 suburban 35.0
45 38 9.722222 suburban 35.0
45 39 8.333333 urban 30.0
45 40 8.333333 urban 30.0
45 41 8.333333 urban 30.0
45 42 9.722222 suburban 35.0
45 43 8.333333 urban 30.0
45 44 8.333333 urban 30.0
45 46 8.333333 urban 30.0
45 47 8.333333 urban 30.0
45 48 8.333333 urban 30.0
45 49 8.333333 urban 30.0
45 50 8.333333 urban 30.0
46 0 8.333333 urban 30.0
46 1 11.111111 arterial 40.0
46 2 8.333333 urban 30.0
46 3 9.722222 suburban 35.0
46 4 9.722222 suburban 35.0
46 5 8.333333 urban 30.0
46 6 8.333333 urban 30.0
46 7 8.333333 urban 30.0
46 8 8.333333 urban 30.0
46 9 8.333333 urban 30.0
46 10 8.333333 urban 30.0
46 11 11.111111 arterial 40.0
46 12 9.722222 suburban 35.0
46 13 9.722222 suburban 35.0
46 14 9.722222 suburban 35.0
46 15 8.333333 urban 30.0
46 16 9.722222 suburban 35.0
46 17 8.333333 urban 30.0
46 18 8.333333 urban 30.0
46 19 8.333333 urban 30.0
46 20 9.722222 suburban 35.0
46 21 8.333333 urban 30.0
46 22 8.333333 urban 30.0
46 23 9.722222 suburban 35.0
46 24 8.333333 urban 30.0
46 25 11.111111 arterial 40.0
46 26 9.722222 suburban 35.0
46 27 9.722222 suburban 35.0
46 28 11.111111 arterial 40.0
46 29 8.333333 urban 30.0
46 30 9.722222 suburban 35.0
46 31 8.333333 urban 30.0
46 32 8.333333 urban 30.0
46 33 8.333333 urban 30.0
46 34 8.333333 urban 30.0
46 35 9.722222 suburban 35.0
46 36 11.111111 arterial 40.0
46 37 8.333333 urban 30.0
46 38 8.333333 urban 30.0
46 39 9.722222 suburban 35.0
46 40 11.111111 arterial 40.0
46 41 9.722222 suburban 35.0
46 42 8.333333 urban 30.0
46 43 9.722222 suburban 35.0
46 44 9.722222 suburban 35.0
46 45 8.333333 urban 30.0
46 47 9.722222 suburban 35.0
46 48 9.722222 suburban 35.0
46 49 11.111111 arterial 40.0
46 50 9.722222 suburban 35.0
47 0 8.333333 urban 30.0
47 1 11.111111 arterial 40.0
47 2 8.333333 urban 30.0
47 3 9.722222 suburban 35.0
47 4 9.722222 suburban 35.0
47 5 8.333333 urban 30.0
47 6 8.333333 urban 30.0
47 7 8.333333 urban 30.0
47 8 9.722222 suburban 35.0
47 9 8.333333 urban 30.0
47 10 8.333333 urban 30.0
47 11 11.111111 arterial 40.0
47 12 9.722222 suburban 35.0
47 13 9.722222 suburban 35.0
47 14 11.111111 arterial 40.0
47 15 8.333333 urban 30.0
47 16 9.722222 suburban 35.0
47 17 8.333333 urban 30.0
47 18 9.722222 suburban 35.0
47 19 8.333333 urban 30.0
47 20 9.722222 suburban 35.0
47 21 8.333333 urban 30.0
47 22 9.722222 suburban 35.0
47 23 9.722222 suburban 35.0
47 24 8.333333 urban 30.0
47 25 11.111111 arterial 40.0
47 26 11.111111 arterial 40.0
47 27 9.722222 suburban 35.0
47 28 9.722222 suburban 35.0
47 29 8.333333 urban 30.0
47 30 11.111111 arterial 40.0
47 31 8.333333 urban 30.0
47 32 9.722222 suburban 35.0
47 33 8.333333 urban 30.0
47 34 8.333333 urban 30.0
47 35 9.722222 suburban 35.0
47 36 11.111111 arterial 40.0
47 37 8.333333 urban 30.0
47 38 8.333333 urban 30.0
47 39 9.722222 suburban 35.0
47 40 11.111111 arterial 40.0
47 41 11.111111 arterial 40.0
47 42 8.333333 urban 30.0
47 43 9.722222 suburban 35.0
47 44 9.722222 suburban 35.0
47 45 8.333333 urban 30.0
47 46 9.722222 suburban 35.0
47 48 9.722222 suburban 35.0
47 49 11.111111 arterial 40.0
47 50 9.722222 suburban 35.0
48 0 8.333333 urban 30.0
48 1 9.722222 suburban 35.0
48 2 8.333333 urban 30.0
48 3 11.111111 arterial 40.0
48 4 11.111111 arterial 40.0
48 5 9.722222 suburban 35.0
48 6 8.333333 urban 30.0
48 7 8.333333 urban 30.0
48 8 9.722222 suburban 35.0
48 9 8.333333 urban 30.0
48 10 8.333333 urban 30.0
48 11 11.111111 arterial 40.0
48 12 9.722222 suburban 35.0
48 13 9.722222 suburban 35.0
48 14 11.111111 arterial 40.0
48 15 8.333333 urban 30.0
48 16 9.722222 suburban 35.0
48 17 8.333333 urban 30.0
48 18 9.722222 suburban 35.0
48 19 8.333333 urban 30.0
48 20 8.333333 urban 30.0
48 21 9.722222 suburban 35.0
48 22 9.722222 suburban 35.0
48 23 11.111111 arterial 40.0
48 24 9.722222 suburban 35.0
48 25 9.722222 suburban 35.0
48 26 11.111111 arterial 40.0
48 27 9.722222 suburban 35.0
48 28 8.333333 urban 30.0
48 29 8.333333 urban 30.0
48 30 11.111111 arterial 40.0
48 31 9.722222 suburban 35.0
48 32 9.722222 suburban 35.0
48 33 8.333333 urban 30.0
48 34 8.333333 urban 30.0
48 35 11.111111 arterial 40.0
48 36 11.111111 arterial 40.0
48 37 8.333333 urban 30.0
48 38 9.722222 suburban 35.0
48 39 11.111111 arterial 40.0
48 40 11.111111 arterial 40.0
48 41 11.111111 arterial 40.0
48 42 9.722222 suburban 35.0
48 43 9.722222 suburban 35.0
48 44 8.333333 urban 30.0
48 45 8.333333 urban 30.0
48 46 9.722222 suburban 35.0
48 47 9.722222 suburban 35.0
48 49 11.111111 arterial 40.0
48 50 11.111111 arterial 40.0
49 0 9.722222 suburban 35.0
49 1 11.111111 arterial 40.0
49 2 8.333333 urban 30.0
49 3 11.111111 arterial 40.0
49 4 11.111111 arterial 40.0
49 5 9.722222 suburban 35.0
49 6 9.722222 suburban 35.0
49 7 9.722222 suburban 35.0
49 8 9.722222 suburban 35.0
49 9 9.722222 suburban 35.0
49 10 9.722222 suburban 35.0
49 11 11.111111 arterial 40.0
49 12 11.111111 arterial 40.0
49 13 11.111111 arterial 40.0
49 14 11.111111 arterial 40.0
49 15 8.333333 urban 30.0
49 16 11.111111 arterial 40.0
49 17 8.333333 urban 30.0
49 18 9.722222 suburban 35.0
49 19 8.333333 urban 30.0
49 20 9.722222 suburban 35.0
49 21 8.333333 urban 30.0
49 22 11.111111 arterial 40.0
49 23 11.111111 arterial 40.0
49 24 8.333333 urban 30.0
49 25 11.111111 arterial 40.0
49 26 11.111111 arterial 40.0
49 27 11.111111 arterial 40.0
49 28 9.722222 suburban 35.0
49 29 8.333333 urban 30.0
49 30 11.111111 arterial 40.0
49 31 9.722222 suburban 35.0
49 32 9.722222 suburban 35.0
49 33 8.333333 urban 30.0
49 34 8.333333 urban 30.0
49 35 11.111111 arterial 40.0
49 36 11.111111 arterial 40.0
49 37 8.333333 urban 30.0
49 38 9.722222 suburban 35.0
49 39 11.111111 arterial 40.0
49 40 11.111111 arterial 40.0
49 41 11.111111 arterial 40.0
49 42 9.722222 suburban 35.0
49 43 11.111111 arterial 40.0
49 44 9.722222 suburban 35.0
49 45 8.333333 urban 30.0
49 46 11.111111 arterial 40.0
49 47 11.111111 arterial 40.0
49 48 11.111111 arterial 40.0
49 50 11.111111 arterial 40.0
50 0 9.722222 suburban 35.0
50 1 9.722222 suburban 35.0
50 2 8.333333 urban 30.0
50 3 11.111111 arterial 40.0
50 4 11.111111 arterial 40.0
50 5 9.722222 suburban 35.0
50 6 9.722222 suburban 35.0
50 7 8.333333 urban 30.0
50 8 11.111111 arterial 40.0
50 9 8.333333 urban 30.0
50 10 8.333333 urban 30.0
50 11 11.111111 arterial 40.0
50 12 9.722222 suburban 35.0
50 13 9.722222 suburban 35.0
50 14 11.111111 arterial 40.0
50 15 8.333333 urban 30.0
50 16 9.722222 suburban 35.0
50 17 9.722222 suburban 35.0
50 18 9.722222 suburban 35.0
50 19 8.333333 urban 30.0
50 20 8.333333 urban 30.0
50 21 9.722222 suburban 35.0
50 22 11.111111 arterial 40.0
50 23 11.111111 arterial 40.0
50 24 9.722222 suburban 35.0
50 25 11.111111 arterial 40.0
50 26 11.111111 arterial 40.0
50 27 11.111111 arterial 40.0
50 28 8.333333 urban 30.0
50 29 9.722222 suburban 35.0
50 30 11.111111 arterial 40.0
50 31 9.722222 suburban 35.0
50 32 9.722222 suburban 35.0
50 33 8.333333 urban 30.0
50 34 8.333333 urban 30.0
50 35 11.111111 arterial 40.0
50 36 11.111111 arterial 40.0
50 37 8.333333 urban 30.0
50 38 9.722222 suburban 35.0
50 39 11.111111 arterial 40.0
50 40 11.111111 arterial 40.0
50 41 11.111111 arterial 40.0
50 42 9.722222 suburban 35.0
50 43 9.722222 suburban 35.0
50 44 9.722222 suburban 35.0
50 45 8.333333 urban 30.0
50 46 9.722222 suburban 35.0
50 47 9.722222 suburban 35.0
50 48 11.111111 arterial 40.0
50 49 11.111111 arterial 40.0
