trucks_count 5
drones_count 5
customers 200
depot 0 0
Coordinate X         Coordinate Y         Dronable Demand
X	Y	Dronable	Demand	Drone_service	Truck_service	Lw
21055.016304	21512.734716	1	0.92	60	60	3600
8331.676470	-9174.015108	1	1.58	60	60	3600
-5067.271079	1229.771411	1	0.69	60	60	3600
-4222.391928	14936.847855	1	1.03	60	60	1800
-14616.757137	15173.381703	1	1.09	60	60	3600
12824.128633	8692.841302	1	0.62	60	60	1800
-23552.705289	-671.716012	1	1.20	60	60	3600
23866.174112	21874.602640	1	0.72	60	60	1800
1860.519930	12552.394967	1	1.20	60	60	1800
-15043.479510	1883.997881	1	1.36	60	60	1800
14159.458185	7242.325723	1	1.26	60	60	1800
-13982.653920	13252.467106	1	1.27	60	60	1800
3893.597667	-16522.821093	1	1.03	60	60	2700
-1677.475759	12839.522507	1	1.73	60	60	3600
20199.249950	23958.479644	1	0.66	60	60	3600
-7678.126756	11679.292403	1	1.98	60	60	2700
8496.592727	94.437851	1	0.54	60	60	1800
-17632.751244	8486.090580	1	1.72	60	60	3600
-13882.182085	-12460.125417	1	1.96	60	60	3600
23423.629891	22279.094992	1	1.31	60	60	3600
20205.247414	23955.863624	1	1.76	60	60	1800
22253.999733	21779.813660	1	0.79	60	60	2700
1182.000209	12593.492612	1	0.68	60	60	2700
11296.545596	-10549.963370	1	1.22	60	60	1800
765.120483	706.432488	1	1.63	60	60	3600
23043.793986	23396.992696	1	1.09	60	60	3600
10748.274833	-8550.111494	1	0.97	60	60	2700
-15934.374077	-12462.482749	1	0.79	60	60	3600
-1024.756648	3396.971651	1	0.63	60	60	3600
22671.265216	22748.776336	1	1.63	60	60	2700
12616.332487	-9664.451452	1	1.67	60	60	1800
-13134.940335	-14130.806951	1	1.56	60	60	3600
-7359.282974	16721.265880	1	2.00	60	60	2700
-3535.721913	-10722.326625	1	1.69	60	60	2700
-10579.184795	-9040.659033	1	1.95	60	60	1800
22901.933700	23393.998188	1	1.85	60	60	2700
-7112.222809	16349.991416	1	0.62	60	60	1800
-13431.424133	2792.015652	1	1.54	60	60	3600
7068.360212	-11561.214511	1	0.54	60	60	2700
-844.515763	-9886.696752	1	0.57	60	60	1800
13953.084447	12053.908111	1	0.82	60	60	1800
-11772.034758	-13326.867631	1	1.25	60	60	1800
13617.219677	8234.506934	1	0.61	60	60	1800
-3022.409160	-10137.074368	1	1.66	60	60	1800
17523.757475	-3127.245968	1	0.43	60	60	3600
16830.013464	-1595.358091	1	1.81	60	60	3600
-15036.543974	15548.486668	1	0.27	60	60	1800
504.695245	-13855.688463	1	1.85	60	60	2700
-16973.780489	12480.929988	1	0.39	60	60	3600
-9514.881054	283.346912	1	0.98	60	60	3600
-16800.049455	11412.191070	1	1.40	60	60	1800
-13698.546109	818.450258	1	1.42	60	60	3600
-14495.644814	12008.974241	1	1.95	60	60	1800
-4393.433883	11043.791158	1	1.68	60	60	2700
-12740.289626	10328.196208	1	1.91	60	60	2700
7184.302030	-14356.232426	1	0.35	60	60	3600
-11990.104538	-18854.168212	1	1.02	60	60	2700
8823.082064	2987.385138	1	1.74	60	60	2700
-844.515763	14155.447747	1	0.26	60	60	2700
-13411.846451	-17843.293556	1	1.41	60	60	2700
-24095.273069	4456.317712	1	1.41	60	60	1800
7242.091245	-12629.953429	1	1.40	60	60	3600
-69.007213	21574.951464	1	2.00	60	60	2700
11718.440089	-3660.192281	1	1.35	60	60	1800
10689.592720	28.810605	1	1.68	60	60	3600
-1231.057708	13532.989667	1	1.69	60	60	1800
-10554.091364	-16141.834148	1	1.95	60	60	1800
12575.830201	-2557.505552	1	0.91	60	60	1800
-11218.012068	8692.841302	1	0.30	60	60	2700
17482.109622	11563.805352	1	0.80	60	60	2700
1441.885555	15001.485465	1	1.56	60	60	2700
21188.124659	-8715.242800	1	1.19	60	60	3600
-17178.846142	11591.016888	1	1.75	60	60	1800
-1934.931591	4141.421684	1	0.49	60	60	1800
-2577.247397	3465.612279	1	0.35	60	60	3600
-879.276505	1795.186493	1	0.44	60	60	3600
-15556.792263	-10722.326625	1	0.50	60	60	3600
11763.884464	10627.154888	1	1.98	60	60	2700
3079.710396	12565.660522	1	0.72	60	60	2700
3079.710396	-11476.483976	1	0.68	60	60	2700
11253.032373	3467.825058	1	0.50	60	60	1800
12298.564483	-519.380383	1	1.66	60	60	1800
19170.367898	-2268.568016	1	0.95	60	60	1800
-10417.040676	-356.401979	1	0.80	60	60	3600
10689.592720	12049.882855	1	1.19	60	60	3600
12270.105943	10715.276867	1	1.87	60	60	1800
-18243.494699	12006.752560	1	0.60	60	60	3600
16118.001869	-13230.382000	1	1.81	60	60	2700
-14413.456631	2271.667873	1	0.48	60	60	3600
-8426.313318	10984.724413	1	1.56	60	60	3600
-16543.797998	-12077.114492	1	0.46	60	60	3600
6982.372020	-8815.845130	1	0.37	60	60	3600
-8213.149399	10235.715387	1	1.58	60	60	3600
-15219.058636	-9033.687111	1	1.94	60	60	1800
-6859.684891	16476.172636	1	1.02	60	60	3600
7068.360212	459.857739	1	1.57	60	60	2700
-331.670224	4165.172921	1	1.28	60	60	2700
7798.678422	-9105.296644	1	0.70	60	60	2700
287.617109	13142.662116	1	0.25	60	60	3600
20241.627177	23979.819688	1	1.92	60	60	1800
-8213.149399	-13806.429111	1	0.48	60	60	1800
-12103.736130	10032.873602	1	0.69	60	60	1800
-6578.522381	374.582349	1	1.84	60	60	3600
-15710.464230	14868.129390	1	1.45	60	60	1800
13644.795702	11126.909366	1	0.61	60	60	2700
-10121.439394	8641.447007	1	0.69	60	60	2700
-8446.861176	-16649.898628	1	1.36	60	60	3600
-14285.699483	-875.526613	1	1.42	60	60	1800
-6682.120466	16632.621764	1	0.40	60	60	1800
1245.447908	14517.520667	1	1.95	60	60	3600
-12752.260694	12206.078368	1	1.11	60	60	3600
-9341.345991	-16252.564152	1	1.70	60	60	3600
-14060.678704	13924.762752	1	1.52	60	60	3600
22222.359734	-4360.426664	1	0.66	60	60	1800
22213.815687	22397.773244	1	0.43	60	60	2700
22249.842046	21755.111752	1	1.70	60	60	2700
-12278.256236	-1393.917361	1	0.46	60	60	1800
-1140.241635	-14681.722215	1	1.07	60	60	1800
-7002.555676	-937.350993	1	1.88	60	60	2700
1281.329964	-16699.465354	1	0.73	60	60	1800
-13431.424133	14813.087901	1	0.57	60	60	3600
5952.164538	-11718.811080	1	0.62	60	60	1800
-17193.314894	7335.442532	1	0.68	60	60	1800
-12323.700611	-15681.264530	1	0.26	60	60	1800
5018.514674	11083.721257	1	1.30	60	60	1800
20249.869792	23985.062860	1	0.54	60	60	2700
-22458.027836	2948.321332	1	1.95	60	60	2700
-11516.375105	10186.456035	1	0.82	60	60	1800
-6870.869069	19460.517120	1	1.96	60	60	2700
10284.735975	-8754.131946	1	1.62	60	60	3600
-724.524754	13492.181129	1	0.76	60	60	1800
9122.981718	-326.757411	1	1.08	60	60	2700
12918.630507	-4329.385588	1	1.88	60	60	1800
10633.142853	14180.121901	1	1.00	60	60	1800
20576.165080	20877.075252	1	1.88	60	60	2700
-1410.353783	14813.087901	1	0.70	60	60	1800
554.759850	-14578.577801	1	1.06	60	60	1800
3903.523375	-15957.494967	1	1.09	60	60	2700
15914.668017	7519.323405	1	0.31	60	60	1800
-196.396117	-14810.385865	1	0.86	60	60	3600
-21051.503059	8832.562948	1	1.97	60	60	1800
325.305728	15210.876632	1	0.43	60	60	2700
8998.661190	-10137.074368	1	1.37	60	60	2700
-2392.386281	-9749.404376	1	1.75	60	60	3600
8442.821555	3354.539667	1	1.49	60	60	3600
-4522.727648	11965.030006	1	1.78	60	60	2700
4275.654355	1048.178976	1	0.29	60	60	2700
803.058282	8692.841302	1	0.64	60	60	3600
-11123.510193	-4329.385588	1	1.76	60	60	3600
-6893.975416	18708.450332	1	0.43	60	60	2700
-4952.710138	12480.929988	1	0.96	60	60	1800
-13134.940335	-2109.734702	1	1.53	60	60	2700
-10839.070141	572.420363	1	1.73	60	60	2700
-16544.462480	-11249.746402	1	1.46	60	60	1800
12660.063744	747.296624	1	0.48	60	60	2700
-19920.736882	-5678.221692	1	0.40	60	60	3600
20190.248558	23965.225636	1	1.81	60	60	3600
-14188.550061	12556.064400	1	1.31	60	60	3600
-17447.619829	16393.951684	1	1.72	60	60	2700
7517.882642	15429.374663	1	1.69	60	60	2700
-20905.079711	5314.628308	1	1.99	60	60	2700
23218.094626	-12825.021352	1	1.60	60	60	1800
3893.597667	7519.323405	1	1.04	60	60	1800
11409.165002	9836.091941	1	1.15	60	60	1800
2138.387835	7242.325723	1	1.31	60	60	2700
-12865.586113	-9886.696752	1	1.73	60	60	3600
19336.155673	-3974.235320	1	1.82	60	60	3600
-1279.751818	-13202.718496	1	0.58	60	60	2700
287.617109	-10899.482383	1	1.06	60	60	1800
-7632.287845	-11734.133741	1	1.15	60	60	3600
-20812.072249	-18241.785760	1	1.01	60	60	3600
-13250.010020	-12577.525021	1	0.32	60	60	3600
530.101319	-11833.564244	1	0.20	60	60	3600
-12745.595104	-10549.963370	1	1.12	60	60	2700
3594.757033	10984.724413	1	1.19	60	60	1800
22164.058566	-14527.660752	1	1.88	60	60	2700
-2936.981625	-10816.397533	1	1.01	60	60	2700
11938.404571	10032.873602	1	0.39	60	60	2700
1281.329964	7342.679145	1	1.89	60	60	1800
4785.270924	975.857796	1	1.97	60	60	1800
11289.880006	185.006119	1	1.96	60	60	2700
22808.406527	22872.185688	1	0.38	60	60	3600
15300.841899	11992.862096	1	0.99	60	60	1800
-12278.256236	10627.154888	1	0.72	60	60	2700
10792.130680	-556.452771	1	0.68	60	60	3600
10727.686257	8121.132587	1	1.75	60	60	2700
3807.920951	-13806.429111	1	1.73	60	60	2700
22894.096460	22202.540228	1	1.21	60	60	1800
3903.523375	8084.649532	1	1.18	60	60	2700
989.590987	-3569.546177	1	1.72	60	60	2700
-1387.927497	14180.121901	1	1.07	60	60	1800
-3197.988286	-9033.687111	1	1.45	60	60	1800
-10851.643396	-13708.844443	1	0.72	60	60	3600
8442.821555	15375.611916	1	1.06	60	60	3600
9628.684069	2271.667873	1	1.73	60	60	3600
-18763.787670	11175.581780	1	0.57	60	60	2700
-16243.462278	2915.775605	1	0.75	60	60	3600
13625.100025	-356.401979	1	0.47	60	60	1800
-2460.277707	-3226.343036	1	1.91	60	60	2700
-10533.750802	-15012.037864	1	0.69	60	60	3600
