trucks_count 1
drones_count 1
customers 100
depot 0 0
Coordinate X Coordinate Y Dronable Demand
X Y Dronable Demand Drone_service Truck_service Lw
-2392.312 2457.912 1 0.27 60 60 3600
-3036.480 -4668.460 1 0.67 60 60 3600
-66.917 -376.952 1 0.74 60 60 3600
-4834.684 1400.472 1 1.71 60 60 3600
-2700.034 4942.441 1 0.50 60 60 3600
1847.656 -837.321 1 0.91 60 60 3600
-3595.160 -2522.801 1 1.91 60 60 3600
-215.655 -3195.619 1 0.68 60 60 3600
-3929.321 -4440.310 1 0.36 60 60 3600
-2049.754 1135.943 1 0.49 60 60 3600
-3183.513 -2011.141 1 0.26 60 60 3600
-3734.939 3239.290 1 1.85 60 60 3600
4365.234 -716.545 1 1.54 60 60 3600
-461.469 1015.205 1 0.27 60 60 3600
1904.249 689.238 1 1.99 60 60 3600
908.782 -23.077 1 1.37 60 60 3600
2525.180 -4036.719 1 0.47 60 60 3600
-2842.733 4444.150 1 1.48 60 60 3600
-1581.177 652.035 1 1.73 60 60 3600
4260.374 -1206.508 1 0.30 60 60 3600
-3768.767 4826.245 1 1.76 60 60 3600
-209.222 -4426.161 1 1.13 60 60 3600
21.315 -2041.264 1 1.24 60 60 3600
-3627.668 2059.965 1 1.36 60 60 3600
-248.983 1849.838 1 1.42 60 60 3600
-850.938 -2555.896 1 1.55 60 60 3600
-2139.441 360.521 1 1.05 60 60 3600
-4472.765 264.040 1 0.26 60 60 3600
4617.283 -2815.027 1 0.26 60 60 3600
1555.352 -2918.532 1 1.61 60 60 3600
-4332.217 -1597.008 1 1.61 60 60 3600
335.470 -1311.094 1 0.50 60 60 3600
867.898 3233.568 1 1.89 60 60 3600
3090.968 -1603.553 1 1.69 60 60 3600
-4024.932 720.040 1 0.48 60 60 3600
-4194.859 3823.942 1 1.49 60 60 3600
-4498.559 3275.892 1 1.12 60 60 3600
1439.631 -4088.784 1 1.02 60 60 3600
571.951 -3402.618 1 1.81 60 60 3600
594.700 -4498.797 1 0.71 60 60 3600
-1673.592 -1345.080 1 1.97 60 60 3600
2487.372 -2232.322 1 1.15 60 60 3600
-839.340 143.647 1 1.40 60 60 3600
-4824.905 4992.680 1 1.79 60 60 3600
-2887.691 3069.493 1 0.68 60 60 3600
1342.056 -2000.888 1 1.75 60 60 3600
-3122.208 1969.340 1 0.76 60 60 3600
-4668.809 2392.590 1 0.34 60 60 3600
2103.847 -1819.503 1 0.50 60 60 3600
-1434.352 1339.202 1 0.35 60 60 3600
-1868.873 4946.682 1 0.24 60 60 3600
-2176.117 4114.966 1 1.41 60 60 3600
2000.047 2541.480 1 1.28 60 60 3600
1909.985 1924.266 1 0.27 60 60 3600
2167.522 -161.715 1 0.73 60 60 3600
4046.881 -4142.139 1 0.70 60 60 3600
1311.856 -3493.890 1 1.00 60 60 3600
-2555.308 654.428 1 0.66 60 60 3600
1173.490 2763.675 1 0.22 60 60 3600
174.293 2340.514 1 1.29 60 60 3600
1324.139 701.650 1 0.40 60 60 3600
2548.199 -2827.316 1 1.59 60 60 3600
-934.327 -359.252 1 1.94 60 60 3600
-1093.000 -1179.614 1 1.60 60 60 3600
195.400 -4825.099 1 1.13 60 60 3600
-1547.682 2147.964 1 1.63 60 60 3600
-4777.608 -2417.536 1 0.73 60 60 3600
3754.955 -2009.460 1 0.97 60 60 3600
-2662.356 -2891.582 1 1.78 60 60 3600
-3953.681 -3712.266 1 0.66 60 60 3600
3033.799 -2952.474 1 0.38 60 60 3600
-914.135 1584.262 1 0.27 60 60 3600
-2728.041 1595.204 1 1.45 60 60 3600
-3355.239 -919.704 1 1.30 60 60 3600
-1602.596 4478.582 1 0.28 60 60 3600
-2930.238 -126.348 1 0.34 60 60 3600
-4410.535 -3376.213 1 1.38 60 60 3600
-1575.482 3816.751 1 1.53 60 60 3600
1394.808 3265.383 1 1.95 60 60 3600
789.165 1229.318 1 1.23 60 60 3600
-4412.125 -4008.488 1 0.68 60 60 3600
-1286.737 -3247.639 1 0.73 60 60 3600
682.455 2599.556 1 0.29 60 60 3600
1591.487 -277.443 1 1.05 60 60 3600
-3590.895 4058.881 1 0.70 60 60 3600
1001.276 -647.983 1 1.65 60 60 3600
-4844.838 4112.651 1 0.68 60 60 3600
-2280.384 -1002.949 1 1.27 60 60 3600
-2638.209 3746.352 1 0.90 60 60 3600
-4994.832 -124.489 1 0.74 60 60 3600
3948.827 -2836.667 1 1.17 60 60 3600
4546.659 -2293.919 1 0.74 60 60 3600
-2941.940 -3469.121 1 1.23 60 60 3600
52.804 758.390 1 0.26 60 60 3600
-2950.846 1124.510 1 0.38 60 60 3600
-4167.901 1932.092 1 0.77 60 60 3600
-3283.832 3644.338 1 1.91 60 60 3600
4643.899 -4458.923 1 1.52 60 60 3600
2295.412 -4529.221 1 1.61 60 60 3600
-1716.124 -479.277 1 0.85 60 60 3600
